0.75
1.74
2.71
3.66
4.56
5.53
6.46
7.46
8.36
9.29
10.25
11.18
12.04
12.93
13.79
14.64
15.48
16.29
17.13
17.97
18.79
19.64
20.52
21.3
22.14
22.99
23.79
24.61
25.39
26.23
26.99
27.83
28.59
29.39
30.19
31.02
31.9
32.79
33.66
34.7
35.69
36.7
37.78
38.76
39.72
40.67
41.63
42.63
43.64
44.56
45.55
46.59
47.56
48.58
49.39
50.2
50.99
51.77
52.6
53.53
54.52
55.65
56.66
57.77
58.9
59.94
61.0
61.99
63.01
64.09
65.12
66.12
67.2
68.18
69.28
70.26
71.35
72.28
73.27
74.27
75.17
76.05
76.92
77.73
78.57
79.32
80.09
80.86
81.66
82.43
83.17
83.97
84.71
85.47
86.25
87.02
87.77
88.51
89.31
90.01
90.67
91.39
92.1
92.82
93.56
94.36
95.13
95.91
96.74
97.58
98.43
99.28
100.08
100.86
101.59
102.36
103.09
103.87
104.62
105.36
106.09
106.87
107.54
108.23
108.9
109.6
110.24
110.95
111.63
112.36
113.05
113.69
114.38
115.04
115.7
116.38
117.12
117.78
118.52
119.18
119.94
120.63
121.38
122.14
122.91
123.65
124.48
125.45
126.32
127.28
128.23
129.18
130.15
131.1
131.99
132.86
133.74
134.64
135.62
136.61
137.59
138.56
139.54
140.4
141.31
142.23
143.12
144.0
144.89
145.84
146.88
147.88
148.84
149.77
150.77
151.76
152.75
153.77
154.77
155.78
156.77
157.75
158.65
159.61
160.6
161.61
162.63
163.65
164.56
165.55
166.52
167.44
168.38
169.37
170.11
170.9
171.68
172.4
173.16
173.95
174.7
175.48
176.34
177.31
178.41
179.47
180.4
181.37
182.36
183.17
184.02
184.88
185.74
186.52
187.27
188.09
188.83
189.72
190.65
191.48
192.3
193.17
193.98
194.77
195.54
196.47
197.32
198.25
199.15
200.03
200.95
201.82
202.75
203.61
204.51
205.41
206.26
207.06
207.83
208.64
209.48
210.3
211.27
212.25
213.31
214.41
215.42
216.49
217.56
218.61
219.67
220.68
221.7
222.64
223.67
224.65
225.61
226.64
227.61
228.58
229.57
230.64
231.6
232.58
233.56
234.58
235.49
236.41
237.37
238.29
239.19
240.06
241.02
241.92
242.86
243.75
244.74
245.68
246.65
247.69
248.71
249.72
250.71
251.59
252.47
253.4
254.38
255.4
256.4
257.45
258.39
259.38
260.38
261.41
262.41
263.33
264.19
265.08
266.03
266.88
267.75
268.55
269.38
270.23
271.03
271.79
272.59
273.43
274.16
274.91
275.71
276.47
277.19
277.98
278.77
279.5
280.27
281.07
281.91
282.71
283.51
284.31
285.06
285.85
286.66
287.45
288.22
288.95
289.76
290.53
291.3
292.04
292.78
293.55
294.32
295.16
295.94
296.75
297.72
298.61
299.51
300.48
301.34
302.22
303.14
304.06
304.96
305.9
306.9
307.82
308.81
309.88
310.83
311.85
312.78
313.68
314.6
315.51
316.49
317.46
318.38
319.33
320.24
321.18
322.23
323.23
324.21
325.17
326.16
327.18
328.23
329.17
330.16
331.13
332.17
333.21
334.31
335.28
336.33
337.27
338.35
339.37
340.39
341.49
342.53
343.4
344.29
345.26
346.18
347.15
348.08
348.98
349.98
350.88
351.89
352.85
353.78
354.77
355.77
356.75
357.75
358.75
359.68
360.6
361.58
362.46
363.3
364.11
365.01
365.9
366.72
367.63
368.48
369.41
370.26
371.2
372.14
373.05
373.95
374.87
375.7
376.53
377.32
378.12
378.95
379.78
380.53
381.28
382.05
382.85
383.59
384.35
385.1
385.89
386.66
387.4
388.14
388.91
389.72
390.49
391.19
391.95
392.6
393.32
393.98
394.71
395.4
396.05
396.74
397.48
398.23
398.96
399.76
400.49
401.28
402.0
402.81
403.62
404.39
405.22
406.01
406.86
407.74
408.55
409.42
410.19
411.01
411.79
412.59
413.39
414.12
414.89
415.66
416.49
417.28
418.07
418.82
419.64
420.43
421.2
422.01
422.83
423.6
424.39
425.23
425.96
426.73
427.54
428.3
429.08
429.81
430.58
431.37
432.1
432.85
433.63
434.35
435.13
435.84
436.59
437.32
438.01
438.75
439.49
440.18
440.87
441.49
442.12
442.78
443.39
444.04
444.68
445.31
445.92
446.55
447.19
447.81
448.39
449.0
449.62
450.22
450.9
451.58
452.24
452.86
453.55
454.19
454.87
455.52
456.32
457.14
457.92
458.75
459.52
460.33
461.15
461.94
462.83
463.78
464.69
465.62
466.6
467.49
468.43
469.36
470.28
471.23
472.21
473.12
473.92
474.68
475.37
476.08
476.81
477.52
478.19
478.92
479.64
480.29
480.92
481.53
482.19
482.91
483.66
484.4
485.14
485.84
486.54
487.34
488.15
488.95
489.88
490.86
491.76
492.68
493.65
494.61
495.5
496.44
497.39
498.22
499.14
499.93
500.8
501.63
502.41
503.34
504.23
505.18
506.19
507.19
508.26
509.21
510.25
511.19
512.2
513.1
514.04
514.97
515.89
516.78
517.59
518.46
519.31
520.19
521.0
521.82
522.78
523.7
524.65
525.56
526.48
527.38
528.37
529.28
530.33
531.32
532.21
533.12
534.02
534.91
535.82
536.65
537.57
538.41
539.32
540.23
541.08
542.02
542.88
543.76
544.7
545.66
546.66
547.62
548.58
549.56
550.4
551.29
552.24
553.13
554.07
555.0
555.87
556.79
557.7
558.62
559.62
560.63
561.6
562.64
563.65
564.65
565.68
566.64
567.6
568.59
569.55
570.58
571.53
572.48
573.45
574.41
575.4
576.24
577.08
577.91
578.83
579.71
580.6
581.51
582.38
583.17
584.01
584.84
585.53
586.27
586.93
587.55
588.18
588.84
589.46
590.12
590.71
591.36
591.95
592.59
593.27
593.9
594.63
595.38
596.07
596.81
597.54
598.2
598.89
599.56
600.28
600.9
601.6
602.26
602.91
603.54
604.23
604.95
605.63
606.37
607.17
607.9
608.68
609.45
610.29
611.09
611.87
612.65
613.47
614.36
615.21
616.13
617.01
617.86
618.74
619.64
620.54
621.35
622.2
623.06
623.95
624.75
625.65
626.47
627.33
628.25
629.13
630.01
630.9
631.88
632.79
633.75
634.67
635.67
636.62
637.53
638.47
639.44
640.39
641.31
642.25
643.17
644.14
645.19
646.29
647.31
648.41
649.43
650.42
651.38
652.28
653.16
653.95
654.79
655.56
656.35
657.18
658.03
658.82
659.65
660.42
661.24
662.01
662.73
663.41
664.15
664.86
665.57
666.26
667.0
667.71
668.55
669.32
670.17
670.96
671.8
672.56
673.25
673.99
674.73
675.48
676.1
676.74
677.43
678.06
678.66
679.24
679.88
680.48
681.13
681.73
682.34
683.0
683.64
684.26
684.93
685.55
686.14
686.76
687.42
688.06
688.71
689.33
689.97
690.61
691.27
691.91
692.53
693.16
693.83
694.46
695.07
695.7
696.41
697.1
697.76
698.43
699.05
699.7
700.35
700.96
701.61
702.24
702.87
703.5
704.23
704.92
705.67
706.4
707.1
707.82
708.52
709.26
