1.73
5.52
9.29
12.92
16.41
20.11
24.1
27.87
31.9
35.66
39.37
43.25
47.04
50.19
53.52
57.76
61.98
66.12
70.26
74.27
77.72
80.84
83.96
86.99
90.0
92.81
95.9
98.43
101.02
103.86
106.87
110.23
114.01
117.76
121.68
125.74
129.71
133.62
137.59
141.31
144.89
148.21
151.76
155.48
159.17
162.88
166.51
170.1
173.16
176.33
180.4
184.0
187.76
191.47
194.72
198.24
201.81
205.4
208.63
212.19
215.71
218.7
221.54
224.6
227.61
231.01
234.57
238.29
242.53
246.64
250.7
254.37
258.38
262.49
266.87
270.54
273.46
276.4
279.52
282.72
285.84
288.94
292.03
295.15
298.6
302.21
305.9
309.43
312.87
316.48
320.77
325.17
329.16
333.21
337.26
340.91
344.67
348.07
351.31
354.76
358.74
362.46
365.6
368.6
372.14
376.1
379.9
383.9
387.87
391.94
396.04
399.75
402.81
406.0
409.42
412.58
415.66
418.81
422.1
425.95
429.75
434.07
438.2
442.09
445.91
449.61
453.9
457.75
461.93
465.7
469.35
473.12
476.07
478.91
481.53
484.05
486.96
490.1
493.64
497.39
500.62
503.33
506.62
510.06
513.66
517.18
520.99
524.65
528.34
532.42
536.65
540.97
545.32
549.55
553.82
557.7
561.58
565.67
569.54
573.45
577.07
580.6
584.25
587.91
591.91
596.0
599.34
602.41
605.6
608.67
612.19
616.12
619.63
623.06
626.46
629.99
633.73
637.52
641.3
645.17
649.41
653.15
656.35
659.64
662.62
665.57
668.28
671.24
674.31
677.43
681.13
684.92
688.33
691.28
693.85
696.65
699.08
701.6
704.22
707.09
