0.28
1.01
1.74
2.49
3.27
4.03
4.77
5.56
6.33
7.11
7.92
8.74
9.63
10.43
11.19
12.01
12.76
13.5
14.21
14.95
15.71
16.51
17.33
18.11
18.89
19.7
20.49
21.27
22.01
22.8
23.57
24.33
25.05
25.77
26.55
27.26
28.0
28.68
29.43
30.12
30.84
31.55
32.21
32.92
33.62
34.32
35.19
36.0
36.8
37.67
38.51
39.29
40.33
41.26
42.3
43.28
44.24
45.18
46.11
47.09
48.09
49.05
50.11
51.1
52.09
53.1
54.01
54.95
55.76
56.69
57.61
58.58
59.46
60.39
61.32
62.3
63.18
64.05
64.96
65.91
66.83
67.72
68.72
69.67
70.57
71.54
72.58
73.5
74.43
75.4
76.3
77.22
78.16
79.13
80.17
81.21
82.35
83.39
84.36
85.37
86.3
87.1
87.9
88.7
89.47
90.19
90.88
91.59
92.25
92.97
93.66
94.34
95.03
95.79
96.49
97.24
98.02
98.74
99.48
100.24
100.97
101.66
102.41
103.09
103.84
104.52
105.26
105.96
106.67
107.36
108.07
108.81
109.48
110.23
110.9
111.65
112.33
113.1
113.87
114.63
115.39
116.31
117.18
118.05
118.99
119.86
120.79
121.69
122.57
123.43
124.36
125.22
126.14
127.02
127.98
128.93
129.85
130.82
131.66
132.55
133.37
134.23
135.12
135.99
136.8
137.65
138.53
139.37
140.22
141.11
142.04
142.94
143.94
144.9
145.79
146.67
147.62
148.42
149.24
150.09
150.88
151.72
152.54
153.35
154.21
155.04
155.92
156.7
157.54
158.29
159.12
159.89
160.66
161.45
162.31
163.14
163.97
164.8
165.59
166.41
167.28
168.06
168.84
169.66
170.4
171.15
171.9
172.61
173.36
174.08
174.88
175.72
176.53
177.34
178.13
178.99
179.87
180.75
181.64
182.49
183.32
184.2
185.0
185.74
186.52
187.34
188.08
188.9
189.66
190.54
191.4
192.32
193.2
194.15
195.02
195.98
196.87
197.77
198.73
199.64
200.61
201.54
202.42
203.27
204.21
205.05
205.96
206.88
207.72
208.59
209.5
210.44
211.31
212.11
212.93
213.7
214.54
215.32
216.18
216.98
217.81
218.68
219.65
220.59
221.6
222.49
223.44
224.41
225.33
226.19
227.16
228.05
228.97
229.99
230.98
231.93
232.98
233.95
234.93
235.91
236.9
237.9
238.89
239.86
240.89
241.89
242.88
243.83
244.8
245.76
246.76
247.69
248.68
249.44
250.18
250.92
251.68
252.45
253.31
254.1
254.92
255.64
256.4
257.13
257.86
258.62
259.39
260.16
260.97
261.79
262.59
263.34
264.08
264.78
265.53
266.27
267.0
267.79
268.55
269.29
270.07
270.81
271.56
272.32
273.12
273.93
274.8
275.7
276.74
277.71
278.62
279.52
280.49
281.32
282.12
283.02
283.84
284.73
285.65
286.62
287.56
288.52
289.46
290.35
291.36
292.27
293.24
294.22
295.17
296.13
297.12
298.06
298.93
299.86
300.83
301.79
302.72
303.72
304.68
305.58
306.54
307.59
308.58
309.55
310.58
311.59
312.53
313.39
314.33
315.35
316.27
317.26
318.23
319.34
320.39
321.42
322.45
323.5
324.42
325.37
326.43
327.4
328.43
329.28
330.16
330.99
331.89
332.7
333.48
334.29
335.08
335.93
336.7
337.52
338.32
339.16
339.95
340.67
341.45
342.13
342.84
343.5
344.21
344.89
345.64
346.35
347.09
347.79
348.55
349.28
349.98
350.76
351.52
352.25
353.01
353.81
354.59
355.38
356.12
356.87
357.67
358.34
359.06
359.74
360.48
361.26
362.0
362.75
363.48
364.26
364.98
365.73
366.51
367.21
367.96
368.62
369.34
370.05
370.7
371.36
372.05
372.74
373.39
374.08
374.75
375.44
376.2
376.92
377.64
378.36
379.08
379.76
380.56
381.37
382.14
382.96
383.75
384.52
385.33
386.1
386.92
387.87
388.75
389.73
390.65
391.65
392.67
393.67
394.74
395.71
396.76
397.7
398.69
399.55
400.47
401.35
402.2
403.02
403.97
404.94
405.89
406.88
407.79
408.66
409.56
410.4
411.28
412.21
413.14
414.01
414.96
415.91
416.85
417.83
418.81
419.79
420.72
421.69
422.71
423.65
424.61
425.51
426.48
427.41
428.4
429.31
430.28
431.23
432.19
433.19
434.15
435.06
436.05
437.0
437.99
438.82
439.61
440.43
441.27
442.06
442.94
443.77
444.55
445.43
446.21
447.09
447.89
448.74
449.54
450.26
451.01
451.74
452.43
453.14
453.87
454.68
455.44
456.28
457.05
457.9
458.75
459.66
460.54
461.31
462.15
462.98
463.82
464.59
465.49
466.35
467.28
468.19
469.1
470.08
471.22
472.16
473.11
474.04
475.02
475.82
476.61
477.38
478.2
478.96
479.78
480.54
481.31
482.1
482.85
483.63
484.36
485.16
485.98
486.79
487.7
488.51
489.39
490.23
491.1
492.02
492.87
493.74
494.59
495.5
496.34
497.25
498.2
499.14
500.08
500.99
501.91
502.88
503.83
504.75
505.72
506.65
507.5
508.4
509.19
509.98
510.73
511.47
512.19
512.94
513.67
514.47
515.25
516.01
516.77
517.6
518.38
519.08
519.83
520.56
521.26
521.95
522.65
523.4
524.17
524.89
525.8
526.64
527.47
528.4
529.3
530.22
531.14
532.11
533.07
534.07
535.05
535.99
536.92
537.77
538.65
539.57
540.42
541.33
542.14
543.02
543.77
544.54
545.44
546.3
547.13
548.08
549.0
549.88
550.76
551.68
552.57
553.46
554.49
555.43
556.47
557.36
558.27
559.13
560.06
560.92
561.82
562.75
563.61
564.54
565.43
566.31
567.21
568.16
569.07
569.9
570.73
571.56
572.41
573.25
574.08
574.96
575.85
576.67
577.57
578.39
579.27
580.07
580.86
581.63
582.44
583.24
584.06
584.92
585.79
586.59
587.45
588.33
589.15
590.09
590.98
591.9
592.89
593.87
594.82
595.64
596.54
597.38
598.28
599.16
600.06
600.9
601.81
602.71
603.61
604.51
605.53
606.56
607.59
608.58
609.57
610.46
611.41
612.35
613.21
614.12
615.07
616.03
616.96
617.84
618.79
619.72
620.7
621.7
622.64
623.6
624.58
625.59
626.57
627.57
628.6
629.68
630.6
631.53
632.49
633.39
634.34
635.23
636.19
637.14
638.07
639.03
639.94
640.91
641.85
642.82
643.71
644.56
645.34
646.1
646.81
647.55
648.26
648.98
649.71
650.43
651.13
651.88
652.57
653.24
653.91
654.58
655.25
655.94
656.55
657.18
657.83
658.46
659.06
659.8
660.49
661.16
661.89
662.56
663.28
663.97
664.68
665.41
666.21
666.97
667.66
668.33
669.03
669.72
670.41
671.07
671.79
672.5
673.18
673.86
674.62
675.32
676.03
676.77
677.55
678.27
679.03
679.75
680.48
681.15
681.88
682.6
683.25
683.86
684.49
685.12
685.72
686.27
686.86
687.43
688.09
688.71
689.32
689.95
690.58
691.22
691.86
692.45
693.06
693.69
694.27
694.88
695.56
696.19
696.88
697.49
698.1
698.69
699.33
699.88
700.48
701.07
701.62
702.21
