3.26
6.32
9.1
12.0
14.95
18.11
21.27
24.33
27.25
30.11
32.92
36.0
39.29
43.26
47.1
51.09
54.95
58.58
62.31
65.91
69.64
73.49
77.21
80.77
83.95
87.09
90.18
92.96
95.79
98.74
101.67
104.52
107.35
110.23
113.1
116.14
119.3
122.22
125.22
128.24
131.38
134.7
138.13
141.57
145.14
148.8
152.53
155.9
159.13
162.31
165.59
168.83
171.9
174.88
178.12
181.59
184.99
188.07
191.39
195.0
198.72
202.42
205.95
209.49
212.92
216.18
219.65
223.43
227.15
230.97
234.93
238.88
242.86
246.75
250.17
253.32
256.36
259.39
262.58
265.55
268.55
271.93
275.69
279.45
283.09
287.11
290.92
294.22
297.11
300.51
304.24
308.29
312.17
316.26
320.38
324.62
328.43
331.88
335.07
338.32
341.44
344.21
347.74
351.14
354.58
357.67
360.47
363.46
366.07
368.59
371.01
373.42
376.19
379.08
382.13
385.32
388.74
392.67
396.76
400.47
403.96
407.79
411.26
414.95
418.8
422.33
425.77
429.28
433.12
436.99
440.42
443.75
447.1
450.25
453.18
456.14
459.05
462.14
465.43
468.58
471.52
474.04
476.6
479.26
482.1
485.16
488.65
492.34
496.05
499.92
503.82
507.49
510.72
513.67
516.52
519.18
521.95
524.89
528.4
532.11
535.98
539.51
543.01
545.97
548.72
551.27
553.84
556.46
559.12
561.82
564.53
567.21
569.92
573.24
576.67
579.92
583.24
586.58
590.05
593.16
596.54
600.05
603.6
607.58
611.41
615.06
618.78
622.64
626.56
630.6
634.33
638.03
641.84
645.34
648.26
651.13
654.58
658.19
661.88
665.41
668.32
671.06
673.86
676.77
680.06
683.24
686.56
689.71
692.77
695.55
698.09
700.48
