2.99
7.3
11.64
15.92
20.01
24.08
28.01
32.27
36.3
40.16
43.42
46.64
50.15
53.47
56.81
60.73
65.01
69.35
73.7
77.95
81.64
85.23
88.59
91.69
94.74
97.75
100.75
103.87
106.93
110.05
112.93
115.78
118.58
121.59
125.01
128.59
132.2
135.8
139.26
142.04
145.22
148.99
152.65
156.47
160.55
164.74
168.91
173.0
176.87
181.07
185.22
189.36
193.12
196.73
200.37
203.8
207.49
211.28
215.04
218.78
222.71
226.42
230.24
234.26
238.04
241.71
245.26
248.85
252.39
255.47
258.41
261.55
265.24
268.76
272.5
276.42
280.66
285.01
288.79
292.53
296.25
300.39
304.1
308.14
312.34
316.37
320.34
324.13
328.03
331.5
334.64
338.4
342.22
345.94
349.92
353.83
358.07
361.84
365.45
369.05
372.9
376.64
380.4
384.28
387.88
391.55
395.27
399.31
403.69
407.95
412.1
415.51
418.61
422.16
426.04
429.79
433.51
437.27
440.72
444.14
447.35
450.61
453.96
457.19
460.72
464.99
469.1
473.05
477.19
481.01
485.02
488.75
492.2
495.52
499.13
502.58
505.74
509.06
512.41
515.98
519.84
524.04
528.15
532.11
536.17
540.21
544.27
548.27
552.53
556.58
560.36
563.86
567.61
571.47
575.73
580.05
584.35
588.68
592.9
597.02
601.27
605.64
609.75
613.99
618.05
622.26
626.06
629.86
633.06
635.65
638.2
640.91
643.48
