1.0
1.97
3.0
4.12
5.13
6.26
7.31
8.44
9.47
10.62
11.65
12.77
13.89
14.96
16.0
16.99
17.98
19.0
20.02
21.06
22.06
23.16
24.24
25.37
26.27
27.17
28.02
28.91
29.84
30.67
31.48
32.33
33.31
34.19
35.25
36.31
37.33
38.31
39.34
40.37
41.37
42.47
43.49
44.57
45.7
46.64
47.51
48.39
49.25
50.19
51.04
51.98
52.86
53.82
54.7
55.64
56.61
57.52
58.59
59.71
60.73
61.86
62.88
63.92
65.02
66.16
67.24
68.33
69.36
70.4
71.49
72.58
73.71
74.74
75.73
76.75
77.7
78.73
79.69
80.72
81.63
82.5
83.4
84.32
85.24
86.17
87.06
87.84
88.61
89.38
90.16
90.93
91.7
92.45
93.23
93.99
94.75
95.49
96.27
97.01
97.75
98.5
99.27
100.04
100.76
101.52
102.31
103.09
103.87
104.59
105.33
106.14
106.94
107.69
108.49
109.3
110.06
110.83
111.56
112.32
113.08
113.88
114.64
115.36
116.13
116.91
117.68
118.44
119.22
119.97
120.76
121.59
122.43
123.4
124.46
125.51
126.51
127.58
128.6
129.65
130.63
131.63
132.68
133.7
134.84
135.93
136.95
137.95
138.9
139.87
140.84
141.76
142.76
143.67
144.64
145.66
146.73
147.75
148.71
149.65
150.55
151.5
152.36
153.25
154.18
155.03
155.93
156.75
157.51
158.31
159.1
159.92
160.7
161.46
162.25
163.05
163.91
164.75
165.61
166.4
167.19
167.98
168.75
169.5
170.26
171.03
171.81
172.67
173.57
174.44
175.29
176.26
177.33
178.33
179.38
180.47
181.57
182.71
183.75
184.86
185.98
186.97
187.92
188.88
189.96
190.94
191.99
193.12
194.11
195.16
196.18
197.24
198.32
199.31
200.37
201.37
202.44
203.45
204.32
205.14
206.01
206.91
207.75
208.53
209.39
210.17
211.03
211.83
212.55
213.27
214.03
214.72
215.4
216.02
216.71
217.34
217.99
218.6
219.22
219.79
220.37
220.96
221.57
222.15
222.71
223.29
223.93
224.56
225.15
225.8
226.43
227.04
227.67
228.35
229.07
229.84
230.59
231.31
232.03
232.77
233.51
234.27
235.02
235.8
236.54
237.3
238.04
238.84
239.64
240.53
241.37
242.2
243.1
243.95
244.86
245.66
246.44
247.28
248.04
248.86
249.73
250.66
251.57
252.41
253.28
254.11
255.0
255.87
256.69
257.55
258.37
259.26
259.96
260.71
261.56
262.48
263.37
264.3
265.24
266.1
266.91
267.77
268.56
269.37
270.19
270.87
271.54
272.29
272.97
273.7
274.43
275.18
275.87
276.6
277.35
278.09
278.82
279.59
280.29
281.07
281.75
282.47
283.23
283.91
284.66
285.45
286.17
286.92
287.78
288.58
289.39
290.22
291.17
292.1
293.0
293.95
294.87
295.75
296.7
297.61
298.51
299.43
300.4
301.33
302.22
303.21
304.11
305.13
306.15
307.11
308.15
309.22
310.24
311.23
312.31
313.27
314.3
315.37
316.38
317.33
318.28
319.29
320.35
321.25
322.23
323.14
324.14
325.08
326.02
326.99
328.03
329.02
329.97
330.97
331.89
332.84
333.8
334.66
335.58
336.45
337.31
338.16
339.12
340.07
341.06
341.98
342.92
343.93
344.97
345.94
346.92
347.89
348.91
349.93
350.9
351.9
352.83
353.84
354.94
355.96
356.98
358.08
359.03
360.02
361.02
361.86
362.75
363.68
364.6
365.46
366.4
367.25
368.19
369.06
370.03
370.95
371.9
372.9
373.85
374.75
375.72
376.65
377.63
378.6
379.47
380.41
381.28
382.16
383.08
383.97
384.87
385.68
386.51
387.31
388.06
388.78
389.49
390.19
390.85
391.57
392.24
392.92
393.64
394.37
395.05
395.76
396.47
397.22
398.0
398.71
399.5
400.24
400.99
401.68
402.35
403.0
403.69
404.34
405.01
405.63
406.26
406.95
407.6
408.29
409.03
409.73
410.44
411.13
411.87
412.59
413.32
414.0
414.75
415.5
416.34
417.22
418.05
418.96
419.87
420.84
421.83
422.79
423.69
424.68
425.59
426.58
427.54
428.52
429.44
430.31
431.23
432.18
433.05
433.88
434.76
435.61
436.41
437.28
438.12
438.97
439.88
440.73
441.55
442.46
443.3
444.15
444.95
445.75
446.5
447.35
448.11
448.98
449.75
450.62
451.46
452.27
453.15
453.99
454.8
455.58
456.38
457.2
458.01
458.84
459.76
460.74
461.8
462.8
463.92
465.0
466.06
467.08
468.05
469.11
470.05
471.1
472.07
473.06
474.15
475.2
476.16
477.19
478.24
479.2
480.27
481.34
482.4
483.46
484.58
485.65
486.68
487.64
488.53
489.45
490.4
491.36
492.24
493.22
494.07
495.0
495.91
496.77
497.72
498.63
499.47
500.37
501.25
502.1
502.93
503.72
504.58
505.36
506.24
507.02
507.86
508.73
509.53
510.29
511.09
511.93
512.61
513.25
513.95
514.65
515.33
515.99
516.67
517.34
518.11
518.81
519.53
520.3
520.99
521.76
522.49
523.18
523.95
524.64
525.39
526.14
526.93
527.67
528.47
529.22
529.97
530.74
531.53
532.41
533.24
534.08
534.9
535.78
536.64
537.57
538.41
539.36
540.22
541.26
542.27
543.31
544.28
545.18
546.13
547.12
547.99
548.9
549.79
550.75
551.66
552.54
553.43
554.38
555.33
556.22
557.19
558.08
559.02
560.01
560.86
561.81
562.68
563.58
564.41
565.29
566.26
567.15
568.08
568.99
569.93
570.69
571.49
572.29
572.94
573.61
574.23
574.86
575.5
576.14
576.78
577.45
578.08
578.73
579.41
580.06
580.67
581.3
581.91
582.52
583.12
583.72
584.34
585.12
585.82
586.58
587.3
588.0
588.69
589.36
590.12
590.82
591.55
592.27
592.92
593.6
594.29
594.95
595.59
596.32
597.02
597.77
598.45
599.27
600.05
600.8
601.58
602.42
603.3
604.12
605.04
605.98
606.92
607.79
608.69
609.54
610.35
611.16
611.91
612.71
613.56
614.34
615.16
616.02
616.8
617.64
618.41
619.16
619.95
620.76
621.48
622.27
623.04
623.78
624.5
625.27
626.06
626.81
627.58
628.38
629.16
629.88
630.74
631.57
632.39
633.26
634.14
635.04
636.0
636.91
637.86
638.81
639.9
640.91
641.94
642.98
644.07
645.08
