0.46
1.26
2.09
2.89
3.7
4.47
5.23
5.94
6.68
7.42
8.09
8.8
9.45
10.14
10.87
11.54
12.21
12.91
13.66
14.35
15.04
15.8
16.6
17.33
18.12
18.84
19.62
20.39
21.1
21.85
22.61
23.38
24.17
24.97
25.72
26.54
27.32
28.09
28.87
29.62
30.41
31.16
31.91
32.73
33.51
34.41
35.24
36.16
37.01
37.86
38.79
39.6
40.41
41.18
41.99
42.76
43.62
44.48
45.35
46.23
47.04
47.9
48.94
49.98
51.02
52.01
53.02
54.05
55.06
56.11
57.03
57.99
58.97
59.96
60.89
61.85
62.66
63.5
64.34
65.22
66.04
66.86
67.7
68.43
69.14
69.89
70.64
71.26
71.83
72.43
73.06
73.63
74.25
74.85
75.31
75.75
76.21
76.67
77.13
77.6
78.03
78.43
78.85
79.28
79.69
80.13
80.55
80.96
81.35
81.78
82.19
82.59
82.99
83.4
83.82
84.22
84.63
85.05
85.46
85.87
86.28
86.69
87.09
87.47
87.87
88.28
88.67
89.07
89.49
89.91
90.32
90.72
91.12
91.55
91.94
92.34
92.71
93.1
93.49
93.91
94.31
94.7
95.1
95.54
95.96
96.4
96.83
97.25
97.67
98.1
98.55
98.95
99.38
99.81
100.21
100.63
101.07
101.48
101.91
102.32
102.74
103.15
103.55
103.97
104.37
104.78
105.17
105.57
105.97
106.38
106.79
107.21
107.63
108.04
108.44
108.85
109.26
109.67
110.09
110.5
110.91
111.32
111.77
112.2
112.62
113.03
113.46
113.87
114.28
114.71
115.18
115.64
116.12
116.66
117.17
117.65
118.16
118.65
119.16
119.72
120.25
120.78
121.28
121.85
122.41
122.96
123.5
124.11
124.71
125.3
125.86
126.45
127.04
127.66
128.25
128.87
129.5
130.12
130.71
131.36
131.93
132.56
133.13
133.74
134.33
134.96
135.55
136.11
136.7
137.32
137.9
138.49
139.03
139.57
140.13
140.66
141.25
141.82
142.4
142.94
143.54
144.26
145.03
145.75
146.47
147.25
148.01
148.8
149.56
150.35
151.08
151.88
152.61
153.38
154.14
154.89
155.68
156.49
157.24
157.99
158.8
159.53
160.35
161.27
162.12
163.06
163.92
164.85
165.71
166.69
167.67
168.58
169.57
170.59
171.55
172.52
173.56
174.5
175.51
176.61
177.74
178.77
179.87
180.89
182.0
183.08
184.19
185.22
186.25
187.27
188.26
189.15
189.97
190.82
191.67
192.45
193.24
194.07
194.89
195.67
196.47
197.29
198.08
198.91
199.77
200.57
201.43
202.25
203.03
203.76
204.55
205.34
206.08
206.87
207.67
208.42
209.19
210.01
210.75
211.57
212.41
213.22
214.01
214.84
215.63
216.45
217.21
218.05
218.85
219.62
220.37
221.14
221.93
222.65
223.44
224.14
224.9
225.6
226.35
227.09
227.71
228.37
228.98
229.63
230.23
230.88
231.54
232.25
232.92
233.59
234.23
234.89
235.6
236.31
237.0
237.68
238.4
239.08
239.84
240.6
241.32
242.04
242.78
243.52
244.3
245.0
245.75
246.5
247.27
248.01
248.8
249.59
250.35
251.27
252.16
253.01
253.9
254.81
255.67
256.61
257.47
258.35
259.09
259.87
260.6
261.4
262.13
262.92
263.68
264.48
265.25
266.05
266.82
267.54
268.34
269.06
269.82
270.59
271.35
272.1
272.8
273.54
274.32
275.08
275.82
276.58
277.39
278.26
279.06
279.95
280.78
281.6
282.52
283.41
284.27
285.17
286.15
287.1
288.07
288.98
290.01
290.93
291.93
292.92
293.94
294.93
296.01
297.0
298.1
299.11
300.15
301.2
302.2
303.21
304.24
305.26
306.17
307.09
308.03
308.93
309.88
310.85
311.75
312.7
313.63
314.58
315.5
316.41
317.28
318.11
318.96
319.79
320.58
321.42
322.27
323.14
323.99
324.79
325.6
326.46
327.22
328.02
328.83
329.66
330.44
331.23
332.02
332.86
333.47
334.14
334.78
335.44
336.08
336.76
337.42
338.1
338.84
339.55
340.24
340.93
341.7
342.41
343.12
343.89
344.59
345.27
346.01
346.71
347.41
348.15
348.85
349.53
350.28
350.95
351.69
352.44
353.21
353.98
354.73
355.48
356.27
356.94
357.65
358.36
359.06
359.79
360.57
361.59
362.55
363.5
364.48
365.52
366.5
367.5
368.57
369.5
370.5
371.47
372.36
373.21
374.14
375.02
375.84
376.71
377.62
378.43
379.26
380.02
380.8
381.57
382.34
383.13
383.94
384.72
385.45
386.26
387.01
387.76
388.53
389.34
390.11
390.89
391.65
392.51
393.38
394.21
395.28
396.38
397.37
398.41
399.4
400.46
401.45
402.47
403.56
404.57
405.64
406.68
407.68
408.79
409.77
410.7
411.55
412.48
413.33
414.26
415.12
415.98
416.78
417.66
418.53
419.41
420.25
421.1
421.95
422.91
423.83
424.71
425.67
426.61
427.56
428.45
429.46
430.48
431.53
432.6
433.64
434.64
435.7
436.78
437.81
438.94
439.97
441.03
442.15
443.19
444.3
445.41
446.47
447.51
448.56
449.6
450.56
451.56
452.42
453.29
454.12
454.92
455.74
456.52
457.27
458.08
458.88
459.67
460.47
461.3
462.14
462.94
463.75
464.56
465.34
466.17
466.91
467.69
468.47
469.31
470.09
470.9
471.79
472.69
473.55
474.42
475.27
476.05
476.87
477.71
478.57
479.39
480.25
481.15
482.02
482.89
483.81
484.69
485.62
486.63
487.56
488.53
489.49
490.44
491.53
492.54
493.64
494.72
495.72
496.74
497.83
498.88
499.91
500.91
501.92
502.86
503.9
504.82
505.84
506.79
507.75
508.68
509.72
510.77
511.87
512.91
513.87
514.84
515.84
516.85
517.8
518.79
519.72
520.69
521.67
522.57
523.37
524.24
525.06
525.97
526.9
527.78
528.65
529.56
530.49
531.33
532.22
533.08
534.01
534.95
535.87
536.85
537.86
538.85
539.86
540.83
541.82
542.85
543.92
544.94
546.02
547.08
547.98
548.93
549.76
550.55
551.4
552.22
553.0
553.77
554.48
555.21
555.91
556.66
557.43
558.19
558.96
559.76
560.55
561.33
562.16
563.07
563.96
564.81
565.61
566.37
567.16
567.95
568.75
569.51
570.31
571.15
571.94
572.67
573.38
574.15
574.92
575.76
576.59
577.38
578.2
578.98
579.85
580.64
581.51
582.35
583.22
584.1
585.06
586.01
586.96
587.89
588.72
589.56
590.39
591.25
592.04
592.82
593.61
594.43
595.22
595.98
596.75
597.54
598.27
599.05
599.84
600.57
601.29
602.04
602.73
