4.33
8.09
11.53
14.94
18.12
21.08
24.18
27.32
30.4
33.5
36.46
39.6
42.75
46.22
49.98
54.04
57.98
61.84
66.04
70.23
73.99
77.6
81.32
84.63
87.86
91.12
94.44
97.82
101.09
104.36
107.62
110.9
114.27
117.42
120.58
123.75
126.91
130.11
133.73
137.31
141.1
144.83
148.49
152.26
156.03
159.82
163.66
167.65
171.54
175.51
179.87
183.5
186.67
189.97
193.66
197.67
201.9
206.08
210.0
213.61
217.18
220.36
223.44
226.86
230.87
234.66
238.39
241.31
244.27
247.26
250.35
253.89
257.47
261.08
265.06
268.99
272.1
275.07
278.25
281.59
285.17
288.99
292.91
296.99
301.2
305.27
308.93
312.69
316.4
319.78
323.14
326.46
329.66
332.83
335.43
338.1
340.63
343.08
345.71
348.6
351.69
354.73
357.64
360.56
363.5
366.48
369.52
372.67
375.8
379.03
382.68
386.65
390.89
395.27
399.39
403.55
407.69
411.54
415.12
418.52
421.94
425.67
429.45
432.8
436.23
439.79
443.48
447.51
451.56
454.91
458.07
461.29
464.55
467.69
470.9
474.41
477.71
481.15
484.69
488.52
492.53
496.73
500.9
504.82
508.68
512.34
516.49
520.68
524.89
528.84
532.64
536.82
540.83
544.67
548.5
552.21
555.2
558.19
561.32
564.8
567.94
571.15
574.14
577.37
580.46
583.21
585.68
588.12
590.74
593.69
596.74
599.82
