0.46
1.42
2.35
3.26
4.16
5.12
6.03
7.02
8.06
9.03
10.05
11.18
12.25
13.33
14.4
15.55
16.62
17.71
18.72
19.8
20.86
21.8
22.67
23.62
24.57
25.5
26.43
27.38
28.36
29.28
30.22
31.04
31.83
32.59
33.42
34.2
34.94
35.76
36.53
37.28
38.13
39.01
39.83
40.64
41.48
42.32
43.25
44.1
45.03
45.86
46.76
47.56
48.39
49.18
49.97
50.71
51.53
52.29
53.12
53.88
54.69
55.47
56.27
56.94
57.61
58.29
58.8
59.35
59.84
60.36
60.88
61.42
61.92
62.47
62.99
63.49
63.98
64.49
65.03
65.51
66.05
66.54
67.05
67.56
68.03
68.53
69.04
69.55
70.09
70.59
71.04
71.51
71.99
72.47
72.91
73.37
73.83
74.3
74.78
75.26
75.73
76.18
76.65
77.12
77.62
78.08
78.61
79.08
79.61
80.08
80.6
81.06
81.54
82.04
82.52
82.99
83.47
83.95
84.37
84.81
85.24
85.67
86.1
86.52
86.96
87.39
87.83
88.25
88.68
89.1
89.51
89.92
90.35
90.77
91.19
91.6
92.03
92.45
92.84
93.24
93.64
94.03
94.42
94.81
95.18
95.56
95.94
96.33
96.73
97.12
97.5
97.89
98.3
98.67
99.09
99.49
99.87
100.27
100.69
101.07
101.49
101.89
102.29
102.67
103.09
103.47
103.9
104.3
104.73
105.16
105.56
105.96
106.38
106.82
107.24
107.64
108.08
108.48
108.92
109.32
109.76
110.17
110.58
111.02
111.48
111.92
112.35
112.78
113.24
113.67
114.12
114.56
115.03
115.48
115.88
116.28
116.71
117.12
117.51
117.92
118.32
118.72
119.15
119.56
120.0
120.4
120.84
121.34
121.81
122.3
122.76
123.25
123.72
124.25
124.74
125.32
125.87
126.4
126.98
127.55
128.16
128.74
129.3
129.88
130.49
131.08
131.64
132.23
132.85
133.46
134.05
134.69
135.28
135.89
136.53
137.12
137.77
138.36
138.99
139.59
140.15
140.76
141.31
141.9
142.5
143.1
143.67
144.25
144.82
145.37
145.91
146.5
147.1
147.75
148.38
148.98
149.63
150.24
150.88
151.53
152.1
152.73
153.31
153.9
154.55
155.15
155.77
156.39
157.09
157.83
158.51
159.17
159.83
160.64
161.49
162.34
163.14
163.99
164.91
165.88
166.69
167.53
168.34
169.17
170.12
171.02
171.82
172.67
173.51
174.28
175.11
175.91
176.71
177.54
178.4
179.21
180.04
180.89
181.72
182.51
183.35
184.21
185.0
185.91
186.82
187.69
188.62
189.46
190.35
191.19
192.1
193.0
193.84
194.74
195.67
196.58
197.58
198.59
199.4
200.23
201.1
201.92
202.69
203.52
204.35
205.15
206.07
206.91
207.76
208.65
209.47
210.33
211.17
212.03
212.82
213.61
214.39
215.23
216.0
216.89
217.85
218.76
219.75
220.67
221.65
222.69
223.65
224.55
225.51
226.45
227.38
228.3
229.26
230.11
230.98
231.76
232.54
233.36
234.18
234.98
235.8
236.65
237.42
238.28
239.08
239.92
240.72
241.57
242.45
243.37
244.36
245.27
246.28
247.22
248.2
249.17
250.3
251.4
252.43
253.52
254.63
255.76
256.8
257.81
258.84
259.91
260.95
261.98
263.02
264.1
265.04
266.03
267.04
268.06
269.14
270.17
271.03
271.87
272.73
273.58
274.42
275.19
275.97
276.68
277.43
278.2
278.94
279.78
280.69
281.54
282.4
283.35
284.21
285.22
286.22
287.16
288.15
289.19
290.16
291.21
292.17
293.08
293.98
294.82
295.71
296.75
297.73
298.83
299.84
300.83
301.8
302.73
303.74
304.72
305.63
306.59
307.6
308.64
309.74
310.65
311.52
312.31
313.09
313.93
314.69
315.53
316.29
317.18
318.04
318.81
319.62
320.45
321.22
322.0
322.83
323.6
324.36
325.17
325.93
326.61
327.32
327.98
328.68
329.37
330.08
330.81
331.5
332.25
332.95
333.69
334.48
335.21
335.95
336.72
337.52
338.27
339.05
339.85
340.62
341.48
342.38
343.25
344.14
344.98
345.84
346.75
347.58
348.47
349.4
350.32
351.18
352.08
352.98
353.87
354.83
355.76
356.68
357.62
358.62
359.56
360.53
361.5
362.46
363.39
364.44
365.43
366.46
367.48
368.49
369.54
370.61
371.71
372.84
373.91
374.97
375.94
376.92
377.87
378.76
379.62
380.5
381.31
382.14
383.2
384.24
385.36
386.39
387.43
388.52
389.67
390.76
391.81
392.84
393.83
394.9
395.76
396.69
397.62
398.53
399.49
400.42
401.33
402.21
403.03
403.91
404.81
405.77
406.79
407.82
408.78
409.67
410.61
411.55
412.5
413.37
414.29
415.27
416.18
416.99
417.77
418.49
419.26
419.98
420.69
421.44
422.18
422.88
423.63
424.38
425.07
425.88
426.62
427.45
428.22
428.99
429.78
430.61
431.39
432.15
432.94
433.73
434.52
435.35
436.12
436.93
437.72
438.47
439.31
440.09
440.88
441.65
442.41
443.15
443.9
444.61
445.25
445.9
446.56
447.24
447.92
448.57
449.13
449.71
450.28
450.83
451.43
451.99
452.54
453.11
453.79
454.54
455.29
456.05
456.77
457.52
458.29
459.24
460.19
461.07
462.02
462.92
463.87
464.78
465.72
466.65
467.58
468.54
469.48
470.34
471.26
472.13
472.98
473.85
474.64
475.36
476.08
476.85
477.59
478.26
478.98
479.67
480.4
481.11
481.77
482.46
483.28
484.06
484.86
485.64
486.42
487.22
487.99
488.7
489.44
490.14
490.89
491.62
492.24
492.87
493.54
494.15
494.78
495.46
496.07
496.74
497.44
498.12
498.8
499.6
500.36
501.14
501.82
502.54
503.19
503.88
504.55
505.26
505.95
506.6
507.23
507.93
508.59
509.3
510.07
510.84
511.55
512.34
513.05
513.84
514.58
515.37
516.1
516.93
517.69
518.47
519.3
520.08
520.82
521.61
522.37
523.11
523.86
524.71
525.51
526.29
527.1
527.89
528.64
529.45
530.26
531.07
531.86
532.67
533.44
534.28
535.12
536.08
536.86
537.6
538.37
539.04
539.71
540.38
541.07
541.67
542.3
542.96
543.58
544.21
544.82
545.48
546.15
546.84
547.57
548.3
549.04
549.68
550.28
550.91
551.54
552.13
552.75
553.38
554.0
554.62
555.24
555.83
556.45
557.08
557.66
558.26
558.82
559.44
560.03
560.58
561.16
561.76
562.33
562.92
563.5
564.16
564.76
565.41
566.08
566.75
567.38
568.1
568.78
569.5
570.24
570.95
571.64
572.4
573.12
573.9
574.69
575.46
576.38
577.29
578.21
579.1
579.86
580.67
581.5
582.35
583.14
584.02
584.89
585.8
586.62
587.41
588.26
589.06
589.84
590.64
591.44
592.26
593.14
594.03
594.89
595.77
596.61
597.49
598.32
599.12
599.93
600.76
601.54
602.36
603.12
603.99
604.93
605.78
606.73
607.63
608.7
609.75
610.76
611.74
612.69
613.6
614.58
615.48
616.42
617.4
618.23
619.02
619.85
620.73
621.59
622.41
623.28
624.08
624.93
625.86
626.7
627.59
628.5
629.42
630.28
631.23
632.1
633.08
633.98
634.91
635.91
636.81
637.79
638.68
639.6
640.45
641.28
642.1
642.98
643.76
644.59
645.46
646.25
647.09
648.0
648.96
649.8
650.63
651.4
652.22
653.02
653.79
654.55
655.31
656.06
656.84
657.63
658.42
659.16
659.96
660.64
661.3
661.95
662.62
663.33
664.01
664.68
665.38
666.02
666.66
667.31
667.92
668.57
669.17
669.79
670.45
671.06
671.77
672.48
673.2
673.98
674.72
675.37
675.98
676.66
677.32
677.97
678.59
679.23
679.96
680.61
681.31
682.03
682.66
683.32
683.97
684.63
685.25
685.92
686.53
687.19
687.83
688.4
689.01
689.61
690.19
690.77
691.39
691.98
692.59
693.18
693.8
694.43
694.97
695.55
696.13
696.59
697.07
697.48
697.9
698.3
698.72
699.12
699.54
699.95
700.36
700.74
701.15
701.54
701.94
702.36
702.76
703.15
703.54
703.94
704.36
704.76
705.14
705.52
705.93
706.3
706.69
707.08
