3.25
7.01
11.18
15.54
19.79
23.61
27.38
31.1
34.89
38.57
42.31
45.86
49.15
52.28
55.46
59.34
63.48
67.57
71.37
75.02
79.08
82.98
86.5
89.9
93.23
96.33
99.51
102.49
105.56
108.91
112.35
115.87
119.14
122.59
126.16
129.85
133.45
137.11
140.82
144.38
147.77
150.88
153.6
156.39
159.16
162.34
165.87
169.16
172.66
175.9
179.2
182.51
185.9
189.46
192.99
196.57
200.23
203.52
206.91
210.32
213.6
216.87
220.65
224.52
228.4
232.36
236.17
239.91
243.62
247.48
251.26
255.06
258.76
262.37
265.94
269.14
272.23
275.19
278.19
281.53
285.2
289.18
293.48
297.73
301.8
305.62
309.74
313.93
318.03
321.99
325.93
330.07
333.82
337.53
340.61
344.13
347.57
351.17
354.83
358.1
361.63
365.42
369.53
373.91
377.87
381.3
385.35
389.67
393.82
397.61
401.32
404.81
408.27
411.54
414.64
417.76
420.68
423.62
426.62
429.78
432.94
436.11
439.3
442.4
445.24
447.92
450.28
452.63
455.28
458.29
462.01
465.71
468.91
472.12
475.35
478.25
481.1
484.05
487.22
490.14
492.87
495.45
498.11
501.11
504.08
507.07
510.06
513.04
516.38
520.08
523.86
527.1
530.25
533.43
536.86
540.22
543.72
547.05
550.27
553.56
556.79
560.06
563.5
567.15
570.94
574.88
578.83
582.34
585.79
589.41
593.13
596.61
599.92
603.15
606.73
610.76
614.21
617.4
620.72
624.08
627.58
631.21
634.89
638.67
642.11
645.45
648.96
652.21
655.3
658.41
661.94
665.65
669.78
673.57
677.31
681.63
685.91
690.18
694.12
697.47
700.73
703.86
