0.4
1.01
1.65
2.29
2.87
3.51
4.1
4.7
5.33
5.95
6.54
7.15
7.75
8.39
9.05
9.72
10.5
11.27
12.0
12.81
13.62
14.37
15.2
15.95
16.78
17.55
18.36
19.14
19.88
20.68
21.49
22.34
23.19
24.0
24.7
25.45
26.15
26.89
27.66
28.37
29.15
29.88
30.61
31.29
31.95
32.61
33.32
33.96
34.64
35.39
36.09
36.8
37.6
38.36
39.11
39.89
40.67
41.46
42.26
43.03
43.75
44.52
45.33
46.1
46.85
47.54
48.19
48.88
49.54
50.2
50.84
51.5
52.15
52.8
53.44
54.07
54.86
55.7
56.47
57.39
58.24
59.12
60.01
60.84
61.73
62.68
63.61
64.62
65.65
66.67
67.61
68.63
69.5
70.43
71.32
72.28
73.13
74.02
74.83
75.62
76.37
77.14
77.97
78.8
79.62
80.48
81.33
82.12
82.95
83.79
84.51
85.26
86.02
86.79
87.55
88.29
89.1
89.83
90.63
91.43
92.28
93.09
93.85
94.7
95.58
96.43
97.27
98.13
98.99
99.81
100.68
101.59
102.41
103.27
104.15
104.99
105.79
106.59
107.35
108.09
108.86
109.66
110.46
111.33
112.15
112.97
113.82
114.74
115.59
116.52
117.38
118.3
119.16
120.12
121.12
122.06
123.02
123.98
124.94
125.87
126.96
128.03
129.12
130.2
131.19
132.22
133.22
134.33
135.37
136.35
137.36
138.31
139.18
139.98
140.83
141.69
142.49
143.37
144.2
144.95
145.75
146.58
147.34
148.23
149.15
149.98
150.86
151.68
152.64
153.51
154.41
155.37
156.23
157.09
157.97
158.8
159.7
160.54
161.55
162.49
163.47
164.4
165.3
166.23
167.17
168.07
169.01
169.95
170.93
171.82
172.77
173.6
174.43
175.27
176.12
177.0
177.85
178.75
179.68
180.53
181.46
182.32
183.17
183.99
184.89
185.71
186.58
187.53
188.38
189.33
190.2
191.08
191.98
192.88
193.71
194.62
195.52
196.4
197.26
198.07
198.95
199.87
200.77
201.82
202.75
203.8
204.73
205.75
206.72
207.76
208.79
209.79
210.76
211.73
212.71
213.8
214.83
215.83
216.76
217.74
218.69
219.63
220.57
221.47
222.41
223.43
224.42
225.41
226.39
227.46
228.44
229.43
230.36
231.31
232.19
233.08
234.01
234.94
235.86
236.74
237.68
238.74
239.7
240.74
241.72
242.77
243.78
244.77
245.83
246.76
247.78
248.73
249.7
250.7
251.7
252.69
253.69
254.68
255.49
256.26
257.1
258.05
258.99
259.93
260.9
261.74
262.65
263.57
264.42
265.31
266.19
267.13
267.99
268.87
269.78
270.65
271.49
272.32
273.15
274.08
274.98
275.91
276.87
277.79
278.64
279.46
280.36
281.36
282.35
283.4
284.32
285.32
286.25
287.14
288.07
289.04
289.96
290.88
291.81
292.63
293.49
294.26
295.08
295.89
296.67
297.39
298.14
298.81
299.5
300.22
300.91
301.54
302.19
302.86
303.54
304.18
304.82
305.44
306.08
306.75
307.38
307.95
308.57
309.17
309.72
310.3
310.89
311.49
312.05
312.64
313.21
313.83
314.54
315.25
315.94
316.6
317.28
318.03
318.71
319.51
320.31
321.17
322.06
322.98
323.84
324.65
325.49
326.31
327.1
327.96
328.9
329.75
330.69
331.55
332.45
333.28
334.07
334.89
335.72
336.61
337.42
338.21
338.95
339.72
340.51
341.27
342.04
342.79
343.59
344.43
345.21
346.0
346.83
347.59
348.44
349.24
350.18
351.11
352.1
353.02
353.93
354.97
356.05
357.11
358.05
359.04
360.08
361.03
362.1
363.13
364.24
365.3
366.35
367.41
368.53
369.64
370.69
371.83
372.86
374.0
375.06
376.14
377.1
378.04
378.99
379.95
380.96
382.02
383.08
384.09
385.05
385.96
386.79
387.61
388.46
389.32
390.22
391.06
391.96
392.8
393.7
394.54
395.42
396.25
397.14
398.01
398.81
399.57
400.4
401.17
401.99
402.86
403.74
404.59
405.52
406.38
407.28
408.19
409.04
410.0
410.9
411.82
412.71
413.56
414.49
415.34
416.29
417.16
418.04
418.99
419.84
420.74
421.66
422.57
423.49
424.39
425.36
426.46
427.41
428.32
429.29
430.22
431.22
432.09
432.98
433.94
434.9
435.8
436.74
437.68
438.6
439.64
440.74
441.78
442.82
443.8
444.76
445.74
446.71
447.7
448.69
449.74
450.74
451.72
452.77
453.87
454.9
455.94
457.04
458.0
458.98
460.0
460.91
461.87
462.77
463.62
464.43
465.28
466.09
466.95
467.68
468.38
469.1
469.91
470.65
471.43
472.22
473.0
473.76
474.57
475.4
476.25
476.99
477.73
478.44
479.19
479.91
480.64
481.41
482.14
482.86
483.58
484.34
485.06
485.83
486.55
487.32
488.07
488.81
489.61
490.33
491.14
491.93
492.67
493.49
494.23
495.1
495.97
496.74
497.53
498.35
499.16
500.08
500.97
501.86
502.85
503.86
504.82
505.76
506.83
507.89
508.93
510.01
511.07
512.18
513.18
514.19
515.22
516.15
517.15
518.08
519.02
520.01
520.94
521.95
523.02
524.08
525.17
526.28
527.4
528.44
529.59
530.6
531.57
532.54
533.53
534.57
535.53
536.45
537.32
538.29
539.19
540.09
541.05
541.95
542.84
543.81
544.77
545.63
546.56
547.44
548.23
549.09
549.87
550.74
551.54
552.44
553.43
554.38
555.34
556.32
557.2
558.07
558.88
559.77
560.63
561.48
562.4
563.25
564.16
565.03
565.96
566.79
567.71
568.53
569.45
570.29
571.14
572.06
573.02
573.94
574.84
575.76
576.73
577.7
578.61
579.61
580.55
581.52
582.45
583.48
584.54
585.51
586.57
587.49
588.46
589.37
590.32
591.27
592.22
593.19
594.08
594.98
595.81
596.65
597.41
598.21
598.95
599.74
600.53
601.33
602.1
602.86
603.56
604.26
604.92
605.64
606.4
607.22
607.99
608.74
609.56
610.36
611.13
611.92
612.62
613.29
614.02
614.85
615.76
616.6
617.52
618.38
619.33
620.22
621.12
622.02
622.84
623.62
624.45
625.21
625.95
626.72
627.5
628.28
629.03
629.83
630.59
631.33
632.11
632.84
633.61
634.43
635.22
635.99
636.8
637.58
638.37
639.12
639.93
640.71
641.52
642.28
643.11
643.87
644.67
645.41
646.2
647.03
647.81
648.63
649.43
