2.29
5.37
8.29
11.26
14.59
18.09
21.48
24.78
28.3
31.94
36.08
40.14
44.5
48.56
52.8
56.99
61.26
65.64
69.49
73.12
76.56
79.8
83.06
86.02
89.09
92.27
95.57
98.98
102.41
105.78
109.18
112.96
117.18
121.06
124.94
129.12
133.22
137.35
140.82
144.2
147.3
150.32
153.5
156.54
159.69
163.45
167.16
171.47
175.59
179.39
183.16
187.32
191.61
195.53
199.41
203.21
207.09
211.12
214.97
218.68
222.68
226.54
230.35
234.0
237.66
241.45
245.19
249.03
252.68
256.23
259.73
263.55
267.15
270.67
274.08
277.78
281.72
285.68
289.72
293.11
296.67
300.22
303.54
306.33
308.94
311.48
313.98
316.59
319.51
322.97
326.42
330.18
334.48
338.77
343.13
347.4
351.7
356.05
360.06
364.24
368.52
372.85
377.25
381.49
385.52
389.29
392.93
395.99
398.8
401.99
405.51
409.02
412.7
416.28
419.49
422.9
426.45
430.2
433.94
437.68
441.78
445.73
449.73
453.9
457.56
461.12
464.43
467.69
470.91
474.13
477.29
480.27
483.19
486.02
488.75
491.55
494.59
497.79
501.06
504.44
508.44
512.53
516.54
520.27
524.2
528.43
532.52
536.41
540.66
544.77
548.23
551.54
555.33
558.88
562.84
566.98
571.1
574.83
578.6
582.44
586.56
590.29
594.08
597.4
600.53
603.55
606.28
608.73
611.41
614.42
617.51
621.11
624.74
628.27
631.86
635.64
639.66
643.44
646.77
