0.5
1.13
1.72
2.29
2.89
3.51
4.11
4.7
5.29
5.83
6.41
6.99
7.56
8.11
8.67
9.25
9.81
10.38
10.97
11.51
12.06
12.64
13.23
13.8
14.39
15.0
15.57
16.11
16.7
17.3
17.86
18.43
19.03
19.61
20.21
20.77
21.39
21.96
22.52
23.12
23.7
24.29
24.89
25.48
26.08
26.67
27.27
27.84
28.43
29.01
29.61
30.21
30.81
31.37
31.94
32.53
33.08
33.66
34.25
34.85
35.42
35.97
36.52
37.08
37.65
38.22
38.79
39.37
39.98
40.57
41.15
41.73
42.3
42.89
43.47
44.04
44.64
45.24
45.83
46.43
47.0
47.58
48.14
48.72
49.3
49.88
50.45
51.05
51.71
52.33
53.0
53.58
54.17
54.75
55.31
55.89
56.47
57.05
57.65
58.23
58.8
59.37
59.96
60.53
61.1
61.67
62.24
62.82
63.39
63.97
64.54
65.1
65.67
66.24
66.79
67.32
67.89
68.44
68.99
69.56
70.1
70.67
71.24
71.83
72.4
72.97
73.53
74.1
74.65
75.23
75.79
76.37
76.97
77.56
78.14
78.73
79.3
79.89
80.48
81.06
81.63
82.22
82.79
83.33
83.89
84.47
85.09
85.73
86.32
86.94
87.56
88.2
88.8
89.45
90.04
90.66
