0.22
0.5
0.8
1.09
1.38
1.66
1.94
2.22
2.5
2.78
3.06
3.34
3.62
3.9
4.18
4.46
4.74
5.02
5.3
5.58
5.86
6.14
6.42
6.7
6.98
7.25
7.53
7.81
8.1
8.37
8.65
8.93
9.21
9.49
9.77
10.05
10.33
10.61
10.89
11.17
11.45
11.73
12.01
12.29
12.57
12.85
13.14
13.43
13.72
14.02
14.31
14.6
14.89
15.17
15.46
15.75
16.05
16.35
16.64
16.94
17.22
17.51
17.81
18.1
18.39
18.68
18.96
19.25
19.53
19.81
20.1
20.37
20.67
20.96
21.24
21.51
21.79
22.09
22.39
22.69
23.0
23.3
23.59
23.88
24.18
24.47
24.75
25.05
25.34
25.63
25.92
26.21
26.5
26.78
27.07
27.36
27.65
27.94
28.23
28.52
28.81
29.1
29.39
29.68
29.97
30.26
30.55
30.84
31.13
31.42
31.7
31.98
32.26
32.54
32.82
33.1
33.39
33.67
33.95
34.23
34.51
34.79
35.07
35.35
35.62
35.9
36.18
36.46
36.74
37.02
37.3
37.58
37.87
38.15
38.44
38.73
39.02
39.3
39.59
39.88
40.16
40.45
40.74
41.03
41.32
41.6
41.89
42.18
42.47
42.76
43.06
43.35
43.63
43.92
44.21
44.5
44.78
45.06
45.35
45.63
45.91
46.19
46.48
46.76
47.05
47.33
47.62
47.89
48.17
48.45
48.73
49.01
49.29
49.58
49.86
50.15
50.43
50.73
51.01
51.29
51.57
51.85
52.14
52.42
52.7
52.98
53.27
53.55
53.85
54.13
54.42
54.7
54.99
55.26
55.55
55.84
56.13
56.42
56.71
56.99
57.27
57.55
57.83
58.11
58.4
58.69
58.99
59.28
59.57
59.85
60.13
60.41
60.69
60.97
61.25
61.52
61.8
62.08
62.36
62.64
62.93
63.21
63.5
63.79
64.08
64.35
64.63
64.91
65.19
65.47
65.76
66.04
66.32
66.61
66.9
67.19
67.48
67.77
68.06
68.35
68.64
68.92
69.21
69.5
69.79
70.08
70.38
70.65
70.93
71.22
71.49
71.77
72.07
72.35
72.65
72.94
73.23
73.51
73.81
74.09
74.38
74.66
74.95
75.24
75.53
75.81
76.1
76.39
76.68
76.97
77.26
77.54
77.83
78.11
78.4
78.69
78.98
79.27
79.55
79.84
80.12
80.41
80.69
80.96
81.25
81.53
81.81
82.09
82.39
82.67
82.97
83.25
83.54
83.84
84.14
84.44
84.74
85.04
85.34
85.63
85.94
86.23
86.53
86.83
87.13
87.43
87.74
88.03
88.34
88.63
88.93
89.23
89.53
