0.18
0.5
0.81
1.13
1.45
1.79
2.12
2.43
2.75
3.08
3.38
3.69
4.0
4.32
4.63
4.94
5.23
5.54
5.83
6.14
6.43
6.73
7.04
7.35
7.67
7.98
8.29
8.6
8.93
9.25
9.58
9.92
10.23
10.56
10.88
11.19
11.52
11.83
12.15
12.45
12.76
13.07
13.39
13.7
14.05
14.38
14.7
15.03
15.35
15.68
16.02
16.36
16.69
17.01
17.33
17.66
17.99
18.33
18.65
18.98
19.31
19.65
20.0
20.38
20.74
21.12
21.49
21.82
22.17
22.54
22.87
23.22
23.58
23.92
24.3
24.67
25.03
25.4
25.78
26.14
26.52
26.88
27.23
27.58
27.95
28.29
28.63
28.98
29.33
29.67
30.0
30.34
30.71
31.05
31.39
31.77
32.13
32.48
32.83
33.18
33.54
33.9
34.26
34.6
34.97
35.32
35.65
35.99
36.33
36.66
37.01
37.36
37.7
38.04
38.37
38.7
39.05
39.4
39.73
40.07
40.42
40.75
41.08
41.41
41.75
42.08
42.41
42.74
43.09
43.41
43.76
44.1
44.45
44.79
45.12
45.45
45.79
46.13
46.5
46.83
47.18
47.52
47.85
48.19
48.53
48.86
49.22
49.56
49.88
50.23
50.57
50.91
51.26
51.61
51.97
52.31
52.67
53.03
53.4
53.76
54.12
54.46
54.81
55.15
55.5
55.84
56.19
56.52
56.87
57.2
57.55
57.89
58.23
58.58
58.91
59.27
59.62
59.95
60.27
60.6
60.93
61.26
61.61
61.95
62.27
62.61
62.95
63.26
63.61
63.93
64.26
64.6
64.94
65.26
65.62
65.95
66.3
66.61
66.95
67.27
67.61
67.96
68.3
68.65
68.97
69.31
69.66
69.97
70.3
70.64
70.97
71.29
71.64
71.99
72.32
72.67
73.03
73.36
73.71
74.04
74.37
74.72
75.05
75.38
75.73
76.05
76.38
76.71
77.05
77.38
77.73
78.07
78.39
78.73
79.08
79.42
79.76
80.09
80.43
80.77
81.08
81.41
81.75
82.08
82.41
82.75
83.07
83.41
83.74
84.08
84.39
84.73
85.07
85.41
85.75
86.08
86.41
86.76
87.09
87.43
87.78
88.12
88.46
88.82
89.16
89.51
89.87
90.2
90.55
90.9
91.25
91.58
91.92
92.26
92.6
92.95
93.29
93.64
93.98
94.31
94.65
95.02
95.35
95.69
96.04
96.37
96.72
97.05
97.4
97.72
98.07
98.4
98.73
99.06
99.39
99.73
100.09
100.47
100.81
101.17
101.57
101.97
102.34
102.74
103.13
103.51
103.9
104.29
104.7
105.07
105.48
105.85
