0.05
0.5
0.96
1.42
1.88
2.35
2.81
3.25
3.69
4.15
4.61
5.07
5.54
6.01
6.47
6.93
7.38
7.85
8.33
8.81
9.29
9.77
10.25
10.73
11.2
11.67
12.15
12.62
13.08
13.54
14.02
14.47
14.95
15.42
15.89
16.35
16.8
17.28
17.73
18.21
18.67
19.15
19.62
20.09
20.56
21.04
21.51
21.98
22.46
22.95
23.46
23.95
24.44
24.92
25.39
25.87
26.35
26.82
27.29
27.76
28.22
28.69
29.17
29.65
30.11
30.57
31.04
31.52
32.0
32.48
32.96
33.43
33.9
34.38
34.87
35.35
35.83
36.32
36.81
37.29
37.77
38.25
38.75
39.22
39.71
40.21
40.69
41.17
41.65
42.14
42.6
43.06
43.54
44.02
44.5
44.98
45.46
45.93
46.44
46.91
47.37
47.84
48.32
48.79
49.27
49.73
50.21
50.69
51.16
51.64
52.12
52.61
53.09
53.58
54.05
54.53
55.0
55.47
55.95
56.45
56.98
57.5
57.98
58.45
58.92
59.4
59.89
60.37
60.84
61.34
61.8
62.29
62.77
63.24
63.72
64.19
64.66
65.14
65.63
66.14
66.61
67.1
67.58
68.07
68.54
69.03
69.5
69.98
70.47
70.99
71.47
71.96
72.46
72.93
73.41
73.89
74.37
74.85
75.33
75.8
76.29
76.78
77.27
77.75
78.24
78.74
79.23
79.71
80.22
80.68
81.17
81.72
82.21
82.76
83.24
83.72
84.18
84.64
85.13
85.58
86.05
86.51
86.98
87.42
87.86
88.32
88.78
89.27
89.77
90.26
90.77
91.26
91.77
92.28
92.8
93.34
93.83
94.39
94.89
95.44
95.95
