0.0
0.5
1.01
1.51
2.02
2.54
3.04
3.56
4.06
4.52
5.03
5.52
6.03
6.52
7.01
7.5
7.98
8.48
8.97
9.49
9.98
10.47
10.97
11.49
11.98
12.48
12.98
13.48
13.99
14.5
14.99
15.49
16.0
16.49
16.99
17.48
17.96
18.48
18.97
19.46
19.98
20.5
21.0
21.52
22.03
22.54
23.03
23.54
24.04
24.55
25.07
25.59
26.1
26.63
27.14
27.63
28.15
28.65
29.13
29.63
30.12
30.62
31.1
31.6
32.08
32.58
33.08
33.58
34.09
34.59
35.12
35.62
36.1
36.59
37.09
37.58
38.08
38.58
39.07
39.56
40.07
40.6
41.1
41.61
42.12
42.63
43.14
43.65
44.14
44.62
45.1
45.6
46.1
46.6
47.1
47.62
48.13
48.63
49.13
49.66
50.17
50.68
51.19
51.7
52.21
52.73
53.25
53.76
54.26
54.76
55.27
55.79
56.31
56.82
57.32
57.81
58.32
58.83
59.34
59.86
60.37
60.87
61.39
61.89
62.41
62.91
63.42
63.92
64.44
64.95
65.46
65.96
66.47
66.95
67.46
67.96
68.46
68.94
69.44
69.95
70.45
70.95
71.44
71.92
72.42
72.93
73.43
73.94
74.44
74.96
75.48
75.97
76.49
76.98
77.49
77.99
78.5
79.0
79.52
80.0
80.51
81.0
81.49
82.0
82.49
82.97
83.47
83.96
84.47
84.95
85.45
85.95
86.46
86.96
87.45
87.95
88.44
88.91
89.41
89.89
90.42
90.89
91.41
91.88
92.37
92.81
93.27
93.61
93.96
94.31
94.65
95.0
95.35
95.7
96.05
96.42
96.75
97.1
97.46
97.84
98.22
98.58
98.95
99.32
99.68
100.07
100.44
100.81
101.18
