1.0
2.02
3.03
4.04
5.02
6.02
7.0
7.98
8.97
9.98
10.97
11.98
12.98
13.98
14.99
15.99
16.98
17.96
18.96
19.97
21.0
22.02
23.03
24.03
25.06
26.1
27.13
28.14
29.12
30.12
31.1
32.08
33.08
34.09
35.11
36.09
37.09
38.08
39.07
40.07
41.09
42.12
43.14
44.14
45.09
46.09
47.09
48.12
49.13
50.17
51.19
52.21
53.25
54.26
55.27
56.3
57.32
58.32
59.34
60.37
61.39
62.4
63.42
64.43
65.46
66.46
67.45
68.45
69.44
70.45
71.43
72.41
73.43
74.43
75.47
76.48
77.49
78.5
79.51
80.5
81.48
82.48
83.46
84.46
85.44
86.45
87.45
88.43
89.4
90.41
91.41
92.36
93.28
94.31
95.35
96.41
97.45
98.57
