0.58
1.57
2.5
3.48
4.41
5.33
6.29
7.25
8.26
9.16
9.93
10.71
11.51
12.32
13.05
13.74
14.48
15.22
15.94
16.7
17.4
18.12
18.94
19.73
20.56
21.42
22.29
23.14
23.94
24.79
25.68
26.53
27.35
28.19
29.05
30.04
30.96
31.94
32.85
33.79
34.79
35.65
36.61
37.47
38.39
39.35
40.38
41.35
42.26
43.23
44.18
45.03
45.91
46.77
47.65
48.57
49.46
50.32
51.22
52.15
53.15
54.1
55.0
55.97
56.89
57.75
58.66
59.49
60.42
61.26
62.31
63.33
64.43
65.37
66.39
67.47
68.43
69.5
70.42
71.39
72.36
73.25
74.19
75.15
76.06
77.01
77.94
78.87
79.68
80.52
81.28
82.08
82.88
83.68
84.51
85.32
86.08
86.88
87.72
88.48
89.29
90.07
90.85
91.68
92.47
93.26
94.01
94.8
95.59
96.38
97.21
97.96
98.8
99.6
100.4
101.16
101.97
102.83
103.64
104.42
105.22
106.01
106.74
107.55
108.28
109.06
109.82
110.67
111.57
112.42
113.23
114.12
114.94
115.8
116.6
117.45
118.32
119.1
119.96
120.82
121.61
122.5
123.29
124.18
124.98
125.84
126.73
127.6
128.54
129.38
130.32
131.21
132.06
132.87
133.73
134.62
135.59
136.55
137.45
138.36
139.34
140.21
141.14
142.05
143.05
144.0
144.97
145.89
146.85
147.85
148.79
149.67
150.61
151.47
152.38
153.31
154.22
155.15
155.98
156.79
157.63
158.49
159.37
160.18
161.1
161.97
162.86
163.79
164.75
165.74
166.63
167.47
168.36
169.3
170.14
171.08
171.95
172.81
173.71
174.67
175.58
176.58
177.58
178.45
179.31
180.19
181.04
181.88
182.88
183.78
184.73
185.75
186.74
187.73
188.79
189.72
190.71
191.67
192.61
193.53
194.51
195.41
196.37
197.34
198.2
198.97
199.77
200.58
201.37
202.17
202.89
203.65
204.41
205.22
205.94
206.71
207.48
208.28
209.03
209.79
210.59
211.45
212.23
212.97
213.79
214.57
215.38
216.14
216.92
217.77
218.64
219.45
220.29
221.19
221.99
222.9
223.84
224.74
225.6
226.5
227.35
228.19
228.95
229.74
230.54
231.34
232.14
232.91
233.68
234.59
235.46
236.33
237.24
238.1
239.04
239.85
240.76
241.57
242.48
243.35
244.25
245.13
246.04
246.94
247.72
248.55
249.38
250.17
250.89
251.62
252.37
253.12
253.9
254.7
255.45
256.31
257.11
257.98
258.78
259.65
260.43
261.31
262.11
262.92
263.79
264.55
265.38
266.14
266.89
267.69
268.4
269.14
269.87
270.54
271.25
272.01
272.76
273.5
274.22
274.89
275.64
276.34
277.0
277.72
278.4
279.13
279.87
280.64
281.41
282.21
283.04
283.88
284.69
285.48
286.34
287.24
288.12
288.95
289.83
290.75
291.62
292.45
293.33
294.27
295.15
296.07
297.02
297.94
298.86
299.77
300.69
301.74
302.8
303.84
304.85
305.88
306.88
307.94
308.94
310.01
311.01
311.91
312.87
313.79
314.65
315.61
316.62
317.7
318.7
319.81
320.82
321.88
322.9
324.03
325.09
326.11
327.23
328.23
329.32
330.35
331.43
332.47
333.35
334.29
335.17
336.14
337.01
337.99
338.88
339.96
340.93
342.0
342.94
343.94
344.93
346.0
346.87
347.79
348.73
349.55
350.43
351.31
352.1
352.97
353.77
354.6
355.2
355.84
356.46
357.11
357.72
358.35
359.07
359.72
360.4
361.09
361.81
362.51
363.19
363.82
364.51
365.17
365.87
366.57
367.23
367.95
368.59
369.29
369.92
370.6
371.3
371.96
372.64
373.32
374.08
374.89
375.66
376.4
377.16
377.93
378.7
379.51
380.23
380.93
381.66
382.49
383.24
384.07
384.91
385.73
386.52
387.39
388.15
388.97
389.81
390.61
391.34
392.11
392.91
393.65
394.33
395.03
395.74
396.48
397.24
397.95
398.6
399.28
399.96
400.63
401.31
402.0
402.69
403.42
404.2
404.94
405.67
406.43
407.22
407.99
408.78
409.53
410.31
411.16
411.96
412.73
413.56
414.45
415.36
416.3
417.19
418.13
418.99
419.93
420.8
421.69
422.61
423.37
424.19
424.97
425.76
426.76
427.72
428.65
429.67
430.68
431.77
432.88
433.89
434.98
435.9
436.87
437.78
438.69
439.62
440.58
441.51
442.4
443.34
444.24
445.19
446.13
447.01
447.96
448.84
449.81
450.69
451.69
452.62
453.64
454.59
455.63
456.68
457.65
458.72
459.63
460.64
461.57
462.51
463.51
464.47
465.25
466.08
466.74
467.47
468.13
468.78
469.44
470.15
470.86
471.53
472.2
472.89
473.62
474.27
475.02
475.77
476.53
477.23
478.01
478.73
479.49
480.21
480.92
481.64
482.39
483.02
483.61
484.24
484.86
485.5
486.11
486.75
487.36
487.98
488.62
489.25
489.9
490.51
491.14
491.77
492.4
492.99
493.65
494.38
495.05
495.78
496.46
497.24
497.95
498.73
499.45
500.19
500.95
501.74
502.47
503.29
504.04
504.86
505.62
506.41
507.2
508.03
508.79
509.61
510.44
511.35
512.42
513.44
514.47
515.55
516.55
517.59
518.61
519.68
520.72
521.79
522.87
523.92
525.0
526.0
527.08
528.01
529.02
530.02
531.04
532.01
533.02
533.95
534.96
536.0
536.97
537.9
538.87
539.92
540.98
542.0
542.93
543.82
544.73
545.6
546.52
547.37
548.2
549.09
549.94
550.82
551.68
552.61
553.44
554.36
555.32
556.31
557.24
558.21
559.17
560.07
560.99
561.96
562.81
563.69
564.55
565.39
566.18
567.0
567.85
568.66
569.52
570.31
571.07
571.87
572.65
573.46
574.23
575.06
575.81
576.63
577.66
578.73
579.78
580.84
581.92
583.01
584.15
585.19
586.28
587.01
587.82
588.55
589.32
590.15
590.94
591.72
592.52
593.36
594.15
594.92
595.75
596.45
597.19
597.87
598.59
599.3
600.03
600.78
601.54
602.3
603.06
603.76
604.48
605.24
605.97
606.67
607.4
608.18
608.93
609.75
610.6
611.4
612.25
613.01
613.82
614.63
615.37
616.11
616.91
617.59
618.31
619.07
619.85
620.63
621.36
622.05
622.77
623.49
624.2
624.9
625.76
626.65
627.47
628.21
629.0
629.71
630.43
631.14
631.83
632.51
633.21
633.98
634.72
635.43
636.18
636.99
637.76
638.59
639.38
640.14
640.9
641.71
642.46
643.33
644.25
645.08
645.98
646.91
647.8
648.77
649.74
650.74
651.66
652.66
653.71
654.66
655.71
656.69
657.62
658.6
659.53
660.52
661.39
662.29
663.19
664.14
664.99
665.94
666.81
667.65
668.49
669.35
670.21
671.12
671.93
672.82
673.74
674.71
675.59
676.52
677.47
678.34
679.27
680.21
681.06
681.96
682.77
683.51
684.29
685.07
685.84
686.62
687.34
688.06
688.81
689.5
690.23
690.97
691.72
692.34
692.93
693.55
694.2
694.82
695.41
696.03
696.68
697.38
698.01
698.71
699.38
700.06
700.77
701.41
702.1
702.8
703.47
704.19
704.89
705.58
706.36
707.07
707.86
708.58
709.36
710.1
710.78
711.51
712.2
712.95
713.63
714.34
714.92
715.54
716.17
716.75
717.37
717.97
718.59
719.24
719.84
720.45
721.09
721.68
722.31
722.93
723.51
724.12
724.75
725.39
726.06
726.7
727.33
728.01
728.68
729.44
730.26
731.11
731.96
732.85
733.73
734.7
735.68
736.73
737.76
738.81
739.72
740.68
741.58
742.56
743.5
744.45
745.43
746.32
747.23
748.08
749.01
749.88
750.74
751.68
752.57
753.41
754.24
755.1
755.96
756.87
757.68
758.58
759.42
760.32
761.13
762.02
762.82
763.69
764.6
765.52
766.37
767.33
768.27
769.17
770.02
770.93
771.81
772.76
773.66
774.51
775.39
776.24
777.06
778.03
778.93
779.84
780.92
781.93
782.94
783.96
784.97
785.9
786.86
787.82
788.8
789.72
790.62
791.59
792.55
793.36
794.25
795.08
795.99
796.82
797.71
798.52
799.45
800.3
801.19
802.11
802.95
803.84
804.78
805.65
806.47
807.31
808.12
809.04
809.97
810.94
811.9
812.82
813.71
814.69
815.66
816.56
817.51
818.49
819.45
820.41
821.31
822.3
823.16
824.02
824.82
825.58
826.38
827.18
828.01
828.78
829.59
830.43
831.25
832.04
832.86
833.7
834.52
835.34
836.25
837.18
838.12
839.02
839.92
840.85
841.77
842.58
843.34
844.12
844.94
845.72
846.52
847.36
848.13
848.94
849.72
850.52
851.32
852.14
852.96
853.76
854.56
855.35
856.15
856.92
857.76
