0.57
4.4
8.24
12.36
16.7
20.84
24.74
28.55
32.5
36.38
40.37
44.19
47.71
51.25
54.99
58.63
62.3
66.4
70.42
74.17
77.94
81.81
85.07
88.72
92.14
95.91
99.65
103.36
107.08
110.76
114.55
118.31
121.98
125.51
129.25
133.28
137.44
141.14
144.96
148.77
152.36
155.95
159.35
162.86
166.7
170.49
174.29
177.59
180.98
184.42
188.08
191.66
195.38
198.97
202.16
205.2
208.27
211.45
214.56
217.76
220.97
224.0
227.34
230.93
234.88
238.36
241.53
245.1
248.54
251.61
254.7
257.96
261.3
264.56
267.68
270.53
273.47
276.51
279.86
283.03
286.34
289.84
293.32
297.01
300.68
304.85
308.96
312.86
316.6
320.81
325.09
329.3
333.34
337.0
340.69
344.26
347.78
351.3
354.59
357.1
359.71
362.5
365.16
367.97
370.95
373.74
377.06
380.23
383.23
386.52
389.62
392.54
395.37
397.94
400.62
403.41
406.42
409.53
412.72
416.29
419.92
423.36
426.76
430.67
434.5
438.63
442.6
446.99
451.3
455.63
459.95
464.0
468.09
472.17
475.95
479.3
482.57
485.75
488.63
491.13
493.63
495.92
498.72
501.73
504.85
508.03
511.34
515.27
519.67
523.91
527.98
532.05
536.0
539.91
543.81
547.36
550.82
554.92
559.16
562.81
566.16
569.52
572.64
575.81
579.77
584.13
588.4
592.46
595.74
598.57
601.53
604.47
607.39
610.6
614.0
617.36
620.62
623.45
626.64
629.7
632.5
635.42
638.57
641.7
645.07
648.75
652.67
656.68
660.51
664.44
668.37
672.01
675.81
679.85
683.5
687.31
691.03
694.71
698.7
702.79
707.0
711.16
714.92
718.77
723.01
727.0
730.85
735.19
739.5
743.49
747.33
751.19
755.57
759.77
763.68
767.32
770.92
774.66
778.46
782.2
785.89
789.71
793.65
797.54
801.18
804.78
808.11
811.89
815.05
818.07
821.25
824.41
827.51
830.47
833.69
837.15
840.31
843.32
