0.71
1.74
2.84
3.87
4.92
5.99
7.02
8.13
9.19
10.31
11.38
12.43
13.51
14.63
15.68
16.77
17.92
19.01
19.95
20.99
21.96
22.91
23.88
24.81
25.79
26.81
27.88
28.89
29.91
30.93
31.97
32.96
33.9
34.86
35.74
36.67
37.65
38.55
39.53
40.47
41.3
42.05
42.8
43.46
44.16
44.83
45.48
46.13
46.88
47.66
48.38
49.11
49.86
50.58
51.28
51.97
52.67
53.39
54.12
54.87
55.55
56.26
56.96
57.67
58.42
59.12
59.76
60.44
61.15
61.96
62.84
63.7
64.55
65.37
66.29
67.32
68.32
69.34
70.19
71.08
72.0
72.89
73.92
74.89
75.85
76.93
77.95
79.08
80.18
81.22
82.31
83.44
84.48
85.55
86.64
87.61
88.63
89.7
90.68
91.74
92.69
93.76
94.72
95.75
96.74
97.82
98.9
99.98
100.98
102.07
103.14
104.22
105.15
106.17
107.16
108.22
109.33
110.37
111.46
112.46
113.6
114.66
115.79
116.8
117.85
118.93
119.86
120.8
121.78
122.81
123.8
124.76
125.79
126.85
127.92
129.04
130.11
131.07
132.09
133.09
133.91
134.67
135.39
136.19
137.02
137.79
138.62
139.42
140.22
141.02
141.84
142.64
143.41
144.24
145.05
145.85
146.62
147.34
148.07
148.83
149.52
150.18
150.84
151.52
152.24
152.97
153.76
154.6
155.38
156.22
157.0
157.8
158.58
159.42
160.15
160.94
161.7
162.42
163.25
164.04
164.81
165.61
166.4
167.24
168.01
168.74
169.52
170.33
171.05
171.83
172.56
173.17
173.81
174.44
174.98
175.56
176.09
176.66
177.22
177.68
178.16
178.64
179.14
179.6
180.1
180.61
181.07
181.59
182.07
182.49
182.92
183.35
183.78
184.21
184.65
185.09
185.52
185.95
186.36
186.79
187.22
187.67
188.09
188.53
188.95
189.38
189.79
190.18
190.6
191.01
191.42
191.83
192.23
192.66
193.05
193.45
193.85
194.25
194.67
195.08
195.5
195.9
196.3
196.68
197.09
197.49
197.9
198.31
198.72
199.13
199.52
199.92
200.31
200.71
201.12
201.53
201.92
202.31
202.72
203.13
203.54
203.94
204.36
204.79
205.23
205.68
206.13
206.57
206.99
207.43
207.89
208.32
208.77
209.18
209.6
210.03
210.45
210.86
211.27
211.69
212.11
212.55
212.95
213.37
213.81
214.25
214.66
215.12
215.54
215.99
216.46
216.9
217.34
217.81
218.26
218.71
219.14
219.56
219.98
220.41
220.86
221.27
221.7
222.15
222.58
223.04
223.46
223.91
224.4
224.9
225.42
225.96
226.52
227.09
227.59
228.15
228.66
229.18
229.72
230.27
230.77
231.25
231.73
232.19
232.67
233.04
233.4
233.78
234.12
234.49
234.85
235.18
235.55
235.9
236.25
236.58
236.94
237.28
237.63
237.98
238.33
238.67
239.0
239.35
239.69
240.05
240.41
240.79
241.15
241.51
241.87
242.21
242.57
242.93
243.31
243.66
244.02
244.38
244.75
245.11
245.49
245.9
246.29
246.69
247.11
247.52
247.93
248.32
248.69
249.08
249.47
249.86
250.27
250.66
251.04
251.4
251.78
252.16
252.55
252.93
253.31
253.68
254.06
254.44
254.8
255.18
255.56
255.96
256.35
256.75
257.19
257.65
258.09
258.5
258.93
259.37
259.79
260.2
260.6
261.03
261.44
261.83
262.24
262.66
263.06
263.49
263.94
264.35
264.78
265.23
265.65
266.04
266.44
266.84
267.23
267.61
268.0
268.41
268.84
269.27
269.68
270.1
270.51
270.91
271.31
271.72
272.14
272.58
273.0
273.42
273.83
274.23
274.63
275.04
275.48
275.92
276.35
276.77
277.18
277.57
277.97
278.37
278.8
279.21
279.6
280.04
280.44
280.94
281.42
281.99
282.54
283.14
283.68
284.27
284.82
285.39
285.94
286.5
287.03
287.58
288.14
288.69
289.24
289.76
290.31
290.86
291.37
291.94
292.5
293.15
293.77
294.4
295.06
295.73
296.42
297.05
297.75
298.46
299.11
299.75
300.42
301.03
301.7
302.25
302.78
303.34
303.87
304.42
305.01
305.61
306.19
306.79
307.41
308.0
308.6
309.22
309.8
310.35
310.93
311.52
312.12
312.73
313.36
313.99
314.65
315.27
315.86
316.51
317.12
317.72
318.35
318.96
319.64
320.3
320.91
321.59
322.21
322.89
323.53
324.13
324.72
325.33
325.97
326.58
327.13
327.71
328.25
328.76
329.27
329.75
330.26
330.77
331.31
331.81
332.3
332.82
333.33
333.83
334.36
334.9
335.47
336.08
336.67
337.17
337.64
338.12
338.62
339.13
339.7
340.31
340.86
341.38
341.85
342.35
342.85
343.31
343.79
344.28
344.79
345.32
345.86
346.39
346.84
347.32
347.77
348.23
348.69
349.17
349.62
350.08
350.55
351.01
351.45
351.92
352.41
352.91
353.38
353.91
354.47
355.02
355.56
356.14
356.62
357.11
357.59
358.07
358.57
359.11
359.62
360.19
360.7
361.27
361.88
362.43
363.07
363.78
364.41
365.11
365.76
366.42
367.18
368.02
368.9
369.85
370.7
371.68
372.6
373.57
374.61
375.75
376.8
377.87
378.77
379.7
380.61
381.51
382.51
383.44
384.43
385.43
386.32
387.22
388.16
389.11
389.98
390.91
391.79
392.73
393.66
394.63
395.57
396.58
397.53
398.32
399.15
400.02
400.84
401.59
402.35
403.13
403.92
404.59
405.27
405.98
406.68
407.49
408.26
409.05
409.85
410.61
411.4
412.23
412.98
413.81
414.6
415.35
416.13
416.94
417.68
418.49
419.26
420.0
420.78
421.52
422.24
423.01
423.8
424.56
425.31
426.04
426.77
427.54
428.3
429.1
429.88
430.61
431.35
432.11
432.82
433.51
434.19
434.85
435.51
436.18
436.89
437.56
438.25
438.9
439.57
440.23
440.94
441.58
442.24
442.94
443.6
444.38
445.19
446.0
446.79
447.66
448.5
449.41
450.32
451.23
452.15
453.1
454.02
454.95
455.93
456.83
457.75
458.71
459.63
460.48
461.41
462.24
463.12
463.95
464.83
465.68
466.59
467.43
468.3
469.15
469.97
470.75
471.53
472.36
473.17
473.85
474.54
475.18
475.86
476.55
477.15
477.72
478.32
478.95
479.55
480.15
480.72
481.38
482.01
482.62
483.24
483.9
484.51
485.11
485.77
486.4
487.03
487.64
488.26
488.89
489.55
490.15
490.79
491.44
492.14
492.8
493.51
494.28
495.0
495.77
496.56
497.3
498.01
498.74
499.51
500.19
500.92
501.55
502.14
502.79
503.38
504.02
504.68
505.3
506.01
506.7
507.32
507.95
508.62
509.2
509.79
510.41
511.13
511.82
512.48
513.25
513.97
514.71
515.47
516.26
517.02
517.83
518.57
519.37
520.21
520.98
521.83
522.6
523.4
524.22
525.02
525.71
526.31
526.9
527.5
528.13
528.72
529.31
529.86
530.41
530.94
531.49
532.04
532.61
533.16
533.7
534.25
534.75
535.27
535.8
536.32
536.84
537.4
537.98
538.54
539.1
539.64
540.2
540.81
541.38
541.97
542.51
543.11
543.68
544.22
544.79
545.38
545.96
546.49
547.03
547.58
548.13
548.69
549.21
549.69
550.18
550.7
551.2
551.73
552.27
552.75
553.27
553.76
554.28
554.79
555.27
555.77
556.32
556.9
557.44
557.95
558.44
558.95
559.51
560.04
560.57
561.07
561.61
562.15
562.71
563.23
563.73
564.23
564.72
565.18
565.67
566.19
566.69
567.21
567.73
568.32
568.9
569.5
570.11
570.64
571.2
571.76
572.35
572.9
573.43
573.96
574.46
574.97
575.48
575.99
576.55
577.12
577.66
578.23
578.77
579.32
579.9
580.44
581.0
581.58
582.17
582.76
583.31
583.91
584.45
585.02
585.59
586.19
586.73
587.33
587.87
588.45
589.06
589.62
590.22
590.78
591.32
591.88
592.44
592.99
593.55
594.19
594.81
595.44
596.03
596.65
597.25
597.88
598.47
599.1
599.7
600.32
600.83
601.36
601.92
602.44
602.95
603.5
604.06
604.62
605.19
605.73
606.29
606.87
607.41
607.98
608.46
608.91
609.38
609.83
610.26
610.71
611.18
611.62
612.06
612.54
613.0
613.45
613.92
614.36
614.84
615.3
615.75
616.2
616.68
617.13
617.58
618.04
618.51
619.0
619.47
619.93
620.41
620.86
621.35
621.86
622.35
622.79
623.26
623.69
624.14
624.61
625.05
625.5
625.96
626.43
626.89
627.33
627.81
628.27
628.71
629.19
629.67
630.17
630.65
631.11
631.61
632.07
632.57
633.0
633.45
633.9
634.37
634.82
635.25
635.72
636.15
636.62
637.05
637.52
637.95
638.41
638.9
639.36
639.82
640.3
640.78
641.28
641.77
642.31
642.79
643.3
643.81
644.35
644.84
645.32
645.81
646.28
646.76
647.23
647.71
648.27
648.84
649.43
650.07
650.65
651.29
651.9
652.49
653.07
653.69
654.28
654.88
655.44
656.03
656.55
657.11
657.66
658.2
658.71
659.25
659.83
660.4
660.99
661.56
662.1
662.69
663.26
663.81
664.38
665.04
665.68
666.36
666.99
667.62
668.38
669.14
669.91
670.66
671.34
671.98
672.63
673.32
673.94
674.6
675.29
675.94
676.63
677.32
677.94
678.63
679.27
679.96
680.67
681.37
682.06
682.71
683.43
684.1
684.78
685.47
686.2
686.85
687.52
688.28
689.07
689.98
690.83
691.72
692.62
693.47
694.39
695.23
696.19
697.1
698.08
699.02
699.91
700.86
701.79
702.77
703.67
704.58
705.55
706.48
707.45
708.38
709.28
710.22
711.21
712.13
713.13
714.14
715.25
716.27
717.22
718.22
719.17
720.1
721.05
721.99
722.97
723.91
724.93
725.91
726.89
727.85
728.82
729.7
730.49
731.3
732.13
733.01
733.82
734.71
735.61
736.45
737.36
738.35
739.28
740.19
741.08
741.94
742.84
743.81
744.7
745.66
746.61
747.55
748.54
