1.71
5.99
10.32
14.62
19.0
22.93
26.81
30.93
34.86
38.55
42.04
44.89
47.65
50.57
53.37
56.25
59.11
61.96
65.37
69.33
73.66
77.95
82.31
86.63
90.68
94.39
98.12
101.83
105.83
109.91
114.15
118.5
122.81
126.83
130.72
134.66
138.34
141.86
145.04
148.06
150.84
153.76
156.99
160.14
163.24
166.38
169.86
173.36
176.65
180.09
183.14
185.82
187.66
189.37
191.0
192.65
194.25
195.9
197.48
199.13
200.7
202.3
203.93
205.68
207.43
209.18
210.85
212.52
214.24
215.99
217.81
219.56
221.26
223.03
224.9
227.08
229.18
230.94
232.64
234.12
235.54
236.93
238.32
239.68
241.17
242.56
244.01
245.48
247.1
248.68
250.26
251.78
253.31
254.8
256.34
258.04
259.78
261.45
263.1
264.77
266.56
268.4
270.1
271.69
273.39
275.05
276.75
278.37
280.03
281.98
284.26
286.5
288.68
290.85
293.14
295.72
298.45
301.04
303.61
306.47
309.28
312.11
314.64
317.12
319.59
322.21
325.23
328.25
331.45
334.62
337.64
340.3
342.35
344.28
346.42
348.85
351.07
353.33
355.56
357.58
359.62
361.88
364.4
367.19
370.08
372.6
375.26
378.35
381.73
385.43
389.12
392.73
396.56
400.01
403.12
405.97
409.04
412.23
415.35
418.48
421.51
424.55
427.54
430.61
433.5
436.17
438.9
441.65
444.22
446.79
450.31
454.01
457.74
461.41
464.83
468.28
471.51
475.15
479.23
483.01
486.48
489.55
493.01
496.18
499.33
502.53
505.83
509.19
512.47
515.55
518.95
522.59
526.3
528.71
530.93
533.14
535.26
537.37
539.64
541.97
543.92
545.95
548.13
550.17
552.26
554.27
556.31
558.44
560.57
562.7
564.71
566.69
568.88
571.18
573.42
575.47
577.64
579.89
582.16
585.02
588.09
591.31
594.52
597.87
601.67
605.18
608.67
612.02
615.3
619.02
622.71
626.42
630.16
633.89
637.35
640.43
643.29
646.27
648.84
651.28
653.9
656.75
659.83
663.25
666.74
669.9
673.32
676.62
679.96
683.62
687.24
690.83
694.38
697.9
701.21
704.56
708.37
712.12
716.27
720.09
723.93
727.84
731.29
734.7
738.34
