4.53
8.26
11.66
14.96
18.44
21.95
25.65
29.4
33.2
37.11
41.19
44.6
47.72
50.76
54.31
57.84
61.48
65.5
69.2
73.5
77.72
81.24
85.21
89.32
93.6
97.5
100.61
103.65
106.86
109.93
112.93
116.24
119.74
123.58
127.33
131.16
134.86
138.76
142.57
146.44
150.15
154.03
157.8
161.44
165.37
169.6
173.58
177.58
181.14
184.34
187.52
190.69
193.85
197.16
200.47
203.38
206.2
209.46
212.66
215.92
218.95
221.73
224.4
227.09
229.94
232.79
235.77
238.71
241.67
244.67
247.64
251.15
254.67
258.28
262.46
266.75
270.84
275.26
279.56
283.92
288.34
292.52
296.41
300.17
303.92
307.59
310.71
314.12
317.65
321.35
325.15
328.8
332.53
335.77
339.07
342.66
346.04
349.25
352.5
356.14
359.34
362.64
365.8
369.52
373.27
377.12
380.98
384.82
388.82
392.74
396.58
400.62
404.57
408.13
411.39
414.55
417.89
421.5
424.75
427.2
429.54
432.05
434.81
437.66
440.67
443.43
446.29
449.24
452.96
456.66
460.24
463.85
467.52
470.94
473.98
476.94
479.68
482.66
485.49
488.43
491.61
495.13
498.85
502.55
506.35
510.14
514.07
518.25
521.65
524.82
527.97
531.09
534.29
537.29
539.92
542.2
545.11
548.39
551.78
555.03
558.53
562.39
566.02
569.25
572.09
575.36
579.06
582.25
585.78
589.65
593.6
596.92
600.16
603.2
606.59
609.91
613.48
617.04
620.6
623.67
626.66
629.94
634.08
638.46
642.12
645.95
649.51
653.03
656.31
659.36
662.17
665.0
667.94
670.84
673.66
676.53
679.6
683.01
686.38
689.58
692.71
695.72
698.76
701.72
704.54
707.57
711.07
714.69
718.39
722.53
726.42
730.54
734.49
738.66
