0.28
0.98
1.7
2.41
3.18
3.88
4.6
5.37
6.09
6.79
7.54
8.26
8.98
9.75
10.56
11.3
12.07
12.87
13.68
14.44
15.28
16.11
16.89
17.72
18.51
19.32
20.11
21.04
21.95
22.87
23.81
24.75
25.66
26.64
27.61
28.48
29.4
30.32
31.18
32.12
32.95
33.83
34.64
35.49
36.28
37.12
37.97
38.79
39.61
40.39
41.2
42.07
42.89
43.72
44.61
45.58
46.48
47.44
48.45
49.4
50.34
51.3
52.24
53.22
54.31
55.34
56.37
57.34
58.37
59.51
60.53
61.49
62.49
63.56
64.54
65.5
66.41
67.38
68.26
69.2
70.28
71.28
72.4
73.51
74.57
75.68
76.7
77.72
78.57
79.46
80.34
81.25
82.28
83.32
84.25
85.22
86.23
87.3
88.29
89.33
90.36
91.48
92.5
93.61
94.64
95.68
96.64
97.71
98.82
99.86
100.97
101.94
102.87
103.9
104.89
105.87
106.86
107.71
108.63
109.49
110.38
111.19
112.09
112.93
113.75
114.53
115.32
116.24
117.08
117.96
118.88
119.74
120.7
121.64
122.65
123.58
124.53
125.5
126.43
127.33
128.33
129.23
130.18
131.16
132.13
133.08
134.0
134.89
135.85
136.81
137.82
138.77
139.74
140.65
141.61
142.58
143.55
144.52
145.45
146.45
147.32
148.25
149.18
150.15
151.18
152.17
153.09
154.04
154.96
155.9
156.88
157.8
158.68
159.61
160.54
161.45
162.39
163.26
164.12
165.06
166.05
166.97
167.86
168.71
169.61
170.56
171.54
172.55
173.59
174.68
175.7
176.65
177.63
178.49
179.38
180.28
181.15
181.91
182.7
183.52
184.35
185.1
185.88
186.69
187.53
188.31
189.06
189.86
190.7
191.49
192.26
193.07
193.86
194.66
195.41
196.25
197.16
198.08
198.94
199.71
200.47
201.2
201.95
202.64
203.38
204.03
204.74
205.41
206.2
207.01
207.81
208.63
209.47
210.27
211.07
211.87
212.67
213.45
214.28
215.01
215.65
216.28
216.9
217.57
218.22
218.96
219.66
220.37
221.08
221.74
222.41
223.09
223.74
224.4
225.06
225.73
226.39
227.1
227.8
228.56
229.27
229.94
230.67
231.37
232.08
232.8
233.54
234.28
235.03
235.77
236.5
237.25
237.97
238.71
239.41
240.13
240.87
241.68
242.46
243.35
244.21
244.96
245.77
246.51
247.31
248.06
248.91
249.8
250.67
251.55
252.46
253.24
254.0
254.79
255.56
256.32
257.1
257.88
258.66
259.49
260.22
260.91
261.69
262.47
263.26
264.01
264.86
265.8
266.84
267.83
268.81
269.86
270.84
271.97
273.08
274.13
275.26
276.31
277.42
278.52
279.54
280.69
281.76
282.87
283.93
284.97
286.0
286.88
287.75
288.59
289.4
290.25
291.15
292.05
292.93
293.77
294.61
295.43
296.25
297.02
297.82
298.63
299.42
300.18
300.94
301.75
302.51
303.25
303.95
304.68
305.43
306.14
306.9
307.6
308.35
309.08
309.89
310.72
311.49
312.41
313.29
314.13
315.05
315.92
316.81
317.66
318.51
319.38
320.37
321.35
322.28
323.22
324.21
325.16
326.1
327.11
328.16
329.18
330.21
331.19
332.31
333.35
334.46
335.48
336.56
337.63
338.62
339.65
340.74
341.75
342.67
343.61
344.45
345.26
346.05
346.86
347.68
348.44
349.26
350.02
350.83
351.65
352.51
353.42
354.35
355.33
356.15
357.03
357.78
358.6
359.34
360.15
360.96
361.79
362.65
363.45
364.2
365.01
365.8
366.54
367.29
368.0
368.71
369.47
370.19
370.9
371.62
372.34
373.1
373.8
374.48
375.22
375.9
376.49
377.12
377.65
378.19
378.76
379.29
379.84
380.41
380.98
381.56
382.2
382.87
383.48
384.15
384.82
385.46
386.08
386.73
387.4
388.14
388.83
389.51
390.22
390.93
391.81
392.74
393.73
394.66
395.65
396.59
397.57
398.59
399.63
400.62
401.64
402.67
403.65
404.66
405.57
406.49
407.3
408.13
409.02
409.79
410.62
411.39
412.16
412.97
413.78
414.55
415.37
416.19
417.07
417.9
418.73
419.43
420.15
420.81
421.5
422.22
422.88
423.5
424.16
424.76
425.36
425.98
426.58
427.21
427.78
428.34
428.94
429.54
430.17
430.8
431.45
432.07
432.72
433.41
434.12
434.81
435.47
436.2
436.92
437.67
438.46
439.19
439.97
440.68
441.36
442.05
442.74
443.45
444.21
444.92
445.58
446.3
446.98
447.68
448.39
449.1
449.81
450.51
451.32
452.16
452.96
453.76
454.56
455.34
456.18
457.13
458.04
459.03
459.93
460.88
461.87
462.85
463.81
464.73
465.63
466.56
467.53
468.4
469.31
470.22
471.2
472.1
473.09
473.99
474.92
475.9
476.86
477.77
478.75
479.67
480.62
481.63
482.56
483.55
484.46
485.5
486.54
487.54
488.45
489.41
490.53
491.62
492.7
493.81
494.84
495.87
496.92
497.85
498.86
499.76
500.71
501.71
502.59
503.53
504.45
505.4
506.35
507.28
508.16
509.15
510.14
511.16
512.12
513.06
514.08
515.02
516.0
516.98
517.9
518.91
519.81
520.85
521.88
522.94
524.04
525.12
526.12
527.18
528.31
529.29
530.34
531.32
532.33
533.4
534.32
535.32
536.32
537.27
538.36
539.4
540.45
541.55
542.6
543.53
544.33
545.11
545.89
546.77
547.61
548.46
549.25
550.08
550.94
551.79
552.63
553.47
554.24
555.04
555.85
556.67
557.57
558.53
559.47
560.38
561.36
562.4
563.37
564.27
565.1
566.03
566.86
567.65
568.47
569.26
570.03
570.72
571.42
572.07
572.84
573.58
574.35
575.15
575.95
576.75
577.54
578.28
579.07
579.89
580.71
581.5
582.27
583.08
584.02
584.92
585.79
586.69
587.68
588.66
589.67
590.59
591.58
592.59
593.61
594.55
595.55
596.59
597.61
598.71
599.73
600.7
601.7
602.75
603.8
604.9
605.86
606.85
607.74
608.61
609.5
610.39
611.29
612.21
613.01
613.86
614.61
615.43
616.19
617.04
617.92
618.72
619.58
620.41
621.16
621.9
622.66
623.41
624.07
624.79
625.59
626.32
627.08
627.85
628.6
629.34
630.1
630.82
631.59
632.29
633.03
633.76
634.57
635.32
636.08
636.88
637.64
638.46
639.33
640.13
641.1
642.11
643.08
643.99
645.01
645.96
646.86
647.77
648.6
649.5
650.36
651.24
652.14
653.05
653.87
654.69
655.47
656.31
657.16
657.95
658.69
659.36
660.05
660.74
661.48
662.18
662.95
663.75
664.56
665.35
666.11
666.89
667.67
668.4
669.18
669.94
670.69
671.47
672.24
672.93
673.66
674.41
675.13
675.82
676.54
677.29
678.02
678.77
679.44
680.12
680.78
681.49
682.18
682.81
683.52
684.16
684.84
685.55
686.21
686.92
687.55
688.23
688.89
689.59
690.22
690.86
691.51
692.11
692.71
693.34
693.92
694.65
695.36
696.08
696.85
697.61
698.34
699.07
699.85
700.57
701.35
702.1
702.92
703.67
704.5
705.29
706.04
706.96
707.83
708.77
709.71
710.74
711.76
712.78
713.77
714.7
715.82
716.89
717.93
718.97
720.12
721.06
722.12
723.08
724.16
725.23
726.38
727.41
728.5
729.62
730.55
731.51
732.47
733.44
734.51
735.57
736.57
737.66
738.67
739.76
740.78
741.84
742.93
744.08
745.13
746.24
747.32
