0.5
1.15
1.8
2.41
3.04
3.68
4.38
5.05
5.67
6.24
6.8
7.36
7.91
8.45
8.97
9.5
10.08
10.67
11.26
11.86
12.44
13.05
13.63
14.17
14.72
15.27
15.8
16.34
16.85
17.36
17.88
18.4
18.93
19.46
19.99
20.53
21.06
21.59
22.13
22.66
23.21
23.75
24.3
24.84
25.39
25.93
26.5
27.06
27.59
28.12
28.66
29.19
29.72
30.27
30.79
31.32
31.84
32.38
32.89
33.44
33.97
34.51
35.07
35.6
36.12
36.63
37.17
37.71
38.25
38.8
39.38
39.93
40.46
41.01
41.57
42.11
42.67
43.21
43.75
44.29
44.82
45.32
45.85
46.37
46.91
47.44
47.95
48.48
49.03
49.57
50.11
50.66
51.19
51.73
52.27
52.81
53.34
53.88
54.42
54.97
55.52
56.03
56.58
57.08
57.59
58.12
58.64
59.15
59.67
60.19
60.71
61.23
61.77
62.31
62.82
63.32
63.85
64.37
64.89
65.4
65.95
66.49
67.0
67.52
68.04
68.58
69.11
69.66
70.21
70.75
71.29
71.82
72.35
72.87
73.41
73.94
74.47
75.02
75.55
76.09
76.62
77.16
77.68
78.2
78.74
79.27
79.81
80.34
80.89
81.43
81.97
82.46
82.98
83.51
84.04
84.56
85.09
85.61
86.11
86.62
87.15
87.71
88.23
88.75
89.28
89.82
90.34
90.86
91.37
91.9
92.42
92.98
93.49
94.01
94.55
95.07
95.59
96.08
96.59
97.11
97.63
98.15
98.67
99.17
99.7
100.23
100.74
101.25
101.76
102.28
102.8
103.33
103.86
104.37
104.9
105.43
105.94
106.45
106.99
107.5
108.01
108.56
109.08
109.57
110.1
110.58
111.07
111.56
112.05
112.55
113.06
113.58
114.11
114.64
115.16
115.67
116.18
116.69
117.25
117.79
118.35
118.88
119.41
119.92
120.45
120.97
121.5
122.03
122.57
123.1
123.62
124.14
124.65
125.14
125.64
126.17
126.69
127.21
127.74
128.25
128.76
129.27
129.8
130.33
130.85
131.36
131.9
132.44
132.95
133.48
134.01
134.55
135.07
135.6
136.15
136.69
137.25
137.87
138.51
139.13
139.63
140.18
140.7
141.23
141.75
142.29
142.84
143.41
143.99
144.61
145.2
145.78
146.37
146.83
147.35
147.81
148.31
148.79
149.29
149.79
150.24
150.73
151.19
151.63
152.1
152.55
153.01
153.47
153.93
154.41
154.85
155.32
