0.0
0.71
1.4
2.06
2.65
3.26
3.86
4.44
5.02
5.62
6.24
6.91
7.55
8.17
8.78
9.42
10.06
10.63
11.17
11.71
12.27
12.83
13.36
13.91
14.46
14.99
15.59
16.23
16.81
17.41
17.99
18.58
19.13
19.7
20.24
20.79
21.36
21.92
22.47
23.02
23.6
24.16
24.71
25.27
25.87
26.43
26.95
27.49
28.03
28.57
29.14
29.75
30.31
30.84
31.37
31.91
32.47
33.04
33.58
34.13
34.7
35.3
35.83
36.35
36.9
37.45
38.0
38.55
39.1
39.67
40.22
40.75
41.3
41.88
42.43
42.96
43.51
44.04
44.58
45.13
45.67
46.22
46.8
47.38
47.91
48.46
48.98
49.52
50.06
50.65
51.21
51.76
52.37
52.99
53.59
54.11
54.64
55.22
55.79
56.34
56.93
57.48
58.04
58.63
59.2
59.83
60.42
60.96
61.49
62.02
62.6
63.19
63.73
64.28
64.81
65.35
65.89
66.48
67.04
67.58
68.14
68.71
69.28
69.78
70.32
70.88
71.46
72.15
72.86
73.47
74.06
74.62
75.19
75.79
76.4
76.99
77.57
78.15
78.71
79.29
79.88
80.47
81.04
81.59
82.15
82.71
83.27
83.8
84.35
84.91
85.46
86.03
86.59
87.15
87.72
88.27
88.81
89.36
89.91
90.46
91.05
91.62
92.22
92.72
93.26
93.77
94.26
94.77
95.29
95.85
96.35
96.9
97.42
97.95
98.5
99.1
99.73
100.29
100.83
101.38
101.95
102.55
103.16
103.76
104.39
104.96
105.53
106.12
106.71
107.25
107.82
108.38
108.94
109.57
110.2
110.8
111.39
111.97
112.58
113.16
113.75
114.33
114.88
115.47
116.04
116.58
117.13
117.69
118.26
118.96
119.71
120.51
121.39
122.26
123.15
124.13
125.04
125.99
126.9
127.89
128.83
129.72
