0.0
0.5
1.03
1.55
2.06
2.58
3.19
3.78
4.37
4.95
5.53
6.12
6.76
7.37
7.94
8.56
9.13
9.69
10.23
10.74
11.26
11.79
12.35
12.88
13.42
13.96
14.49
15.03
15.59
16.12
16.67
17.24
17.79
18.35
18.89
19.42
19.97
20.55
21.07
21.6
22.15
22.7
23.25
23.79
24.33
24.88
25.43
25.98
26.5
27.03
27.56
28.09
28.66
29.21
29.73
30.28
30.81
31.35
31.88
32.42
32.97
33.5
34.02
34.54
35.07
35.61
36.14
36.66
37.2
37.74
38.28
38.81
39.35
39.89
40.42
40.95
41.51
42.05
42.62
43.18
43.7
44.23
44.74
45.29
45.83
46.38
46.93
47.5
48.03
48.57
49.11
49.65
50.19
50.74
51.26
51.79
52.32
52.87
53.38
53.94
54.46
55.0
55.53
56.07
56.63
57.14
57.68
58.19
58.7
59.22
59.72
60.25
60.78
61.31
61.84
62.38
62.9
63.42
63.95
64.48
65.0
65.52
66.04
66.57
67.1
67.62
68.16
68.7
69.21
69.77
70.26
70.76
71.28
71.81
72.35
72.9
73.45
73.99
74.52
75.05
75.58
76.13
76.66
77.19
77.71
78.24
78.76
79.29
79.82
80.36
80.89
81.44
81.96
82.47
83.01
83.57
84.1
84.62
85.15
85.7
86.25
86.81
87.35
87.89
88.41
88.91
89.42
89.97
90.55
91.07
91.6
92.12
92.65
93.18
93.71
94.24
94.76
95.29
95.84
96.37
96.9
97.44
97.98
98.52
99.06
99.62
100.14
100.66
101.16
101.68
102.21
102.73
103.27
103.8
104.33
104.86
105.38
105.89
106.4
106.91
107.42
107.95
108.5
109.03
109.55
110.07
110.59
111.12
111.67
112.22
112.8
113.34
113.9
114.52
115.15
115.77
116.43
117.06
117.68
118.29
118.92
119.57
120.18
