0.41
0.96
1.52
2.03
2.57
3.08
3.6
4.13
4.67
5.18
5.74
6.29
6.84
7.4
7.95
8.49
9.04
9.58
10.14
10.68
11.23
11.78
12.31
12.86
13.39
13.93
14.45
14.99
15.52
16.06
16.6
17.15
17.68
18.2
18.73
19.27
19.8
20.31
20.85
21.38
21.91
22.43
22.97
23.51
24.04
24.56
25.09
25.61
26.13
26.67
27.22
27.79
28.36
28.93
29.5
30.06
30.62
31.19
31.73
32.27
32.82
33.38
33.92
34.46
35.0
35.53
36.07
36.58
37.12
37.67
38.23
38.76
39.29
39.81
40.37
40.89
41.42
41.96
42.51
43.03
43.53
44.06
44.6
45.12
45.64
46.18
46.71
47.22
47.72
48.23
48.77
49.33
49.89
50.48
51.06
51.66
52.23
52.79
53.37
53.95
54.53
55.07
55.65
56.2
56.78
57.33
57.93
58.5
59.04
59.55
60.11
60.65
61.19
61.77
62.32
62.85
63.37
63.93
64.45
65.01
65.56
66.1
66.64
67.2
67.74
68.28
68.83
69.37
69.92
70.47
71.05
71.61
72.15
72.71
73.28
73.84
74.41
74.98
75.58
76.14
76.72
77.31
77.9
78.48
79.0
79.55
80.1
80.63
81.15
81.69
82.21
82.78
83.35
83.91
84.46
85.02
85.57
86.11
86.67
87.22
87.77
88.33
88.89
89.44
89.99
90.57
91.13
91.68
92.24
92.78
93.31
93.87
94.42
94.99
95.56
96.15
96.71
97.27
97.83
98.39
98.95
99.49
100.07
