0.37
0.96
1.56
2.15
2.76
3.34
3.96
4.59
5.18
5.8
6.43
7.06
7.68
8.3
8.91
9.52
10.13
10.73
11.35
11.96
12.56
13.18
13.78
14.38
14.98
15.58
16.18
16.77
17.38
17.97
18.59
19.18
19.78
20.38
20.97
21.57
22.17
22.78
23.34
23.92
24.52
25.15
25.75
26.37
26.99
27.64
28.27
28.86
29.5
30.12
30.76
31.41
32.03
32.64
33.27
33.88
34.5
35.13
35.75
36.39
37.0
37.62
38.24
38.85
39.48
40.17
40.79
41.41
42.03
42.64
43.27
43.85
44.47
45.09
45.71
46.33
46.94
47.57
48.21
48.81
49.43
50.06
50.69
51.32
51.94
52.57
53.17
53.78
54.4
55.02
55.62
56.21
56.79
57.4
58.03
58.66
59.28
59.9
60.55
61.17
61.8
62.39
63.03
63.61
64.26
64.9
65.57
66.19
66.8
67.44
68.09
68.73
69.36
70.02
70.65
71.28
71.91
72.55
73.2
73.83
74.48
75.11
75.74
76.39
77.03
77.66
78.3
78.96
79.58
80.21
80.82
81.42
82.03
82.65
83.24
83.85
84.45
85.07
85.69
86.29
86.92
87.55
88.17
88.79
89.4
90.0
90.6
91.2
91.8
92.4
93.01
93.62
94.24
94.86
95.48
96.1
96.71
97.32
97.93
98.55
99.15
99.76
100.38
100.98
101.6
102.21
102.81
103.41
104.02
104.64
105.25
105.86
106.49
107.12
107.75
108.37
109.0
109.59
110.22
110.86
111.52
112.18
112.89
