0.3
1.01
1.76
2.52
3.3
4.04
4.73
5.42
6.16
7.01
7.94
8.8
9.71
10.62
11.54
12.29
12.97
13.71
14.41
15.13
15.86
16.58
17.25
17.97
18.69
19.38
20.09
20.8
21.52
22.24
22.99
23.69
24.37
25.0
25.67
26.31
26.94
27.56
28.2
28.87
29.51
30.12
30.76
31.49
32.16
32.89
33.6
34.3
34.97
35.68
36.4
37.11
37.84
38.59
39.33
40.03
40.78
41.57
42.3
42.94
43.57
44.2
44.78
45.4
46.0
46.64
47.24
47.81
48.35
48.9
49.51
50.14
50.76
51.34
51.98
52.59
53.13
53.7
54.29
54.89
55.46
56.08
56.66
57.24
57.85
58.41
58.98
59.56
60.15
60.75
61.33
61.92
62.5
63.14
63.79
64.45
65.09
65.71
66.29
66.92
67.52
68.14
68.8
69.43
70.03
70.61
71.22
71.82
72.4
73.0
73.6
74.25
74.86
75.49
76.14
76.8
77.43
78.04
78.63
79.24
79.85
80.4
80.92
81.47
82.08
82.72
83.32
83.92
84.54
85.15
85.74
86.35
86.96
87.59
88.2
88.82
89.44
90.03
90.66
91.25
91.86
92.47
93.08
93.71
94.3
94.92
95.56
96.19
96.78
97.4
98.05
98.67
99.27
99.88
100.5
101.12
101.76
102.42
103.07
103.69
104.29
104.89
105.53
106.14
106.72
107.34
107.95
108.6
109.31
109.94
110.63
111.28
111.88
112.49
113.11
113.76
114.35
115.0
115.64
116.3
116.94
117.55
118.18
118.81
119.47
120.11
120.75
121.37
122.1
122.81
123.5
124.25
124.94
125.66
126.36
127.07
127.83
128.66
129.45
130.33
131.13
131.99
132.98
133.92
134.83
135.69
136.61
137.51
138.4
139.24
140.1
141.1
142.08
142.89
143.69
144.53
145.34
146.17
147.0
148.01
149.04
150.0
151.04
152.03
153.07
154.03
155.07
156.01
157.07
158.01
158.99
159.92
160.81
161.73
162.68
163.41
164.2
164.92
165.68
166.32
166.98
167.58
168.2
168.84
169.44
170.09
170.71
171.33
171.93
172.55
173.18
173.84
174.46
175.05
175.77
176.44
177.16
177.81
178.55
179.34
180.07
180.73
181.42
182.05
182.67
183.32
183.92
184.57
185.16
185.8
186.49
187.16
187.82
188.44
189.14
189.75
190.39
191.04
191.7
192.34
192.95
193.58
194.17
194.8
195.45
196.13
196.76
197.39
198.08
198.72
199.4
200.03
200.67
201.32
201.96
202.66
203.34
203.98
204.64
205.34
206.05
206.82
207.52
208.25
208.92
209.63
210.31
210.97
211.6
212.3
212.94
213.67
214.36
215.12
215.82
216.52
217.25
217.84
218.43
219.02
219.62
220.32
220.97
221.66
222.29
223.05
223.8
224.52
225.3
226.1
226.86
227.63
228.41
229.07
229.72
230.37
231.01
231.73
232.4
233.11
233.77
234.49
235.14
235.79
236.46
237.18
237.84
238.49
239.18
239.82
240.52
241.18
241.86
242.54
243.26
243.9
244.55
245.18
245.89
246.52
247.29
248.0
248.84
249.62
250.4
251.2
252.0
252.88
253.76
254.52
255.33
256.12
256.9
257.69
258.42
259.13
259.97
260.77
261.55
262.34
263.23
264.19
265.12
266.06
266.87
267.61
268.42
269.2
269.89
270.53
271.24
271.91
272.62
273.28
273.96
274.65
275.38
276.03
276.73
277.43
278.06
278.73
279.38
280.01
280.67
281.33
281.98
282.64
283.24
283.87
284.49
285.09
285.71
286.35
287.0
287.66
288.31
289.09
289.82
290.53
291.3
291.96
292.66
293.31
293.98
294.61
295.23
295.83
296.45
297.18
297.85
298.58
299.27
300.01
300.72
301.45
302.18
302.9
303.63
304.32
305.03
305.76
306.46
307.12
307.76
308.42
309.04
309.68
310.34
310.98
311.6
312.23
312.89
313.61
314.26
314.96
315.63
316.26
316.9
317.54
318.2
318.82
319.41
320.06
320.66
321.32
321.99
322.63
323.25
323.89
324.52
325.19
325.79
326.36
326.94
327.55
328.19
328.83
329.46
330.09
330.71
331.33
331.92
332.55
333.16
333.78
334.35
334.95
335.53
336.11
336.73
337.32
337.88
338.51
339.18
339.85
340.64
341.39
342.1
342.88
343.64
344.39
345.11
345.85
346.64
347.37
348.14
348.95
349.75
350.63
351.48
352.37
353.2
354.05
354.92
355.81
356.65
357.52
358.32
359.19
360.09
361.04
361.93
362.89
363.79
364.75
365.73
366.67
367.67
368.51
369.4
370.24
371.14
372.18
373.26
374.34
375.33
376.41
377.38
378.42
379.38
380.31
381.15
381.98
382.84
383.69
384.52
385.4
386.34
387.35
388.26
389.27
390.27
391.2
392.15
393.13
394.06
395.06
395.69
396.33
396.94
397.48
398.02
398.57
399.13
399.7
400.25
400.8
401.32
401.88
402.43
403.01
403.56
404.16
404.76
405.39
405.98
406.56
407.19
407.76
408.36
408.99
409.63
410.23
410.85
411.45
412.07
412.75
413.42
414.17
414.85
415.55
416.3
417.01
417.69
418.21
418.74
419.29
419.84
420.33
420.87
421.38
421.91
422.45
423.01
423.6
424.18
424.71
425.25
425.82
426.36
426.87
427.39
427.93
428.46
429.12
429.79
430.43
431.08
431.64
432.23
432.83
433.38
433.96
434.51
435.03
435.58
436.14
436.7
437.29
437.92
438.52
439.07
439.67
440.23
440.88
441.5
442.28
443.02
443.82
444.58
445.31
446.0
446.73
447.52
448.32
449.06
449.84
450.65
451.42
452.21
452.96
453.74
454.56
455.31
456.09
456.92
457.72
458.49
459.28
460.13
460.93
461.79
462.63
463.47
464.25
465.03
465.75
466.44
467.12
467.76
468.4
469.12
469.88
470.65
471.4
472.19
472.95
473.67
474.43
475.23
475.99
476.75
477.51
478.23
479.02
479.81
480.6
481.38
482.2
483.02
483.8
484.61
485.45
486.33
487.17
487.98
488.82
489.7
490.51
491.27
492.1
492.9
493.65
494.46
495.26
495.98
496.71
497.49
498.19
498.96
499.73
500.55
501.33
502.07
502.83
503.63
504.37
505.09
505.83
506.53
507.22
507.94
508.64
509.31
510.02
510.73
511.44
512.1
512.82
513.52
514.23
514.93
515.61
516.32
517.03
517.73
518.45
519.17
519.91
520.63
521.37
522.13
522.92
523.71
524.47
525.23
526.02
526.79
527.61
528.36
529.17
530.0
530.76
531.57
532.39
533.1
533.83
534.57
535.3
536.04
536.73
537.45
538.22
539.01
539.81
540.59
541.37
542.14
542.96
543.74
544.57
545.36
546.03
546.74
547.46
548.21
548.92
549.7
550.45
551.17
551.95
552.67
553.37
554.12
554.82
555.57
556.18
556.84
557.46
558.12
558.84
559.5
560.2
560.87
561.52
562.23
562.9
563.68
564.52
565.29
566.14
567.0
567.83
568.74
569.56
570.48
571.38
572.28
573.19
574.14
575.13
576.13
577.21
578.12
579.08
580.05
580.99
581.98
582.91
583.8
584.42
584.98
585.58
586.19
586.74
587.35
587.93
588.46
589.05
589.6
590.14
590.73
591.26
591.86
592.49
593.1
593.69
594.32
594.9
595.53
596.13
596.77
597.39
598.02
598.68
599.27
599.91
600.51
601.16
601.8
602.47
603.18
604.01
604.95
605.94
606.91
607.76
608.69
609.53
610.4
611.26
612.17
613.05
613.89
614.8
615.73
616.71
617.59
618.62
619.69
620.62
621.61
622.63
623.43
624.13
624.85
625.54
626.24
626.99
627.66
628.4
629.0
629.61
630.22
630.8
631.42
632.0
632.59
633.12
633.7
634.25
634.78
635.32
635.87
636.45
637.03
637.59
638.17
638.74
639.32
639.88
640.45
640.99
641.57
642.12
642.71
643.25
643.84
644.44
645.03
645.61
646.21
646.82
647.38
647.97
648.53
649.13
649.69
650.27
650.85
651.46
652.03
652.6
653.17
653.76
654.33
654.92
655.49
656.1
656.72
657.34
657.93
658.51
659.12
659.76
660.37
660.95
661.57
662.22
662.8
663.35
663.93
664.53
665.08
665.65
666.2
666.81
667.38
667.98
668.57
669.16
669.72
670.33
670.9
671.46
672.01
672.64
673.28
673.81
674.37
674.96
675.52
676.06
676.67
677.32
677.92
678.57
679.24
679.85
680.54
681.46
682.3
683.27
684.21
685.04
685.85
686.58
687.37
688.16
688.85
689.57
690.25
690.96
691.68
692.38
