1.0
4.04
7.01
10.61
14.79
18.68
22.24
25.3
28.88
32.41
35.67
38.58
41.55
44.19
46.63
48.89
51.34
53.71
56.08
58.42
60.74
63.14
65.7
68.13
70.6
73.0
75.48
78.04
80.47
82.71
85.14
87.58
90.03
92.47
94.89
97.41
99.87
102.41
104.92
107.95
111.88
115.63
119.34
122.49
125.53
128.65
131.98
135.69
139.23
142.88
146.16
149.97
154.01
158.01
161.72
164.91
167.78
170.49
173.17
175.76
178.46
181.12
183.86
186.36
189.15
192.33
195.44
198.26
200.66
203.29
205.99
208.91
211.59
214.35
217.24
219.61
222.29
225.3
228.1
230.69
233.18
235.74
238.48
241.17
243.89
246.52
249.62
252.88
256.12
259.15
262.34
265.25
268.41
271.9
275.59
279.17
281.98
284.48
286.99
289.81
292.65
295.22
297.64
300.34
303.15
306.12
309.15
312.2
314.96
317.54
320.05
322.63
325.19
327.54
330.09
332.54
334.95
337.31
339.85
342.87
345.83
348.94
352.36
355.8
359.18
362.88
366.88
370.64
374.53
378.31
381.97
385.39
389.25
393.13
396.94
401.05
404.05
406.55
408.99
411.44
414.17
416.97
419.28
421.37
423.59
425.82
427.92
430.42
432.83
435.27
437.61
440.22
443.04
446.0
449.06
452.2
455.31
458.49
461.78
465.03
467.75
470.65
473.88
477.42
480.58
483.79
487.16
491.0
495.25
499.13
502.82
505.82
508.63
511.43
514.22
517.02
519.9
522.91
526.01
529.19
532.38
535.3
538.21
541.37
544.57
547.45
550.45
553.0
555.56
558.12
560.86
563.67
567.0
570.47
574.13
578.11
581.97
584.97
587.34
589.59
591.84
594.13
596.46
598.67
601.15
603.94
606.9
610.4
613.88
616.83
619.68
622.62
625.54
627.88
630.21
632.58
634.78
637.02
639.31
641.57
643.82
646.21
648.53
650.84
653.19
655.48
657.9
660.36
662.79
665.08
667.38
669.73
672.01
674.57
677.32
679.82
682.29
684.79
687.37
690.24
