0.0
0.81
1.59
2.39
3.15
3.9
4.67
5.41
6.15
6.9
7.72
8.49
9.23
9.98
10.77
11.51
12.24
13.0
13.77
14.53
15.22
15.95
16.67
17.37
18.1
18.92
19.69
20.49
21.33
22.08
22.87
23.65
24.43
25.19
26.01
26.8
27.58
28.36
29.2
30.0
30.75
31.52
32.32
33.12
33.89
34.65
35.42
36.19
36.9
37.67
38.42
39.15
39.92
40.69
41.48
42.24
43.06
43.86
44.67
45.48
46.27
47.08
47.91
48.71
49.48
50.27
51.12
51.92
52.69
53.48
54.28
55.05
55.81
56.58
57.35
58.09
58.83
59.57
60.36
61.13
61.85
62.59
63.31
64.04
64.78
65.52
66.23
67.0
67.71
68.43
69.18
69.89
70.65
71.34
72.08
72.92
73.71
74.54
75.39
76.2
76.98
77.8
78.57
79.33
80.12
80.86
81.61
82.34
83.08
83.8
84.49
85.24
85.97
86.7
87.48
88.21
88.88
89.58
90.26
90.89
91.57
92.28
92.94
93.62
94.29
95.04
95.78
96.52
97.36
98.14
98.92
99.72
100.55
101.36
102.14
102.91
103.69
104.48
105.24
106.02
106.8
107.56
108.26
109.01
109.77
110.55
111.34
112.14
112.97
113.71
114.51
115.27
115.98
116.73
117.5
118.24
119.02
119.78
120.56
121.27
122.03
122.78
123.46
124.18
124.95
125.69
126.43
127.14
127.95
128.79
129.65
130.45
131.27
132.17
133.21
134.26
135.22
136.26
137.34
138.43
139.58
140.59
141.6
142.63
143.73
144.8
145.86
146.93
147.99
149.05
150.2
151.29
152.37
