0.68
1.37
2.05
2.74
3.47
4.17
4.83
5.53
6.24
6.97
7.65
8.34
9.06
9.78
10.44
11.16
11.9
12.59
13.31
13.98
14.7
15.37
16.04
16.8
17.56
18.34
19.1
19.85
20.58
21.38
22.1
22.89
23.61
24.28
24.98
25.7
26.43
27.13
27.87
28.62
29.33
30.01
30.73
31.49
32.19
32.91
33.59
34.31
35.07
35.8
36.51
37.23
37.9
38.55
39.18
39.8
40.45
41.08
41.77
42.48
43.2
43.93
44.68
45.39
46.17
46.92
47.65
48.38
49.14
49.86
50.56
51.32
52.04
52.82
53.53
54.28
55.05
55.84
56.57
57.36
58.13
58.91
59.62
60.41
61.13
61.9
62.61
63.36
64.13
64.85
65.64
66.39
67.1
67.79
68.53
69.23
69.96
70.69
71.41
72.14
72.85
73.61
74.34
75.05
75.76
76.49
77.24
77.95
78.73
79.44
80.18
80.92
81.71
82.44
83.17
83.86
84.61
85.31
86.07
86.83
87.53
88.28
89.03
89.76
90.53
91.26
91.94
92.66
93.37
94.14
94.84
95.56
96.29
97.02
97.71
98.46
99.23
99.94
100.66
101.37
102.17
103.04
103.95
104.83
105.8
106.77
107.9
109.0
110.06
111.14
112.26
113.3
114.37
115.43
116.46
117.57
118.64
119.73
120.74
121.69
122.73
123.71
124.58
125.49
126.41
127.24
128.14
128.99
129.8
130.67
131.54
132.39
133.3
134.16
134.99
135.94
136.82
137.73
138.63
139.47
140.38
141.41
142.46
143.51
144.52
145.6
146.64
