0.29
0.86
1.48
2.07
2.68
3.31
3.9
4.52
5.11
5.72
6.36
6.96
7.58
8.18
8.78
9.38
9.99
10.59
11.25
11.89
12.55
13.18
13.84
14.44
15.02
15.6
16.2
16.81
17.39
18.04
18.72
19.35
19.99
20.63
21.26
21.89
22.53
23.16
23.83
24.45
25.09
25.68
26.29
26.9
27.53
28.15
28.8
29.45
30.1
30.74
31.44
32.09
32.72
33.41
34.07
34.71
35.34
36.0
36.64
37.23
37.86
38.5
39.11
39.71
40.33
40.97
41.63
42.25
42.88
43.51
44.13
44.73
45.35
46.01
46.66
47.32
47.94
48.62
49.3
49.99
50.64
51.33
52.01
52.71
53.36
54.05
54.74
55.39
56.06
56.74
57.4
58.07
58.69
59.35
60.0
60.65
61.3
61.94
62.62
63.3
63.96
64.64
65.29
65.96
66.58
67.21
67.84
68.45
69.07
69.68
70.32
70.96
71.6
72.27
72.89
73.54
74.15
74.78
75.38
76.0
76.63
77.25
77.9
78.57
79.23
79.95
80.61
81.24
81.88
82.51
83.19
83.8
84.47
85.09
85.7
86.31
86.95
87.58
88.25
88.93
89.6
90.26
91.0
91.69
92.38
93.04
93.74
94.43
95.06
95.71
96.35
96.95
97.61
98.21
98.84
99.51
100.13
100.78
101.44
102.11
102.75
103.43
104.11
104.76
105.41
106.11
106.76
107.42
108.05
108.74
109.39
110.1
110.72
111.41
112.04
112.67
113.38
114.16
114.9
115.6
116.36
117.09
117.86
118.63
119.41
120.15
120.96
121.7
122.48
123.29
124.12
124.99
125.79
126.64
127.48
