0.29
0.96
1.63
2.29
2.94
3.62
4.27
4.89
5.56
6.27
7.01
7.69
8.37
9.1
9.81
10.45
11.13
11.82
12.56
13.21
13.86
14.54
15.25
15.89
16.55
17.17
17.86
18.57
19.27
20.02
20.81
21.47
22.16
22.8
23.5
24.14
24.82
25.53
26.29
26.99
27.69
28.44
29.12
29.77
30.48
31.2
31.97
32.64
33.3
33.96
34.56
35.19
35.83
36.49
37.15
37.77
38.48
39.16
39.85
40.51
41.19
41.86
42.55
43.24
43.89
44.58
45.31
46.1
46.79
47.5
48.22
48.92
49.55
50.23
50.97
51.76
52.45
53.17
53.89
54.62
55.34
56.04
56.77
57.52
58.24
58.93
59.66
60.33
61.05
61.75
62.47
63.18
63.88
64.62
65.31
66.01
66.75
67.54
68.25
69.0
69.8
70.58
71.33
72.1
72.93
73.68
74.49
75.27
76.07
76.82
77.61
78.29
79.03
79.73
80.45
81.21
81.89
82.53
83.23
83.93
84.64
85.29
86.03
86.79
87.51
88.2
88.94
89.68
90.39
91.06
91.77
92.51
93.26
93.98
94.67
95.4
96.13
96.84
97.53
98.28
99.05
99.78
100.56
101.24
101.93
102.6
103.26
103.98
104.65
105.34
106.0
106.65
107.35
107.97
108.63
109.25
109.9
110.61
111.31
112.04
112.8
113.51
114.27
115.01
115.72
116.42
117.14
117.83
118.58
119.25
119.92
120.62
121.4
122.14
123.04
123.87
124.7
125.56
126.5
127.43
128.36
129.3
130.15
131.06
132.1
133.13
134.08
135.03
135.97
136.95
137.91
138.76
139.61
140.45
141.35
