0.0
0.75
1.48
2.2
2.91
3.62
4.32
5.0
5.71
6.39
7.09
7.78
8.49
9.18
9.87
10.58
11.28
11.96
12.67
13.39
14.08
14.8
15.47
16.14
16.81
17.48
18.17
18.87
19.54
20.25
21.02
21.8
22.54
23.34
24.06
24.8
25.53
26.23
26.96
27.68
28.44
29.17
29.9
30.6
31.34
32.06
32.8
33.56
34.26
35.04
35.82
36.66
37.44
38.27
39.06
39.86
40.76
41.61
42.37
43.12
43.86
44.65
45.4
46.11
46.86
47.6
48.4
49.15
49.91
50.67
51.43
52.18
52.94
53.69
54.41
55.16
55.9
56.63
57.39
58.17
58.92
59.66
60.4
61.08
61.82
62.57
63.32
64.08
64.86
65.68
66.44
67.24
68.1
68.94
69.81
70.7
71.45
72.21
72.93
73.73
74.47
75.23
75.98
76.78
77.53
78.3
79.06
79.82
80.59
81.36
82.13
82.9
83.65
84.46
85.2
85.98
86.8
87.56
88.28
89.02
89.74
90.47
91.19
91.99
92.71
93.5
94.29
95.11
95.86
96.64
97.39
98.12
98.87
99.61
100.37
101.12
101.84
102.57
103.33
104.06
104.8
105.58
106.31
107.09
107.91
108.67
109.45
110.22
111.0
111.76
112.54
113.28
114.13
114.99
115.81
116.59
117.39
118.23
119.04
119.88
120.65
121.49
122.31
123.12
124.03
124.92
125.71
126.49
127.22
127.99
128.76
129.57
130.33
131.1
131.85
132.6
133.34
134.08
134.8
135.57
136.4
137.21
138.0
138.73
139.46
140.2
140.96
141.7
142.46
143.23
143.97
144.68
145.3
145.91
146.52
147.16
147.76
148.4
149.03
149.62
150.24
150.89
151.48
152.12
