1.49
2.91
4.3
5.7
7.08
8.48
9.86
11.27
12.66
14.07
15.47
16.8
18.17
19.54
21.02
22.54
24.05
25.52
26.95
28.43
29.89
31.33
32.79
34.26
35.81
37.44
39.05
40.66
42.25
43.85
45.38
46.85
48.39
49.9
51.42
52.94
54.41
55.89
57.38
58.91
60.39
61.81
63.31
64.86
66.44
68.09
69.81
71.44
72.94
74.46
75.98
77.53
79.04
80.58
82.13
83.65
85.2
86.79
88.28
89.74
91.18
92.71
94.28
95.85
97.39
98.86
100.36
101.83
103.32
104.79
106.3
107.83
109.41
110.99
112.75
114.54
116.2
117.81
119.45
121.09
122.71
124.48
126.1
127.62
129.17
130.68
132.2
133.69
135.13
136.54
137.99
139.45
140.95
142.46
143.97
145.29
146.52
147.76
