0.0
0.71
1.41
2.06
2.74
3.45
4.12
4.74
5.42
6.09
6.75
7.44
8.12
8.82
9.5
10.16
10.81
11.5
12.22
12.93
13.62
14.33
15.01
15.68
16.29
16.91
17.61
18.32
19.02
19.75
20.47
21.15
21.83
22.57
23.27
23.93
24.61
25.28
25.98
26.66
27.33
28.03
28.7
29.33
30.01
30.71
31.43
32.16
32.84
33.55
34.24
34.91
35.6
36.29
36.99
37.66
38.29
38.97
39.61
40.26
40.95
41.69
42.42
43.05
43.73
44.39
45.07
45.76
46.42
47.1
47.78
48.43
49.09
49.79
50.46
51.09
51.72
52.4
53.12
53.8
54.53
55.3
56.02
56.74
57.46
58.3
59.11
59.98
60.81
61.71
62.54
63.45
64.29
65.03
65.8
66.52
67.25
67.94
68.63
69.32
70.07
70.76
71.45
72.1
72.75
73.46
74.13
74.8
75.43
76.11
76.83
77.49
78.18
78.83
79.46
80.1
80.74
81.38
82.02
82.67
83.3
83.95
84.6
85.3
86.0
86.75
87.46
88.12
88.78
89.45
90.12
90.83
91.49
92.16
92.87
93.53
94.15
94.84
95.53
96.28
96.99
97.67
98.35
99.03
99.76
100.46
101.19
101.91
102.65
103.37
104.06
104.77
105.49
106.23
106.97
107.65
108.28
108.95
109.63
110.33
111.04
111.71
112.36
113.03
113.72
114.39
115.06
115.73
116.39
117.07
117.72
118.41
119.12
119.93
120.68
121.48
122.23
123.01
123.82
124.72
125.56
126.41
127.26
128.15
128.99
129.86
130.72
131.43
132.15
132.87
133.64
134.37
135.07
135.82
136.61
137.36
