0.37
0.96
1.54
2.18
2.79
3.44
4.07
4.71
5.34
6.0
6.65
7.31
7.93
8.59
9.25
9.9
10.54
11.21
11.86
12.55
13.16
13.85
14.48
15.14
15.76
16.44
17.06
17.71
18.37
19.07
19.7
20.36
20.99
21.64
22.33
22.99
23.61
24.29
24.99
25.64
26.33
26.98
27.65
28.31
28.97
29.66
30.31
30.98
31.61
32.3
32.92
33.53
34.15
34.78
35.38
35.95
36.5
37.07
37.68
38.28
38.87
39.51
40.16
40.84
41.53
42.2
42.84
43.53
44.23
44.92
45.59
46.28
46.98
47.64
48.3
48.95
49.58
50.22
50.87
51.55
52.27
52.97
53.61
54.31
54.93
55.52
56.15
56.77
57.4
58.04
58.68
59.35
59.98
60.62
61.25
61.9
62.58
63.36
64.09
64.79
65.48
66.16
66.84
67.53
68.22
68.9
69.62
70.32
70.98
71.66
72.32
72.98
73.66
74.34
74.99
75.62
76.22
76.8
77.41
78.02
78.66
79.3
79.93
80.57
81.2
81.86
82.56
83.22
83.89
84.58
85.22
85.9
86.56
87.28
87.97
88.65
89.31
89.99
90.67
91.36
92.02
92.72
93.39
94.07
94.72
95.43
96.1
96.79
97.45
98.12
98.84
99.48
100.2
100.87
101.52
102.23
102.92
103.56
104.25
104.93
105.63
106.31
107.04
107.72
108.44
109.13
109.84
110.52
111.22
111.9
112.64
113.36
114.08
114.86
115.59
116.29
117.04
117.66
118.34
119.01
119.64
120.34
120.98
121.65
122.28
122.9
123.53
124.15
124.78
125.37
126.01
126.61
127.22
127.84
128.44
129.03
129.65
130.27
130.86
131.47
132.1
132.77
133.38
134.04
