0.96
4.66
8.14
11.56
15.11
19.14
23.11
26.43
29.68
32.85
36.19
39.88
43.77
47.3
50.55
54.03
57.32
60.51
63.87
67.7
71.59
75.24
78.66
82.37
85.97
89.52
92.74
96.0
99.35
102.53
105.77
108.86
112.29
116.28
120.41
124.55
128.19
131.7
135.16
139.37
143.11
146.52
149.79
153.26
156.86
160.32
163.4
166.39
169.36
172.24
175.24
178.39
181.66
184.84
188.0
191.24
194.86
198.73
202.6
206.01
209.35
213.41
216.97
220.07
223.98
227.65
230.86
234.26
237.97
241.9
245.54
248.85
252.24
255.95
259.67
263.45
267.28
270.79
274.26
277.81
281.51
284.8
288.46
291.7
294.81
297.97
301.3
304.51
307.26
310.36
313.45
