0.0
0.97
1.94
2.9
3.75
4.67
5.51
6.35
7.28
8.14
9.06
9.87
10.71
11.57
12.43
13.26
14.04
14.9
15.8
16.62
17.5
18.34
19.15
19.92
20.74
21.49
22.28
23.12
23.91
24.77
25.55
26.43
27.22
28.09
28.88
29.69
30.47
31.28
32.05
32.86
33.67
34.42
35.23
36.03
36.83
37.61
38.43
39.31
40.25
41.15
42.03
42.95
43.79
44.69
45.62
46.45
47.31
48.1
48.86
49.65
50.56
51.45
52.3
53.2
54.04
54.87
55.76
56.51
57.33
58.07
58.88
59.67
60.51
61.35
62.25
63.02
63.86
64.59
65.35
66.18
67.01
67.9
68.74
69.69
70.56
71.59
72.52
73.52
74.4
75.24
76.1
76.89
77.72
78.66
79.56
80.52
81.42
82.38
83.27
84.22
85.12
85.98
86.83
87.73
88.63
89.52
90.42
91.17
91.94
92.75
93.5
94.29
95.08
96.01
96.9
97.72
98.53
99.36
100.22
100.99
101.74
102.54
103.3
104.15
104.98
105.78
106.54
107.37
108.11
108.91
109.66
110.41
111.27
112.11
112.94
113.79
114.61
115.46
116.28
117.08
117.96
118.74
119.61
120.42
121.27
122.11
122.94
123.73
124.56
125.46
126.34
127.21
128.03
128.91
129.87
130.76
131.7
132.64
133.69
134.68
135.76
136.67
137.68
138.57
139.55
140.42
141.38
142.22
143.12
144.05
144.89
145.68
146.53
147.38
148.26
149.02
149.8
150.6
151.5
152.33
153.26
154.15
155.06
155.96
156.87
157.78
158.6
159.45
160.33
161.2
162.08
162.89
163.78
164.64
165.63
166.53
167.53
168.48
169.38
170.44
171.53
172.59
173.64
174.71
175.83
176.85
177.8
178.77
179.71
180.67
181.66
182.65
183.73
184.83
185.84
186.95
188.01
188.98
189.95
190.95
191.95
192.91
193.91
194.84
195.81
196.78
197.76
198.74
199.8
200.78
201.74
202.61
203.45
204.27
205.18
206.02
206.88
207.7
208.54
209.35
210.23
211.23
212.16
213.1
214.11
215.03
216.03
216.98
218.0
219.03
220.07
221.06
222.14
223.06
223.99
224.91
225.9
226.75
227.66
228.48
229.26
230.05
230.87
231.73
232.63
233.52
234.27
235.0
235.77
236.6
237.37
238.16
238.96
239.8
240.59
241.38
242.22
243.0
243.85
244.66
245.54
246.35
247.18
247.98
248.86
249.68
250.56
251.36
252.25
253.05
253.82
254.75
255.64
256.52
257.46
258.33
259.25
260.15
260.93
261.76
262.55
263.43
264.25
265.05
265.86
266.64
267.43
268.28
269.07
269.96
270.8
271.68
272.52
273.37
274.26
275.07
275.95
276.9
277.82
278.81
279.78
280.65
281.52
282.29
283.06
283.94
284.81
285.66
286.63
287.59
288.48
289.48
290.41
291.32
292.29
293.2
293.98
294.81
295.57
296.41
297.17
297.98
298.87
299.67
300.44
301.29
302.11
302.87
303.69
304.52
305.47
306.33
307.26
308.15
309.08
310.04
310.96
311.92
312.84
313.78
314.7
315.68
316.61
317.5
318.42
319.4
320.3
