3.46
7.05
10.47
14.48
18.65
22.59
26.45
30.85
34.95
38.9
42.83
46.87
51.04
55.18
59.53
63.78
67.67
71.6
75.46
79.67
83.98
88.27
91.92
95.34
99.2
103.05
107.12
111.21
115.05
118.4
122.07
125.73
129.99
134.19
138.54
142.67
146.77
151.19
155.41
159.61
163.6
167.51
171.23
175.34
179.44
183.31
187.02
190.87
194.75
198.91
203.07
207.31
211.63
215.76
219.55
223.4
227.62
231.58
235.55
239.59
243.6
247.6
251.46
255.13
259.38
263.3
267.19
271.06
274.94
279.19
283.19
287.22
291.29
295.02
298.73
302.34
306.15
310.07
313.9
317.78
322.03
326.0
330.17
334.21
338.34
341.98
345.96
350.0
354.14
357.98
361.28
