0.31
1.07
1.91
2.71
3.47
4.37
5.42
6.47
7.4
8.35
9.35
10.41
11.37
12.44
13.42
14.49
15.48
16.55
17.64
18.69
19.76
20.68
21.61
22.61
23.54
24.42
25.38
26.45
27.54
28.69
29.78
30.86
31.88
32.88
33.9
34.97
35.91
36.93
37.88
38.91
39.87
40.86
41.87
42.85
43.79
44.73
45.74
46.88
47.93
49.07
49.98
51.05
52.03
53.08
54.08
55.16
56.13
57.16
58.24
59.19
60.14
61.02
61.96
62.84
63.79
64.81
65.76
66.73
67.67
68.63
69.61
70.62
71.61
72.58
73.62
74.52
75.46
76.47
77.56
78.58
79.69
80.73
81.81
82.9
83.99
85.07
86.13
87.2
88.33
89.34
90.31
91.32
92.38
93.33
94.34
95.35
96.27
97.28
98.19
99.2
100.11
101.13
102.13
103.08
104.12
105.16
106.14
107.13
108.12
109.11
110.15
111.23
112.19
113.22
114.16
115.06
115.98
116.91
117.9
118.96
119.92
120.99
122.08
123.21
124.18
125.21
126.28
127.3
128.26
129.27
130.37
131.45
132.53
133.68
134.73
135.76
136.84
137.95
138.96
140.06
141.1
142.16
143.22
144.28
145.23
146.23
147.27
148.32
149.29
150.22
151.24
152.25
153.36
154.36
155.41
156.53
157.54
158.63
159.62
160.67
161.72
162.68
163.61
164.6
165.61
166.61
167.53
168.53
169.42
170.36
171.25
172.28
173.33
174.39
175.35
176.46
177.58
178.68
179.71
180.81
181.86
182.87
183.84
184.73
185.68
186.58
187.54
188.49
189.47
190.39
191.38
192.31
193.31
194.29
195.36
196.44
197.49
198.53
199.53
200.56
201.58
202.68
203.71
204.81
205.81
206.79
207.81
208.8
209.89
210.92
211.89
212.84
213.76
214.77
215.77
216.71
217.67
218.64
219.55
220.48
221.41
222.39
223.41
224.32
225.3
226.29
227.18
228.14
229.21
230.31
231.38
232.52
233.49
234.55
235.56
236.48
237.58
238.66
239.6
240.64
241.62
242.64
243.61
244.6
245.61
246.65
247.6
248.63
249.56
250.48
251.47
252.39
253.28
254.2
255.14
256.23
257.31
258.34
259.39
260.37
261.32
262.31
263.31
264.23
265.25
266.2
267.2
268.18
269.25
270.15
271.07
271.99
272.87
273.86
274.97
276.02
277.09
278.19
279.19
280.17
281.2
282.17
283.2
284.13
285.1
286.09
287.18
288.16
289.22
290.26
291.31
292.42
293.44
294.52
295.59
296.52
297.36
298.27
299.17
300.19
301.17
302.19
303.17
304.21
305.25
306.16
307.08
308.09
309.06
310.08
311.08
312.03
313.0
313.94
314.88
315.86
316.76
317.79
318.8
319.86
320.85
321.94
322.91
323.94
325.0
326.01
327.14
328.14
329.17
330.22
331.14
332.1
333.19
334.23
335.24
336.25
337.26
338.34
339.22
340.16
341.11
342.0
343.0
344.06
345.03
345.97
346.89
347.9
349.0
350.01
351.09
352.13
353.21
354.16
355.22
356.17
357.18
358.19
359.1
360.0
360.94
361.84
362.7
363.58
364.46
365.35
366.29
367.17
368.06
