4.45
7.88
11.6
15.15
18.8
22.97
27.06
30.64
34.35
38.16
42.21
45.99
49.77
53.43
57.38
61.69
66.01
70.22
74.35
78.4
82.08
85.8
89.41
93.62
97.27
100.81
104.68
108.37
111.79
115.56
119.49
123.45
127.66
132.04
136.0
139.98
144.32
148.71
152.96
156.79
160.55
164.38
168.05
172.14
176.35
180.25
184.09
187.74
191.52
195.56
199.79
203.81
207.4
210.79
214.15
217.96
221.82
225.69
229.65
233.22
236.93
241.12
245.17
248.69
251.87
255.07
258.66
262.69
266.63
270.38
274.42
278.05
281.82
285.55
289.58
293.66
297.65
301.52
305.34
309.02
312.78
316.47
320.01
323.53
326.97
331.03
334.75
338.64
342.84
347.2
351.47
355.81
359.69
363.42
367.13
