0.58
1.59
2.52
3.47
4.46
5.37
6.37
7.28
8.17
9.12
9.98
10.81
11.67
12.54
13.44
14.29
15.15
15.98
16.86
17.82
18.81
19.87
20.86
21.87
22.97
24.05
25.1
26.07
27.07
28.12
29.19
30.28
31.2
32.22
33.18
34.16
35.16
36.21
37.18
38.17
39.25
40.36
41.28
42.22
43.21
44.16
45.06
46.03
46.99
47.96
48.85
49.78
50.75
51.67
52.55
53.51
54.39
55.3
56.37
57.4
58.42
59.49
60.52
61.62
62.64
63.56
64.49
65.49
66.4
67.41
68.43
69.44
70.47
71.4
72.35
73.32
74.35
75.38
76.44
77.45
78.4
79.28
80.22
81.15
82.09
83.08
84.03
85.13
86.22
87.23
88.37
89.42
90.53
91.61
92.67
93.74
94.83
95.84
96.9
97.98
98.98
99.97
100.9
101.91
102.84
103.73
104.69
105.63
106.52
107.4
108.36
109.27
110.07
110.91
111.8
112.68
113.67
114.58
115.58
116.51
117.48
118.5
119.5
120.42
121.44
122.5
123.46
124.49
125.48
126.61
127.68
128.75
129.87
130.99
132.04
133.16
134.07
135.07
136.01
136.95
137.93
138.86
139.8
140.76
141.79
142.72
143.73
144.66
145.65
146.59
147.5
148.37
149.3
150.26
151.16
152.07
152.98
153.91
154.83
155.8
156.8
157.75
158.67
159.62
160.56
161.55
162.48
163.48
164.39
165.35
166.21
167.17
168.05
169.07
170.12
171.16
172.15
173.22
174.3
175.31
176.37
177.41
178.51
179.59
180.59
181.62
182.7
183.63
184.55
185.52
186.49
187.42
188.34
189.3
190.22
191.09
192.0
192.89
193.86
194.77
195.74
196.7
197.73
198.78
199.79
200.87
201.9
202.84
203.81
204.7
205.6
206.5
207.45
208.42
209.37
210.33
211.27
212.26
213.19
214.15
215.13
216.08
216.99
217.93
218.79
219.71
220.61
221.49
222.4
223.31
224.07
224.9
225.68
226.52
227.36
228.14
228.95
229.85
230.65
231.55
232.41
233.24
234.01
234.86
235.81
236.94
237.98
239.11
240.15
241.14
242.19
243.2
244.16
245.14
246.17
247.1
248.06
249.04
249.93
250.87
251.77
252.68
253.47
254.28
255.08
255.85
256.76
257.68
258.68
259.69
260.67
261.69
262.7
263.64
264.58
265.6
266.64
267.54
268.45
269.4
270.24
271.01
271.84
272.72
273.6
274.43
275.28
276.23
277.15
278.06
279.07
280.01
280.98
282.1
283.14
284.23
285.31
286.42
287.55
288.63
289.59
290.62
291.67
292.65
293.68
294.62
295.62
296.6
297.67
298.67
299.62
300.61
301.53
302.44
303.43
304.34
305.31
306.23
307.19
308.08
309.03
310.01
310.9
311.89
312.79
313.68
314.6
315.53
316.48
317.33
318.23
319.16
320.02
320.93
321.8
322.7
323.54
324.4
325.23
326.12
326.97
327.78
328.63
329.54
330.38
331.26
332.11
332.95
333.79
334.75
335.71
336.62
337.57
338.66
339.66
340.68
341.74
342.78
343.8
344.77
345.81
346.79
347.83
348.85
349.83
350.93
352.03
353.1
354.24
355.3
356.42
357.47
358.6
359.66
360.69
361.71
362.81
363.82
364.85
365.78
366.74
367.69
368.8
369.8
370.91
371.92
372.99
374.06
375.17
