3.25
6.76
10.47
14.26
17.92
21.87
25.63
29.81
34.12
38.08
42.07
45.93
50.28
54.24
58.15
62.18
66.27
70.33
74.44
78.48
82.82
86.87
90.81
95.08
99.2
103.61
107.93
112.23
116.15
119.93
124.33
128.65
133.02
136.93
140.34
143.86
147.54
151.26
154.83
158.49
162.09
165.67
169.51
173.3
177.02
181.13
185.52
189.52
193.26
197.11
201.49
205.5
209.79
213.93
217.97
221.99
226.01
229.84
233.64
237.69
241.53
245.21
249.17
252.93
257.02
261.2
265.1
269.12
273.06
277.44
281.44
285.29
289.14
293.53
297.88
301.8
305.93
310.0
314.01
318.25
322.56
326.38
330.49
334.27
338.26
342.58
346.93
351.3
355.24
358.78
