0.96
2.04
3.19
4.21
5.33
6.32
7.38
8.43
9.41
10.49
11.43
12.35
13.31
14.27
15.25
16.15
17.04
17.93
18.92
19.88
20.84
21.88
22.81
23.81
24.72
25.64
26.59
27.63
28.7
29.83
30.92
31.94
33.02
34.14
35.1
36.09
37.08
38.09
39.12
40.2
41.12
42.08
43.03
43.95
44.9
45.86
46.79
47.7
48.57
49.5
50.37
51.3
52.26
53.2
54.25
55.18
56.21
57.15
58.16
59.17
60.1
61.11
62.19
63.2
64.2
65.29
66.28
67.32
68.29
69.28
70.34
71.48
72.54
73.48
74.45
75.42
76.33
77.43
78.49
79.63
80.71
81.73
82.83
83.89
84.86
85.84
86.88
87.89
88.85
89.81
90.82
91.85
92.8
93.81
94.94
95.95
97.05
98.14
99.21
100.3
101.42
102.48
103.61
104.7
105.76
106.82
107.94
109.0
110.13
111.19
112.24
113.23
114.23
115.15
116.16
117.09
117.99
118.95
119.94
121.05
122.15
123.23
124.34
125.39
126.51
127.63
128.67
129.81
130.84
131.96
133.02
134.11
135.12
136.13
137.21
138.19
139.18
140.17
141.13
142.09
143.0
143.87
144.79
145.71
146.64
147.55
148.46
149.39
150.29
151.26
152.16
153.05
153.91
154.84
155.76
156.66
157.55
158.5
159.37
160.32
161.23
162.1
163.03
163.93
164.9
165.68
166.49
167.36
168.13
168.98
169.79
170.67
171.51
172.43
173.31
174.24
175.18
176.09
177.07
178.04
178.97
179.88
180.85
181.66
182.49
183.32
184.12
184.96
185.85
186.77
187.66
188.62
189.54
190.52
191.4
192.33
193.26
194.19
195.14
196.03
197.12
198.21
199.35
200.45
201.49
202.51
203.52
204.49
205.52
206.64
207.7
208.7
209.8
210.8
211.87
212.88
213.93
214.97
215.93
216.8
217.73
218.7
219.68
220.71
221.66
222.64
223.56
224.56
225.48
226.44
227.43
228.38
229.46
230.59
231.59
232.67
233.64
234.69
235.64
236.66
237.7
238.68
239.62
240.61
241.54
242.5
243.39
244.33
245.22
246.16
247.18
248.14
249.18
250.1
251.1
252.02
252.94
253.87
254.89
255.91
257.03
258.15
259.15
260.16
261.22
262.14
263.1
264.08
265.09
266.2
267.24
268.16
269.13
270.1
270.97
271.87
272.82
273.8
274.7
275.65
276.61
277.51
278.49
279.42
280.37
281.41
282.33
283.37
284.29
285.3
286.2
287.01
287.85
288.72
289.58
290.52
291.5
292.4
293.54
294.58
295.69
296.75
297.88
298.87
299.83
300.75
301.81
302.8
303.89
304.9
305.93
307.04
308.07
309.05
310.03
310.98
311.88
312.92
314.02
315.11
316.14
317.19
318.26
319.39
320.43
321.47
322.57
323.6
324.53
325.47
326.4
327.53
328.59
329.72
330.82
331.91
332.94
334.03
335.17
336.25
337.27
338.27
339.34
340.39
341.52
342.59
343.67
344.75
345.9
346.94
348.06
349.15
350.26
351.32
352.36
353.29
354.26
355.25
356.18
357.1
358.01
358.94
359.91
360.8
361.76
362.68
363.54
364.48
365.38
