0.68
1.58
2.48
3.37
4.23
5.24
6.2
7.13
8.07
9.08
9.99
10.98
11.99
12.97
14.02
15.01
16.03
16.97
17.96
18.85
19.68
20.54
21.44
22.34
23.25
24.1
25.0
26.02
26.98
28.02
29.0
29.89
30.84
31.78
32.66
33.64
34.71
35.69
36.7
37.67
38.65
39.57
40.53
41.53
42.53
43.47
44.44
45.46
46.37
47.33
48.25
49.21
50.16
51.08
51.97
52.91
53.84
54.77
55.73
56.61
57.54
58.52
59.44
60.35
61.26
62.24
63.11
64.01
65.0
65.92
66.86
67.82
68.7
69.54
70.37
71.24
72.1
72.97
73.8
74.63
75.54
76.4
77.22
78.12
78.94
79.82
80.71
81.74
82.79
83.83
84.87
85.89
86.98
87.97
89.06
90.03
91.05
92.05
93.06
94.1
95.05
96.06
97.02
97.88
98.75
99.66
100.52
101.42
102.3
103.23
104.07
104.99
105.85
106.74
107.67
108.57
109.41
110.3
111.22
112.2
113.18
114.14
115.06
116.03
117.08
118.03
119.1
120.16
121.15
122.24
123.24
124.24
125.2
126.22
127.18
128.13
129.03
129.91
130.84
131.7
132.61
133.61
134.56
135.56
136.5
137.49
138.55
139.53
140.47
141.46
142.48
143.5
144.45
145.39
146.4
147.33
148.27
149.27
150.21
151.24
152.31
153.33
154.24
155.19
156.13
157.05
158.04
158.96
159.87
160.81
161.82
162.75
163.69
164.7
165.73
166.69
167.73
168.67
169.64
170.63
171.61
172.55
173.49
174.39
175.31
176.3
177.25
178.16
179.16
180.1
181.02
182.04
182.96
183.97
184.96
185.81
186.69
187.62
188.57
189.54
190.48
191.48
192.41
193.36
194.23
195.17
196.02
196.85
197.76
198.57
199.4
200.25
201.07
201.93
202.85
203.7
204.6
205.56
206.48
207.46
208.36
209.33
210.28
211.16
212.14
213.02
213.91
214.87
215.72
216.63
217.54
218.44
219.38
220.3
221.27
222.16
223.09
224.05
225.04
225.98
226.9
227.87
228.85
229.72
230.54
231.41
232.31
233.2
234.03
234.9
235.77
236.71
237.61
238.48
239.55
240.65
241.66
242.79
243.83
244.93
246.03
247.11
248.15
249.27
250.23
251.27
252.21
253.26
254.23
255.24
256.2
257.12
258.1
259.01
259.95
260.87
261.86
262.89
263.88
264.83
265.82
266.84
267.83
268.84
269.78
270.68
271.63
272.53
273.41
274.36
275.21
276.16
277.05
277.97
278.94
279.83
280.78
281.73
282.61
283.55
284.63
285.66
286.63
287.72
288.81
289.83
290.9
291.93
292.92
293.99
294.93
295.95
296.94
297.96
299.02
300.02
300.9
301.7
302.6
303.4
304.27
305.11
306.0
306.8
307.69
308.47
309.27
310.05
310.93
311.81
312.67
313.67
314.61
315.59
316.48
317.35
318.29
319.17
320.16
321.09
322.05
323.04
324.08
325.04
326.04
326.97
327.96
328.88
329.96
330.99
332.07
333.12
334.27
335.33
336.45
337.48
338.6
339.72
340.81
341.86
342.95
