3.36
7.13
10.98
15.0
18.84
22.33
26.02
29.89
33.62
37.66
41.52
45.45
49.2
52.9
56.84
61.22
65.39
69.19
73.3
77.21
81.01
84.87
89.02
93.05
97.01
100.51
104.03
107.66
111.2
115.06
119.09
123.24
127.17
130.74
134.55
138.55
142.61
146.71
150.65
154.24
158.02
161.75
165.72
169.64
173.49
177.23
181.01
184.95
188.56
192.23
195.6
198.88
202.07
205.56
209.32
213.02
216.63
220.28
224.07
228.18
232.31
235.74
239.54
243.21
246.71
250.45
254.22
258.09
261.78
265.22
268.83
273.04
277.06
280.77
284.42
288.32
292.3
296.16
299.99
303.39
306.82
310.02
313.14
316.48
320.15
324.07
328.24
332.48
