1.02
2.1
3.25
4.32
5.28
6.24
7.22
8.26
9.23
10.17
11.17
12.08
13.04
14.05
15.0
15.92
16.91
17.84
18.9
19.95
21.04
21.96
22.91
23.87
24.79
25.75
26.86
27.99
28.98
30.06
31.05
32.09
33.18
34.32
35.34
36.29
37.38
38.39
39.45
40.56
41.57
42.61
43.57
44.44
45.39
46.48
47.49
48.55
49.64
50.72
51.64
52.62
53.56
54.55
55.53
56.49
57.4
58.5
59.64
60.67
61.76
62.89
64.0
65.08
66.09
67.02
67.88
68.79
69.63
70.53
71.35
72.2
73.08
73.93
74.98
75.94
76.88
77.78
78.68
79.73
80.7
81.66
82.62
83.66
84.62
85.59
86.65
87.7
88.8
89.92
90.95
91.95
93.03
94.03
95.07
96.15
97.13
98.12
99.04
99.97
100.81
101.68
102.66
103.56
104.47
105.45
106.34
107.25
108.19
109.08
110.02
111.11
112.08
113.16
114.16
115.13
116.23
117.33
118.42
119.5
120.52
121.44
122.45
123.37
124.39
125.38
126.51
127.57
128.57
129.66
130.63
131.67
132.74
133.69
134.64
135.61
136.65
137.72
138.64
139.64
140.59
141.51
142.43
143.31
144.12
144.96
145.83
146.71
147.51
148.39
149.29
150.16
151.12
151.99
152.96
153.87
154.83
155.84
156.75
157.77
158.79
159.87
160.9
161.96
162.93
163.86
164.74
165.69
166.59
167.52
168.49
169.52
170.53
171.42
172.31
173.19
174.19
175.14
176.08
176.95
177.83
178.77
179.61
180.53
181.4
182.36
183.33
184.28
185.21
186.2
187.09
188.0
188.96
189.87
190.77
191.68
192.57
193.46
194.39
195.28
196.21
197.18
198.11
199.09
200.1
201.18
202.2
203.3
204.29
205.33
206.48
207.53
208.64
209.61
210.56
211.52
212.42
213.36
214.32
215.31
216.23
217.22
218.23
219.15
220.22
221.21
222.21
223.27
224.25
225.23
226.18
227.12
228.16
229.1
230.11
231.04
232.08
233.0
234.02
235.02
236.1
237.01
237.99
238.98
239.91
240.85
241.97
242.97
244.06
245.18
246.29
247.29
248.35
249.26
250.25
251.22
252.23
253.32
254.31
255.26
256.24
257.15
258.07
259.02
259.99
261.0
261.96
262.88
263.9
264.92
265.93
266.86
267.85
268.84
269.79
270.81
271.96
273.0
274.08
275.21
276.26
277.35
278.5
279.5
280.56
281.55
282.59
283.57
284.44
285.19
285.96
286.75
287.52
288.27
289.06
289.85
290.56
291.32
291.95
292.62
293.28
293.95
294.57
295.2
295.86
296.53
297.28
298.01
298.76
299.49
300.18
300.91
301.68
302.41
303.18
304.1
304.98
305.92
306.8
307.75
308.74
309.65
310.57
311.51
312.47
313.45
314.35
315.34
316.27
317.28
318.19
319.17
320.2
321.21
322.24
323.35
324.41
325.41
326.52
327.48
328.46
329.45
330.48
331.52
332.5
333.5
334.47
335.47
336.49
337.57
338.72
339.8
340.8
341.85
343.0
344.07
345.12
346.21
347.36
348.41
349.54
350.59
351.71
352.75
353.75
354.81
355.83
356.91
357.93
358.94
359.94
360.87
361.86
362.82
363.73
364.69
365.65
366.66
367.59
368.54
369.45
370.37
