1.02
5.27
9.22
13.42
17.78
22.0
25.73
30.05
34.31
38.38
42.6
46.47
50.71
54.55
58.49
62.1
66.1
69.62
72.64
75.94
79.5
83.06
86.76
90.94
94.79
98.41
101.67
105.44
109.07
113.15
117.33
121.43
125.37
129.65
133.68
137.7
141.6
145.83
150.15
154.47
158.78
162.92
166.58
170.52
174.18
178.19
181.87
185.72
189.62
193.46
197.33
201.23
205.32
209.61
213.35
217.21
221.2
225.23
228.63
231.81
235.23
238.98
242.96
247.28
251.23
255.64
259.98
263.89
267.85
271.95
276.25
280.55
284.69
289.05
293.27
297.27
301.15
304.97
308.73
312.39
316.57
320.05
323.65
327.27
330.85
334.46
338.71
343.0
347.37
351.7
355.82
359.99
