4.96
8.93
12.49
15.43
18.54
21.64
25.47
29.04
32.22
35.45
38.68
42.12
45.43
49.12
52.82
56.24
59.97
63.72
67.42
70.98
74.5
77.43
80.24
83.39
86.65
89.86
93.33
96.16
99.12
102.39
105.95
109.23
112.69
116.06
119.66
123.26
126.73
130.25
133.92
137.61
141.02
144.33
147.64
151.14
154.55
157.93
161.02
164.39
168.33
172.28
175.98
179.26
182.48
185.92
189.96
193.83
197.72
201.6
204.8
208.2
211.64
214.58
217.46
220.87
224.18
227.13
230.11
233.29
236.62
239.92
243.22
246.84
250.08
253.37
256.48
259.14
261.88
264.85
267.97
271.17
274.76
278.85
282.64
286.54
290.1
293.75
298.06
301.97
