0.19
1.01
1.85
2.66
3.49
4.25
5.01
5.83
6.58
7.41
8.29
9.16
9.98
10.81
11.66
12.5
13.22
13.97
14.76
15.46
16.21
16.96
17.73
18.56
19.32
20.11
20.86
21.66
22.59
23.58
24.52
25.43
26.36
27.27
28.23
29.04
29.86
30.65
31.45
32.23
33.03
33.87
34.65
35.46
36.23
37.05
37.84
38.69
39.51
40.4
41.27
42.13
42.98
43.79
44.64
45.53
46.39
47.24
48.06
48.85
49.62
50.42
51.25
52.04
52.83
53.66
54.55
55.37
56.25
57.08
58.07
58.99
59.97
60.88
61.8
62.75
63.68
64.67
65.56
66.53
67.43
68.36
69.19
70.1
70.98
71.82
72.63
73.49
74.31
75.16
76.01
76.84
77.69
78.58
79.36
80.17
80.96
81.8
82.6
83.4
84.1
84.85
85.58
86.35
87.14
87.86
88.66
89.42
90.28
91.06
91.87
92.7
93.58
94.39
95.12
95.88
96.61
97.29
98.01
98.76
99.51
100.34
101.18
102.0
102.91
103.82
104.78
105.72
106.63
107.49
108.41
109.25
110.15
111.01
111.89
112.87
113.76
114.73
115.65
116.56
117.53
118.34
119.17
120.01
120.85
121.62
122.42
123.27
124.11
124.98
125.87
126.71
127.62
128.53
129.39
130.27
131.18
132.09
132.98
133.93
134.82
135.78
136.66
137.62
138.43
139.3
140.2
141.03
141.91
142.67
143.51
144.31
145.1
145.92
146.7
147.65
148.54
149.38
150.3
151.16
152.05
152.92
153.77
154.56
155.4
156.23
157.01
157.89
158.69
159.56
160.5
161.37
162.32
163.39
164.4
165.41
166.39
167.33
168.34
169.26
170.22
171.21
172.17
173.2
174.18
175.15
175.99
176.81
177.69
178.48
179.32
180.08
180.92
181.7
182.5
183.38
184.25
185.11
185.92
186.81
187.63
188.4
189.22
189.97
190.7
191.46
192.24
193.02
193.84
194.61
195.36
196.12
196.85
197.7
198.56
199.41
200.16
200.9
201.69
202.41
203.18
203.93
204.7
205.49
206.24
207.01
207.77
208.59
209.39
210.15
210.94
211.68
212.37
213.13
213.84
214.59
215.32
216.02
216.72
217.46
218.2
218.89
219.58
220.3
221.1
221.86
222.58
223.38
224.1
224.88
225.63
226.36
227.14
227.87
228.6
229.3
230.05
230.77
231.44
232.22
232.94
233.67
234.48
235.21
235.99
236.76
237.53
238.31
239.12
239.93
240.7
241.52
242.29
243.22
244.15
245.13
246.05
246.84
247.65
248.5
249.31
250.09
250.88
251.67
252.52
253.37
254.24
255.06
256.06
256.99
257.92
258.91
259.83
260.87
261.89
262.85
263.83
264.86
265.94
266.94
267.98
268.93
269.8
270.68
271.55
272.49
273.46
274.35
275.3
276.2
277.1
278.07
278.94
279.86
280.82
281.72
282.65
283.59
284.41
285.18
286.06
286.95
287.86
288.78
289.64
290.58
291.46
292.28
293.13
293.94
294.78
295.62
296.49
297.35
298.11
298.97
299.73
300.59
301.36
302.26
303.18
304.08
305.06
305.95
306.9
307.83
