0.91
1.88
2.64
3.4
4.21
5.0
5.77
6.56
7.28
8.0
8.75
9.57
10.43
11.26
12.05
12.8
13.58
14.39
15.12
15.89
16.64
17.46
18.24
19.02
19.76
20.51
21.26
22.11
22.93
23.77
24.66
25.53
26.38
27.17
27.88
28.62
29.4
30.11
30.9
31.61
32.37
33.15
33.82
34.51
35.25
35.9
36.63
37.28
38.09
38.82
39.64
40.38
41.17
41.96
42.8
43.6
44.36
45.16
46.02
46.86
47.64
48.43
49.26
50.02
50.84
51.68
52.51
53.5
54.44
55.3
56.23
57.13
58.07
58.9
59.82
60.67
61.51
62.43
63.27
64.15
65.13
66.11
66.88
67.68
68.47
69.27
70.11
70.9
71.69
72.55
73.37
74.2
75.03
75.89
76.68
77.54
78.39
79.2
80.08
80.9
81.68
82.49
83.32
84.08
84.82
85.62
86.38
87.22
88.01
88.8
89.65
90.45
91.28
92.08
92.84
93.6
94.42
95.17
95.99
96.86
97.69
98.45
99.29
100.05
100.92
101.79
102.63
103.45
104.32
105.16
106.05
106.83
107.66
108.5
109.3
110.16
110.94
111.77
112.62
113.4
114.29
115.12
116.07
116.93
117.85
118.77
119.65
120.52
121.43
122.38
123.3
124.19
125.08
125.97
126.86
127.81
128.67
129.61
130.54
131.38
132.23
133.14
133.92
134.74
135.52
136.36
137.14
137.92
138.73
139.56
140.34
141.07
141.83
142.61
143.33
144.07
144.85
145.57
146.28
146.97
147.72
148.52
149.29
150.07
150.84
151.65
152.46
153.24
154.02
154.83
155.53
156.28
156.96
157.7
158.4
159.19
160.02
160.78
161.61
162.41
163.17
164.0
164.68
165.37
166.03
166.72
167.46
168.19
168.95
169.64
170.38
171.15
171.87
172.6
173.33
174.22
175.04
175.86
176.8
177.7
178.69
179.64
180.59
181.49
182.53
183.54
184.57
185.61
186.46
187.33
188.25
189.1
189.98
190.74
191.48
192.28
193.03
193.89
194.75
195.66
196.49
197.37
198.26
199.18
199.99
200.87
201.71
202.59
203.39
204.15
204.97
205.77
206.56
207.37
208.16
209.01
209.88
210.68
211.52
212.37
213.25
214.07
214.95
215.8
216.61
217.46
218.29
219.17
219.95
220.82
221.61
222.47
223.25
224.02
224.83
225.64
226.49
227.28
228.1
228.93
229.7
230.46
231.22
232.04
232.82
233.56
234.38
235.12
235.94
236.69
237.49
238.3
239.05
239.85
240.64
241.47
242.32
243.09
243.9
244.72
245.52
246.26
247.04
247.82
248.64
249.41
250.18
250.96
251.74
252.57
253.36
254.14
254.92
255.82
256.73
257.63
258.64
259.62
260.56
261.53
262.57
263.48
264.45
265.43
266.49
267.58
268.63
269.75
270.66
271.59
272.57
273.51
274.44
275.35
276.24
277.16
278.11
279.03
279.84
280.75
281.58
282.42
283.34
284.18
285.12
286.05
286.89
287.79
288.73
289.72
290.63
291.58
292.58
293.53
294.48
295.43
296.33
297.31
298.23
299.18
300.15
301.15
