0.91
4.2
7.72
11.25
14.39
17.49
20.51
23.76
27.16
30.09
33.14
36.48
39.63
42.79
46.01
49.27
52.85
56.0
59.26
62.5
66.11
69.26
72.54
76.0
79.46
82.62
85.61
88.79
92.07
95.16
98.97
103.0
106.82
110.16
113.34
116.35
119.62
123.29
126.85
130.52
134.32
137.88
141.32
144.56
147.71
150.84
154.09
157.63
160.77
164.04
167.45
170.37
173.54
176.8
180.02
183.54
187.33
190.73
193.88
197.55
201.71
204.95
208.17
211.49
214.95
218.29
221.62
224.82
228.1
231.23
234.39
237.48
240.63
243.89
247.25
251.22
255.48
259.61
263.47
267.58
271.58
275.33
279.02
282.41
286.05
289.53
293.22
