4.92
8.46
12.14
16.05
20.27
23.83
27.92
31.81
35.54
39.25
43.28
47.23
51.21
55.14
59.14
63.04
66.82
70.72
74.68
78.66
82.89
86.85
91.05
94.86
98.62
102.07
106.01
109.94
113.44
117.4
121.58
125.38
128.91
132.21
135.33
138.93
143.0
147.26
151.48
155.53
159.36
163.1
166.88
170.92
174.56
178.28
182.05
185.73
189.58
193.41
197.05
201.02
204.91
209.18
213.1
217.08
220.81
224.48
228.31
232.24
236.29
240.43
244.13
248.37
252.47
256.26
260.24
264.31
268.48
272.66
276.54
280.92
285.18
289.6
293.62
297.89
301.87
306.19
310.29
314.56
318.33
322.55
326.65
331.02
335.13
339.18
343.2
347.11
351.3
