0.19
1.01
1.86
2.71
3.51
4.3
5.06
5.87
6.65
7.5
8.45
9.34
10.24
11.17
12.14
13.07
14.07
15.04
16.05
16.86
17.66
18.42
19.28
20.23
21.17
22.05
22.98
23.83
24.76
25.81
26.83
27.89
28.86
29.85
30.92
31.9
32.83
33.7
34.6
35.54
36.49
37.36
38.31
39.28
40.21
41.17
42.23
43.3
44.35
45.34
46.32
47.24
48.2
49.2
50.19
51.22
52.19
53.12
54.11
55.14
56.27
57.32
58.38
59.25
60.16
61.15
62.08
63.05
63.93
64.85
65.8
66.83
67.75
68.79
69.72
70.72
71.7
72.74
73.71
74.69
75.63
76.63
77.59
78.67
79.79
80.83
81.84
82.93
83.92
84.82
85.78
86.7
87.64
88.63
89.6
90.68
91.69
92.69
93.76
94.87
95.99
96.97
98.03
99.03
100.07
101.03
102.07
102.97
103.97
104.89
106.01
107.08
108.17
109.24
110.23
111.27
112.37
113.45
114.37
115.35
116.35
117.4
118.45
119.6
120.66
121.6
122.59
123.55
124.47
125.39
126.25
127.19
128.03
128.92
129.78
130.77
131.71
132.71
133.75
134.73
135.78
136.84
137.83
138.9
139.92
140.94
141.99
143.01
144.07
145.12
146.18
147.28
148.33
149.32
150.38
151.48
152.42
153.45
154.42
155.57
156.65
157.69
158.74
159.82
160.93
162.03
163.11
164.06
164.95
165.86
166.88
167.94
168.91
169.99
170.92
171.84
172.78
173.71
174.57
175.48
176.32
177.28
178.29
179.25
180.17
181.16
182.05
183.03
183.9
184.86
185.74
186.66
187.67
188.62
189.59
190.52
191.46
192.43
193.42
194.3
195.19
196.09
197.06
197.98
199.0
200.04
201.03
202.06
203.0
203.95
204.92
205.86
206.85
207.88
208.87
209.89
210.83
211.77
212.74
213.71
214.77
215.79
216.85
217.89
218.87
219.83
220.82
221.75
222.63
223.52
224.49
225.43
226.37
227.28
228.32
229.25
230.24
231.23
232.25
233.24
234.26
235.11
236.05
236.93
237.78
238.63
239.5
240.44
241.35
242.26
243.17
244.13
245.1
246.18
247.24
248.39
249.42
250.57
251.56
252.48
253.41
254.37
255.25
256.27
257.25
258.19
259.19
260.24
261.19
262.24
263.27
264.31
265.3
266.34
267.46
268.47
269.58
270.62
271.63
272.72
273.69
274.63
275.56
276.55
277.44
278.31
279.25
280.14
280.93
281.7
282.5
283.35
284.22
285.15
286.0
286.91
287.78
288.64
289.65
290.57
291.59
292.57
293.63
294.68
295.75
296.8
297.9
298.93
299.93
300.83
301.78
302.62
303.51
304.33
305.05
305.76
306.5
307.22
307.94
308.71
309.47
310.29
311.08
311.93
312.72
313.51
314.35
315.17
316.01
316.76
317.58
318.34
319.11
319.99
320.86
321.8
322.7
323.68
324.7
325.63
326.65
327.77
328.79
329.89
331.02
332.08
333.1
334.11
335.15
336.2
337.22
338.17
339.19
340.17
341.24
342.26
343.22
344.13
345.15
346.17
347.12
348.09
349.13
350.08
351.02
351.99
352.99
353.92
354.91
355.82
356.72
357.59
358.55
359.42
