1.01
2.04
3.12
4.26
5.16
6.02
6.91
7.82
8.71
9.6
10.51
11.39
12.28
13.23
14.11
14.96
15.79
16.58
17.4
18.19
19.02
19.77
20.52
21.29
22.06
22.87
23.62
24.41
25.18
25.88
26.6
27.26
27.9
28.59
29.25
29.88
30.57
31.25
31.99
32.66
33.35
34.09
34.87
35.68
36.64
37.52
38.47
39.51
40.54
41.54
42.53
43.59
44.66
45.79
46.84
47.82
48.78
49.68
50.53
51.41
52.24
53.15
54.07
54.91
55.9
56.84
57.69
58.6
59.45
60.34
61.26
62.09
62.99
63.87
64.73
65.61
66.52
67.41
68.29
69.16
70.01
70.92
71.79
72.73
73.66
74.55
75.5
76.42
77.38
78.39
79.3
80.29
81.25
82.22
83.17
84.22
85.24
86.22
87.19
88.25
89.19
90.3
91.38
92.46
93.52
94.64
95.74
96.64
97.54
98.47
99.4
100.34
101.26
102.19
103.1
104.03
105.1
106.13
107.16
108.17
109.04
109.95
110.9
111.78
112.63
113.51
114.44
115.29
116.21
117.09
117.97
118.9
119.82
120.71
121.62
122.47
123.42
124.26
125.12
125.93
126.76
127.6
128.45
129.27
130.13
131.04
131.85
132.76
133.59
134.36
135.17
135.94
136.69
137.47
138.26
139.06
139.88
140.67
141.43
142.23
143.03
143.82
144.59
145.44
146.34
147.18
147.94
148.67
149.44
150.26
151.02
151.84
152.56
153.36
154.08
154.83
155.57
156.34
157.14
157.88
158.69
159.37
160.13
160.81
161.57
162.27
162.97
163.76
164.47
165.24
165.97
166.76
167.55
168.3
168.95
169.66
170.29
170.94
171.55
172.19
172.83
173.46
174.08
174.69
175.35
175.96
176.58
177.22
177.95
178.63
179.36
180.1
180.89
181.64
182.36
183.17
184.08
184.99
185.84
186.69
187.58
188.44
189.29
190.19
191.03
191.87
192.77
193.56
194.41
195.19
195.95
196.75
197.46
198.15
198.98
199.75
200.55
201.32
202.13
202.96
203.75
204.56
205.34
206.12
206.97
207.81
208.71
209.52
210.39
211.26
212.06
212.81
213.59
214.33
215.13
215.77
216.41
217.05
217.73
218.37
219.08
219.77
220.5
221.33
222.14
223.0
223.83
224.58
225.34
226.07
226.73
227.46
228.11
228.82
229.53
230.2
230.9
231.7
232.47
233.27
234.14
235.06
235.99
236.89
237.76
238.69
239.55
240.42
241.25
242.11
242.93
243.72
244.59
245.43
246.21
247.06
247.89
248.71
249.59
250.4
251.21
252.05
252.9
253.71
254.45
255.23
256.0
256.76
257.47
258.22
258.99
259.69
260.45
261.27
262.05
262.79
263.59
264.43
265.3
266.21
267.1
267.97
268.85
269.76
270.66
271.52
272.42
273.3
274.23
275.1
275.99
276.84
277.62
278.42
279.24
279.97
280.69
281.37
282.11
282.88
283.61
284.36
285.08
285.86
286.66
287.5
288.29
289.08
289.84
290.62
291.48
292.32
293.14
293.89
294.7
295.48
296.23
297.04
297.83
298.6
299.37
300.14
300.84
301.59
302.38
303.17
304.01
304.87
305.67
306.62
307.56
308.48
309.44
310.44
311.34
312.2
313.08
314.01
314.84
315.77
316.62
317.55
318.46
319.4
320.26
321.17
322.15
323.07
324.02
325.02
325.94
326.9
327.82
328.81
329.72
