1.0
5.15
8.77
12.2
16.53
20.38
23.61
27.13
30.83
34.43
37.96
41.53
45.65
49.68
53.15
56.83
60.33
63.87
67.4
71.13
75.49
79.55
83.39
87.18
90.65
93.77
96.95
100.33
104.03
107.4
110.87
115.07
119.4
123.43
127.21
131.03
134.75
138.49
142.22
145.71
148.65
151.84
154.83
157.88
161.04
164.06
167.53
170.98
174.68
178.79
182.92
186.68
190.18
193.56
197.12
200.54
203.74
206.96
210.38
213.86
217.73
221.45
224.57
228.05
231.59
235.06
238.68
242.11
245.41
248.7
252.04
255.22
258.21
261.26
264.43
267.96
271.5
275.18
278.88
282.1
285.15
288.3
291.47
294.68
297.79
300.84
304.0
307.54
311.33
314.83
318.63
