1.03
4.46
7.69
11.02
14.33
17.65
20.86
24.3
27.56
30.8
34.07
37.28
40.57
43.88
47.12
50.4
53.62
56.88
60.22
63.58
66.93
70.28
73.52
76.9
80.5
83.73
86.9
90.34
93.54
96.8
100.15
103.63
107.0
110.28
113.68
117.15
120.65
124.09
127.67
131.07
134.41
137.73
141.04
144.52
147.69
151.08
154.53
158.13
161.51
164.77
168.19
171.63
175.1
178.9
182.35
185.67
189.03
192.21
195.49
198.81
202.14
205.39
208.84
212.18
215.36
218.8
222.17
225.41
228.73
231.99
235.31
238.77
242.27
245.49
248.99
252.36
255.67
259.13
262.52
265.89
269.21
272.86
276.23
279.74
283.49
286.97
290.87
294.38
