0.17
1.05
1.94
2.77
3.59
4.47
5.3
6.11
6.89
7.7
8.51
9.32
10.17
11.02
11.85
12.69
13.49
14.33
15.13
15.93
16.74
17.65
18.49
19.27
20.05
20.86
21.71
22.57
23.41
24.31
25.1
25.92
26.73
27.58
28.37
29.12
29.95
30.81
31.6
32.44
33.3
34.08
34.84
35.64
36.42
37.29
38.13
38.94
39.74
40.58
41.4
42.19
43.01
43.88
44.69
45.46
46.27
47.13
47.92
48.69
49.53
50.42
51.24
52.02
52.81
53.63
54.43
55.21
56.01
56.89
57.68
58.5
59.33
60.21
60.99
61.82
62.74
63.59
64.45
65.25
66.08
66.95
67.79
68.61
69.43
70.29
71.08
71.88
72.68
73.53
74.31
75.13
75.97
76.91
77.82
78.79
79.72
80.51
81.37
82.16
82.94
83.73
84.57
85.35
86.12
86.91
87.7
88.53
89.47
90.35
91.2
91.98
92.76
93.56
94.4
95.18
95.95
96.81
97.65
98.5
99.3
100.16
101.0
101.85
102.71
103.64
104.47
105.31
106.13
107.01
107.84
108.63
109.44
110.3
111.07
111.9
112.75
113.68
114.55
115.42
116.27
117.16
118.08
118.93
119.76
120.66
121.48
122.34
123.19
124.1
125.01
125.9
126.75
127.68
128.49
129.39
130.22
131.12
131.98
132.77
133.57
134.41
135.25
136.08
136.93
137.74
138.56
139.37
140.17
141.04
141.89
142.76
143.67
144.53
145.34
146.11
146.91
147.7
148.52
149.36
150.22
151.09
151.91
152.72
153.57
154.54
155.49
156.48
157.31
158.15
158.99
159.79
160.6
161.52
162.3
163.16
163.95
164.79
165.61
166.45
167.28
168.2
169.04
169.92
170.81
171.64
172.53
173.34
174.25
175.11
175.96
176.77
177.46
178.22
178.9
179.66
180.35
181.06
181.86
182.59
183.37
184.1
184.88
185.69
186.55
187.37
188.17
189.04
189.89
190.67
191.43
192.23
193.03
193.83
194.65
195.5
196.33
197.16
197.96
198.83
199.66
200.43
201.25
202.15
202.98
203.8
204.59
205.4
206.26
207.14
207.97
208.86
209.68
210.49
211.37
212.19
212.93
213.73
214.54
215.38
216.16
216.98
217.93
218.82
219.68
220.48
221.38
222.18
223.0
223.79
224.59
225.43
226.26
227.05
227.85
228.73
229.53
230.35
231.15
232.0
232.83
233.61
234.44
235.33
236.16
237.07
237.89
238.78
239.72
240.58
241.44
242.28
243.08
243.84
244.64
245.5
246.29
247.13
248.02
249.0
249.91
250.7
251.52
252.37
253.2
253.96
254.77
255.68
256.51
257.38
258.28
259.15
259.94
260.79
261.67
262.53
263.44
264.28
265.1
265.9
266.67
267.48
268.28
269.03
269.84
270.58
271.38
272.16
272.89
273.69
274.52
275.4
276.24
277.11
278.0
278.87
279.75
280.64
281.61
282.52
283.51
284.33
285.2
286.13
286.98
287.84
288.9
289.87
290.88
291.96
292.96
293.93
294.87
295.81
296.71
297.71
298.66
299.6
300.56
301.5
302.49
