0.47
1.4
2.27
3.17
4.11
5.06
5.94
6.9
7.85
8.8
9.73
10.7
11.66
12.59
13.42
14.36
15.24
16.16
17.16
18.12
19.1
20.13
21.21
22.21
23.08
24.03
24.91
25.85
26.85
27.82
28.79
29.72
30.69
31.64
32.56
33.66
34.78
35.77
36.8
37.88
38.97
40.07
41.09
42.11
43.18
44.19
45.1
46.07
47.07
47.97
48.93
49.9
50.77
51.72
52.72
53.66
54.5
55.38
56.21
57.07
57.89
58.78
59.6
60.42
61.25
62.1
62.92
63.7
64.53
65.34
66.11
66.94
67.76
68.6
69.53
70.43
71.4
72.29
73.23
74.23
75.18
76.14
77.08
78.1
79.01
80.03
81.02
81.88
82.81
83.68
84.62
85.46
86.35
87.2
87.98
88.72
89.47
90.28
91.12
91.92
92.74
93.52
94.35
95.27
96.21
97.11
98.02
98.9
99.96
100.91
101.96
102.94
103.88
104.78
105.74
106.73
107.78
108.73
109.76
110.81
111.77
112.78
113.84
114.81
115.82
116.78
117.71
118.73
119.64
120.66
121.6
122.61
123.43
124.21
125.05
125.93
126.73
127.58
128.43
129.22
130.02
130.83
131.68
132.49
133.28
134.08
134.95
135.78
136.74
137.64
138.51
139.47
140.48
141.54
142.52
143.66
144.74
145.67
146.68
147.68
148.58
149.54
150.51
151.36
152.17
153.05
153.9
154.71
155.48
156.27
157.1
157.92
158.76
159.69
160.61
161.53
162.48
163.42
164.36
165.15
165.99
166.88
167.72
168.5
169.35
170.17
171.01
171.94
172.84
173.83
174.89
175.86
176.76
177.73
178.53
179.39
180.21
181.07
181.96
182.8
183.58
184.42
185.19
185.98
186.81
187.63
188.43
189.24
190.01
190.82
191.51
192.19
192.87
193.58
194.27
194.92
195.58
196.28
196.96
197.67
198.38
199.04
199.69
200.4
201.08
201.82
202.54
203.21
203.95
204.68
205.39
206.1
206.71
207.36
208.03
208.69
209.41
210.1
210.77
211.45
212.11
212.75
213.44
214.13
214.86
215.6
216.28
216.95
217.7
218.57
219.42
220.34
221.14
221.97
222.81
223.47
224.13
224.85
225.53
226.21
226.94
227.72
228.42
229.2
229.92
230.62
231.42
232.18
232.98
233.76
234.41
235.1
235.74
236.39
237.06
237.65
238.28
238.89
239.51
240.11
240.69
241.29
241.89
242.52
243.12
243.68
244.26
244.83
245.44
246.04
246.65
247.27
247.93
248.54
249.15
249.79
250.42
251.12
251.83
252.55
253.25
253.91
254.59
255.31
255.96
256.65
257.33
258.0
258.7
259.35
259.99
260.64
261.31
262.02
262.77
263.45
264.09
264.77
265.42
266.18
266.99
267.75
268.43
269.12
269.83
270.59
271.36
272.01
272.66
273.36
274.03
274.72
275.39
276.03
276.69
277.4
278.1
278.8
279.52
280.21
280.9
281.64
282.43
283.16
283.85
284.57
285.32
286.0
286.65
287.36
288.01
288.71
289.38
289.91
290.47
291.03
291.6
292.18
292.73
293.28
293.77
294.26
294.74
295.2
295.68
296.18
296.71
297.2
297.74
298.31
298.92
299.51
300.07
300.68
301.27
301.86
302.47
303.09
303.68
304.32
304.9
305.52
306.18
306.81
307.41
308.06
308.7
309.33
309.99
310.64
311.28
311.9
312.54
313.24
313.93
314.62
315.4
316.16
316.91
317.71
318.45
319.24
320.04
320.72
321.46
322.15
322.85
323.6
324.26
324.92
325.63
326.31
327.03
327.76
328.47
329.15
329.87
330.66
331.4
332.2
333.0
333.72
334.46
335.18
335.96
336.78
337.47
338.14
338.87
339.57
340.25
340.95
341.66
342.37
343.12
343.9
344.77
345.66
346.41
347.11
347.85
348.59
349.3
350.1
350.87
351.76
352.64
353.54
354.46
355.35
356.22
357.06
357.9
358.7
359.49
360.26
361.06
361.89
362.7
363.49
364.26
365.09
365.86
366.78
367.63
368.52
369.42
370.3
371.22
372.17
373.12
374.05
375.01
375.99
376.89
377.88
378.79
379.78
380.7
381.69
382.61
383.61
384.63
385.62
386.69
387.67
388.72
389.86
390.85
391.83
392.77
393.75
394.75
395.73
396.77
397.76
398.81
399.82
400.92
402.01
403.01
403.97
405.01
405.97
406.98
407.99
408.91
409.78
410.68
411.56
412.49
413.35
414.15
414.89
415.71
416.45
417.27
418.08
418.92
419.75
420.55
421.38
422.12
422.91
423.71
424.52
425.38
426.25
427.09
427.9
428.78
429.62
430.61
431.55
432.41
433.29
434.09
434.98
435.85
436.81
437.7
438.74
439.68
440.71
441.75
442.65
443.49
444.39
445.32
446.26
447.28
448.3
449.22
450.21
451.23
452.2
453.26
454.13
455.04
455.93
456.85
457.69
458.61
459.48
460.29
461.18
462.05
462.87
463.75
464.69
465.53
466.46
467.29
468.19
469.07
469.89
470.68
471.51
472.2
472.7
473.22
473.66
474.12
474.54
474.99
475.43
475.86
476.33
476.76
477.22
477.7
478.16
478.62
479.07
479.52
479.99
480.45
480.94
481.42
481.9
482.38
482.87
483.35
483.81
484.25
484.71
485.18
485.66
486.14
486.59
487.08
487.53
488.03
488.51
488.96
489.45
489.91
490.38
490.91
491.44
491.95
492.51
493.03
493.56
494.1
494.63
495.13
495.59
496.11
496.6
497.07
497.54
497.98
498.45
498.9
499.37
499.9
500.39
500.88
501.42
501.93
502.48
502.99
503.5
503.98
504.45
504.92
505.4
505.9
506.36
506.85
