0.46
4.1
7.85
11.65
15.64
19.3
22.45
25.83
29.72
33.64
37.87
42.1
46.07
49.9
53.96
57.46
60.81
64.11
67.32
70.91
75.18
79.01
82.81
86.34
90.28
94.48
98.88
102.93
106.73
110.28
113.65
117.37
120.94
124.2
127.57
130.81
134.07
137.68
141.81
145.66
149.53
153.04
156.27
159.52
162.46
165.5
168.44
171.93
175.38
178.52
181.33
184.0
186.81
190.0
192.86
195.55
198.38
201.08
203.95
206.69
209.4
212.1
214.86
217.7
221.14
224.84
228.95
232.97
237.06
240.69
244.26
247.92
251.12
253.91
256.65
259.34
262.02
264.77
267.74
270.58
273.36
276.03
278.8
281.62
284.92
288.7
292.73
296.7
300.68
304.31
308.05
311.89
315.39
318.43
321.45
324.26
327.02
329.86
333.0
335.95
338.86
341.65
344.76
347.84
350.87
354.4
358.17
361.88
365.77
369.41
373.12
376.88
380.87
385.09
389.44
393.45
397.27
400.91
404.56
408.44
412.22
415.61
418.92
422.08
425.38
428.77
432.4
435.85
439.68
443.7
447.28
451.22
455.04
458.6
462.04
465.0
468.18
471.5
474.99
478.62
482.37
486.14
489.9
493.69
497.53
501.41
505.36
