0.5
4.06
7.88
11.9
15.75
19.51
23.07
26.23
30.16
34.01
38.0
42.13
46.2
49.95
53.71
57.63
61.88
65.97
69.64
73.08
76.66
80.29
83.91
87.78
91.6
95.15
98.69
101.95
105.11
108.2
111.27
114.31
117.3
120.41
123.42
126.5
129.51
133.18
137.04
140.98
144.62
148.28
152.27
156.43
160.35
164.18
167.78
171.35
174.87
178.31
181.58
184.68
187.87
191.1
194.15
196.93
199.66
202.28
204.73
207.25
209.66
212.02
214.64
217.68
220.36
222.91
226.33
230.16
234.26
238.0
241.9
246.05
249.7
253.1
256.27
259.06
261.72
264.21
266.73
269.27
271.86
274.41
276.96
279.31
281.88
284.7
287.26
289.9
292.77
295.73
298.6
301.27
304.14
307.28
310.41
313.63
317.33
320.79
324.26
328.01
331.82
335.03
337.88
340.83
343.62
346.24
349.05
352.23
355.12
358.05
361.2
364.33
367.75
371.95
375.81
379.54
383.4
387.21
391.42
395.29
398.9
402.74
406.7
411.0
415.3
419.5
423.35
427.06
430.83
434.49
438.0
441.44
445.05
448.97
452.79
456.65
460.7
464.73
468.99
473.25
477.41
481.26
484.96
488.57
492.25
496.35
500.31
504.06
508.33
511.9
514.95
517.59
519.75
521.93
524.27
526.49
528.65
530.59
532.58
534.66
536.87
539.15
541.42
543.64
546.35
