0.51
1.35
2.22
3.15
3.99
4.94
5.83
6.76
7.66
8.59
9.59
10.54
11.47
12.38
13.29
14.23
15.11
16.1
17.04
18.08
19.04
20.04
21.01
21.94
22.94
23.85
24.83
25.73
26.66
27.5
28.42
29.31
30.17
31.15
32.11
33.07
34.01
35.02
36.0
37.02
38.01
39.05
40.07
41.09
42.13
43.16
44.2
45.26
46.21
47.13
48.1
49.13
50.17
51.17
52.24
53.24
54.22
55.16
56.16
57.11
58.06
59.05
60.02
60.97
61.89
62.84
63.81
64.78
65.68
66.63
67.67
68.65
69.64
70.73
71.77
72.87
73.95
74.8
75.71
76.67
77.6
78.63
79.75
80.79
81.88
82.91
83.92
84.95
85.87
86.81
87.79
88.72
89.63
90.6
91.62
92.53
93.42
94.32
95.17
96.09
96.93
97.79
98.7
99.57
100.33
101.12
101.95
102.7
103.5
104.29
105.11
105.88
106.67
107.4
108.21
108.94
109.72
110.48
111.28
112.03
112.83
113.59
114.32
115.06
115.8
116.56
117.31
118.12
118.89
119.68
120.42
121.19
121.94
122.68
123.43
124.2
125.0
125.73
126.53
127.25
128.01
128.76
129.51
130.21
130.8
131.27
131.74
132.22
132.7
133.18
133.66
134.16
134.64
135.11
135.6
136.06
136.56
137.05
137.55
138.03
138.5
138.99
139.48
140.01
140.49
140.99
141.48
141.98
142.5
142.96
143.43
143.92
144.39
144.84
145.31
145.78
146.26
146.76
147.29
147.78
148.28
148.79
149.28
149.82
150.32
150.82
151.35
151.82
152.32
152.84
153.34
153.92
154.45
155.03
155.62
156.16
156.74
157.31
157.85
158.4
158.98
159.56
160.11
160.71
161.3
161.86
162.45
163.01
163.6
164.2
164.84
165.45
166.09
166.65
167.25
167.83
168.45
169.02
169.6
170.24
170.82
171.43
172.06
172.68
173.38
174.03
174.67
175.37
176.06
176.78
177.49
178.25
178.89
179.5
180.14
180.81
181.43
181.98
182.53
183.06
183.58
184.12
184.69
185.2
185.74
186.28
186.85
187.39
187.9
188.45
189.01
189.52
190.04
190.6
191.11
191.61
192.13
192.7
193.21
193.79
194.44
195.05
195.66
196.28
196.93
197.6
198.32
199.0
199.67
200.36
201.01
201.62
202.28
202.89
203.49
204.12
204.73
205.38
205.99
206.62
207.25
207.91
208.53
209.09
209.67
210.26
210.82
211.41
212.02
212.63
213.24
213.84
214.41
215.01
215.72
216.39
217.12
217.8
218.43
219.07
219.73
220.37
221.01
221.65
222.27
222.91
223.66
224.47
225.3
226.07
226.91
227.61
228.35
229.04
229.68
230.3
230.94
231.6
232.26
232.95
233.58
234.27
234.87
235.51
236.16
236.7
237.23
237.78
238.33
238.9
239.42
239.92
240.43
240.93
241.4
241.91
242.41
242.94
243.48
244.0
244.54
245.13
245.69
246.22
246.8
247.35
247.92
248.46
249.07
249.7
250.32
250.87
251.46
252.03
252.55
253.11
253.71
254.3
255.02
255.69
256.34
257.05
257.71
258.38
259.07
259.74
260.46
261.07
261.73
262.34
262.94
263.53
264.15
264.79
265.45
266.09
266.7
267.34
268.0
268.64
269.28
269.95
270.57
271.2
271.86
272.47
273.09
273.88
274.67
275.4
276.17
276.97
277.57
278.12
278.7
279.31
279.91
280.51
281.16
281.89
282.59
283.33
284.04
284.7
285.34
285.98
286.64
287.26
287.93
288.58
289.21
289.86
290.59
291.36
292.05
292.82
293.55
294.25
294.97
295.7
296.43
297.19
297.93
298.61
299.3
299.96
300.67
301.27
301.89
302.53
303.07
303.62
304.14
304.68
305.23
305.73
306.27
306.79
307.3
307.8
308.32
308.87
309.39
309.91
310.42
310.93
311.45
311.96
312.5
313.03
313.52
314.07
314.56
315.18
315.8
316.43
317.06
317.66
318.31
318.89
319.44
319.98
320.55
321.1
321.7
322.26
322.89
323.61
324.26
324.95
325.68
326.35
327.0
327.68
328.39
329.04
329.78
330.52
331.31
332.06
332.78
333.52
334.3
335.03
335.75
336.45
337.13
337.88
338.67
339.38
340.09
340.84
341.72
342.6
343.63
344.6
345.57
346.58
347.47
348.35
349.09
349.89
350.61
351.4
352.19
352.96
353.66
354.4
355.13
355.88
356.57
357.33
358.07
358.82
359.64
360.41
361.21
362.13
363.0
363.83
364.74
365.59
366.43
367.44
368.4
369.3
370.3
371.22
372.18
373.15
374.08
374.98
375.88
376.74
377.63
378.57
379.55
380.49
381.5
382.46
383.41
384.33
385.29
386.3
387.22
388.02
388.86
389.72
390.58
391.43
392.27
393.1
393.96
394.91
395.82
396.71
397.56
398.43
399.24
400.08
400.95
401.78
402.65
403.46
404.28
405.12
405.89
406.7
407.54
408.32
409.11
409.93
410.8
411.76
412.68
413.65
414.58
415.55
416.51
417.52
418.52
419.51
420.54
421.51
422.4
423.35
424.25
425.19
426.14
427.06
428.0
428.93
429.89
430.83
431.73
432.68
433.55
434.49
435.45
436.25
437.11
438.01
439.03
439.96
440.96
441.91
442.82
443.79
444.63
445.53
446.4
447.25
448.17
448.99
449.88
450.84
451.83
452.8
453.77
454.76
455.7
456.66
457.59
458.55
459.51
460.42
461.42
462.45
463.44
464.43
465.35
466.33
467.27
468.26
469.24
470.25
471.23
472.29
473.26
474.25
475.26
476.36
477.41
478.48
479.42
480.33
481.27
482.27
483.22
484.16
485.22
486.26
487.33
488.37
489.37
490.34
491.27
492.25
493.27
494.35
495.32
496.36
497.12
497.96
498.74
499.58
500.32
501.08
501.74
502.38
502.95
503.52
504.06
504.62
505.15
505.7
506.27
506.82
507.41
507.98
508.56
509.1
509.7
510.26
510.79
511.34
511.91
512.46
513.05
513.62
514.18
514.74
515.31
515.91
516.45
517.04
517.59
518.15
518.7
519.22
519.76
520.29
520.81
521.34
521.94
522.55
523.11
523.69
524.27
524.83
525.39
525.92
526.5
527.05
527.6
528.12
528.67
529.25
529.73
530.19
530.64
531.09
531.56
532.07
532.58
533.06
533.6
534.14
534.66
535.24
535.79
536.32
536.88
537.44
538.0
538.6
539.15
539.71
540.31
540.84
541.43
541.96
542.55
543.1
543.65
544.26
544.94
545.66
546.35
546.97
547.61
548.27
548.88
549.49
550.11
550.73
551.37
552.0
