0.5
1.04
1.57
2.15
2.7
3.25
3.78
4.25
4.73
5.22
5.7
6.19
6.71
7.17
7.69
8.17
8.64
9.11
9.59
10.09
10.58
11.07
11.59
12.08
12.6
13.1
13.57
14.08
14.6
15.09
15.56
16.05
16.56
17.05
17.54
18.02
18.53
19.0
19.5
20.03
20.54
21.05
21.6
22.12
22.64
23.13
23.65
24.17
24.72
25.24
25.76
26.25
26.78
27.32
27.81
28.36
28.84
29.36
29.86
30.37
30.89
31.36
31.82
32.29
32.77
33.25
33.72
34.17
34.65
35.14
35.64
36.18
36.69
37.2
37.79
38.35
38.91
39.49
40.07
40.62
41.21
41.68
42.19
42.71
43.18
43.69
44.22
44.75
45.26
45.78
46.3
46.82
47.38
47.91
48.42
48.94
49.5
50.01
50.56
51.09
51.62
52.15
52.65
53.18
53.74
54.27
54.8
55.32
55.88
56.41
56.96
57.47
58.0
58.48
58.99
59.51
60.03
60.53
61.01
61.5
62.0
62.5
62.96
63.44
63.91
64.37
64.83
65.3
65.85
66.39
66.95
67.48
67.98
68.5
69.01
69.51
70.01
70.55
71.12
71.66
72.18
72.68
73.17
73.68
74.22
74.71
75.22
75.71
76.23
76.71
77.18
77.65
78.13
78.66
79.18
79.67
80.2
80.7
81.25
81.76
82.28
82.77
83.3
83.81
84.3
84.8
85.31
85.83
86.34
86.84
87.34
87.82
88.32
88.86
89.36
89.94
90.6
91.22
91.89
92.53
93.19
93.94
94.65
95.44
96.22
96.99
97.73
98.48
99.25
99.98
100.76
101.58
102.45
103.35
104.31
105.2
106.18
107.1
108.07
108.96
109.94
110.87
111.78
112.54
113.33
114.14
114.92
115.74
116.58
117.39
118.17
118.97
119.71
120.4
121.14
121.81
122.51
123.15
123.74
124.28
124.8
125.32
125.86
126.41
126.96
127.47
127.99
128.49
129.01
129.53
130.07
130.56
131.05
131.56
132.06
132.56
133.03
133.52
133.99
134.46
134.91
135.38
135.9
136.44
137.01
137.53
138.06
138.56
139.06
139.56
140.07
140.58
141.1
141.62
142.14
142.63
143.13
143.67
144.17
144.65
145.16
145.66
146.16
146.63
147.08
147.54
148.04
148.57
149.08
149.57
150.09
150.59
151.13
151.64
152.15
152.65
153.17
153.66
154.14
154.64
155.16
155.68
156.17
156.68
157.19
157.67
158.17
158.7
159.28
159.89
160.44
161.08
161.75
162.43
163.09
163.83
164.55
165.22
165.94
166.68
167.41
168.12
168.84
169.52
170.25
171.01
171.83
172.62
173.39
174.24
175.02
175.85
176.73
177.53
178.32
179.11
179.93
180.75
181.52
182.31
183.12
183.88
184.67
185.48
186.29
187.04
187.86
188.59
189.3
190.02
190.78
191.47
192.16
192.86
193.58
194.26
194.99
195.67
196.34
197.05
197.75
198.45
199.2
199.93
200.61
201.35
202.09
202.83
203.61
204.38
205.09
205.85
206.57
207.34
208.14
208.88
209.55
210.28
210.97
211.65
212.36
213.06
213.72
214.43
215.11
215.82
216.58
217.3
217.98
218.69
219.34
219.97
220.63
221.27
221.88
222.5
223.23
223.9
224.6
225.26
225.96
226.62
227.37
228.04
228.86
229.62
230.46
231.24
232.03
232.93
233.84
234.88
235.95
237.01
238.06
239.04
240.03
240.99
242.04
242.95
243.87
244.84
245.7
246.53
247.41
248.15
248.86
249.55
250.27
251.03
251.77
252.56
253.31
254.03
254.77
255.53
256.27
257.06
257.81
258.52
259.31
259.97
260.68
261.36
262.03
262.76
263.41
264.1
264.81
265.48
266.18
266.92
267.59
268.28
269.01
269.7
270.41
271.21
271.97
272.68
273.45
274.18
274.96
275.76
276.54
277.23
277.96
278.67
279.36
280.1
280.81
281.47
282.18
282.88
283.62
284.41
285.12
285.78
286.5
287.15
287.79
288.46
289.1
289.73
290.38
291.1
291.75
292.46
293.35
294.16
295.07
295.94
296.85
297.65
298.53
299.33
300.12
301.03
301.93
302.96
304.03
305.11
306.18
307.15
308.25
309.23
310.32
311.22
312.22
313.17
314.0
314.86
315.77
316.5
317.2
317.94
318.65
319.44
320.19
321.0
321.77
322.5
323.32
324.07
324.85
325.67
326.42
327.24
327.93
328.62
329.35
330.03
330.73
331.46
332.16
332.83
333.55
334.24
334.93
335.68
336.41
337.12
337.89
338.68
339.41
340.17
341.01
341.99
342.92
343.9
344.87
345.92
347.01
348.02
349.06
350.07
351.14
352.21
353.3
354.45
355.54
356.51
357.46
358.4
359.36
360.27
361.33
362.31
363.32
364.33
365.38
366.43
367.41
368.44
369.44
370.4
371.38
372.34
373.38
374.31
375.35
376.3
377.35
378.46
379.49
380.63
381.7
382.72
383.71
384.63
385.65
386.67
387.68
388.75
389.71
390.7
391.67
392.65
393.63
394.6
395.61
396.63
397.57
398.48
399.42
400.36
401.33
402.26
403.12
404.08
405.0
405.91
406.78
407.7
408.55
409.43
410.34
411.23
412.19
413.09
414.06
415.06
416.04
417.06
417.99
418.98
420.02
421.0
421.9
422.84
423.61
424.43
425.18
425.94
426.45
426.99
427.55
428.07
428.6
429.13
429.65
430.21
430.74
431.28
431.82
432.36
432.92
433.46
433.98
434.49
435.02
435.5
436.0
436.5
437.0
437.5
437.98
438.48
438.97
439.43
439.93
440.39
440.87
441.33
441.8
442.35
442.88
443.45
443.96
444.46
444.96
445.51
446.11
446.66
447.25
447.82
448.36
448.94
449.55
450.13
450.72
451.24
451.76
452.25
452.75
453.22
453.7
454.17
454.65
455.16
455.67
456.16
456.68
457.17
457.72
458.24
458.74
459.26
459.8
460.29
460.78
461.28
461.81
462.31
462.79
463.28
463.78
464.24
464.73
465.26
465.78
466.31
466.86
467.4
467.92
468.41
468.94
469.49
470.02
470.55
471.07
471.58
472.15
472.66
473.23
473.77
474.28
474.82
475.37
475.96
476.52
477.05
477.61
478.18
478.77
479.33
479.92
480.47
481.04
481.59
482.13
482.74
483.31
483.91
484.49
485.07
485.69
486.19
486.75
487.25
487.77
488.22
488.7
489.14
489.63
490.1
490.55
491.04
491.5
491.96
492.44
492.9
493.41
493.87
494.38
494.89
495.39
495.88
496.37
496.86
497.36
497.85
498.35
498.85
499.39
499.9
500.4
500.94
501.5
502.06
502.6
503.13
503.68
504.27
504.82
505.39
505.94
506.44
506.95
507.44
507.96
508.52
509.11
509.72
510.3
510.88
511.44
512.04
512.52
513.02
513.52
514.02
514.51
515.0
515.5
515.99
516.48
516.98
517.46
517.95
518.41
518.89
519.44
519.94
520.45
521.0
521.48
522.0
522.5
523.0
523.48
523.98
524.5
525.03
525.53
526.02
526.53
527.07
527.58
528.06
