3.78
7.7
11.59
15.55
19.49
23.28
27.32
31.35
35.64
39.84
43.69
47.5
51.25
55.31
59.5
63.43
66.97
70.84
74.7
78.65
82.77
86.83
90.82
94.65
98.75
102.45
106.18
109.93
113.33
116.57
119.9
123.73
127.8
131.85
135.7
139.55
143.08
146.55
150.09
154.13
158.16
162.05
166.07
169.36
172.85
176.72
180.75
184.99
189.3
192.85
195.66
198.44
201.34
204.37
207.32
210.27
213.05
215.83
218.67
221.26
223.89
226.62
229.62
232.84
235.94
239.99
243.86
247.4
251.03
254.67
257.79
260.67
263.41
266.17
269.0
271.99
274.94
277.96
280.8
283.62
286.64
290.06
294.16
297.65
300.96
304.03
307.62
311.22
314.85
318.59
321.77
324.84
327.92
330.72
333.54
336.41
339.4
342.91
347.01
351.14
355.1
358.39
362.3
365.83
369.44
373.36
377.35
381.7
385.65
389.71
393.83
397.76
401.33
404.99
408.54
412.18
416.04
419.49
423.14
426.98
431.28
435.49
439.42
443.25
447.28
451.24
455.15
459.26
463.47
467.39
471.06
474.81
478.45
482.12
485.91
489.61
493.4
497.35
500.93
504.31
507.95
511.59
515.49
519.43
523.47
