0.71
1.5
2.24
3.0
3.71
4.46
5.18
5.94
6.72
7.49
8.25
8.96
9.67
10.38
11.11
11.86
12.62
13.36
14.09
14.81
15.53
16.23
16.94
17.69
18.48
19.37
20.18
21.04
21.86
22.63
23.41
24.22
24.97
25.77
26.54
27.35
28.1
28.88
29.69
30.5
31.23
31.93
32.66
33.39
34.13
34.91
35.74
36.53
37.31
38.07
38.88
39.7
40.5
41.3
42.03
42.74
43.46
44.19
44.93
45.66
46.41
47.15
47.88
48.59
49.31
50.04
50.78
51.48
52.18
52.92
53.68
54.48
55.26
56.03
56.86
57.6
58.37
59.13
59.89
60.64
61.39
62.14
62.93
63.69
64.48
65.22
65.98
66.76
67.62
68.53
69.36
70.18
71.04
71.9
72.71
73.5
74.33
75.2
76.02
76.85
77.7
78.56
79.35
80.13
80.94
81.79
82.6
83.37
84.21
85.05
85.83
86.73
87.56
88.46
89.28
90.06
90.89
91.76
92.59
93.41
94.27
95.03
95.87
96.65
97.54
98.41
99.3
100.21
101.11
102.02
102.85
103.62
104.46
105.34
106.15
106.97
107.82
108.72
109.55
110.35
111.22
112.08
112.9
113.75
114.65
115.47
116.26
117.09
117.93
118.78
119.6
120.37
121.22
122.08
122.9
123.69
124.51
125.32
126.14
126.93
127.72
128.46
129.26
130.01
130.74
131.42
132.2
132.92
133.69
134.46
135.17
135.96
136.71
137.41
138.19
138.92
139.62
140.33
141.03
141.77
142.52
143.27
144.0
144.7
145.4
146.11
146.83
147.53
148.29
149.02
149.75
150.47
151.18
151.9
152.61
153.35
154.11
154.95
155.72
156.55
157.33
158.11
158.85
159.63
160.38
161.15
161.92
162.73
163.48
164.26
165.01
165.77
166.58
167.33
168.15
168.89
169.7
170.45
171.19
171.96
172.67
173.44
174.18
174.94
175.74
176.48
177.19
177.9
178.62
179.33
180.08
180.84
181.56
182.29
183.05
183.78
184.51
185.25
185.96
186.68
187.39
188.12
188.87
189.62
190.37
191.13
191.91
192.66
193.4
194.14
194.88
195.64
196.44
197.19
197.92
198.7
199.51
200.32
201.15
201.94
202.78
203.61
204.4
205.14
205.95
206.8
207.59
208.34
209.12
209.9
210.68
211.4
212.14
212.87
213.58
214.23
214.91
215.6
216.26
216.9
217.55
218.23
218.9
219.54
220.2
220.89
221.53
222.23
223.02
223.79
