1.01
2.08
3.11
4.14
4.98
5.87
6.8
7.67
8.6
9.49
10.35
11.18
12.05
12.9
13.75
14.63
15.55
16.44
17.3
18.16
19.0
19.85
20.81
21.75
22.76
23.69
24.65
25.59
26.56
27.49
28.45
29.36
30.27
31.19
32.24
33.24
34.19
35.24
36.17
37.16
38.06
39.0
39.92
40.93
41.91
42.81
43.74
44.61
45.54
46.5
47.37
48.33
49.23
50.2
51.11
52.02
52.98
53.85
54.8
55.74
56.68
57.62
58.51
59.4
60.3
61.21
62.1
62.97
63.84
64.72
65.6
66.48
67.35
68.18
69.04
69.89
70.68
71.51
72.35
73.2
74.04
74.89
75.97
76.95
78.0
79.04
80.13
81.19
82.26
83.3
84.36
85.48
86.57
87.57
88.54
89.59
90.69
91.82
92.86
93.96
95.09
96.16
97.19
98.29
99.43
100.49
101.45
102.54
103.69
104.75
105.81
106.93
107.99
109.01
110.0
111.09
112.17
113.18
114.16
115.21
116.2
117.25
118.23
119.22
120.27
121.19
122.12
123.12
124.14
125.21
126.25
127.25
128.29
129.39
130.42
131.45
132.54
133.6
134.61
135.55
136.45
137.38
138.35
139.3
140.31
141.28
142.4
143.44
144.49
145.6
146.73
147.8
148.82
149.92
151.04
152.11
153.11
154.17
155.2
156.22
157.17
158.21
159.3
160.26
161.2
162.19
163.14
164.12
165.12
166.05
166.99
167.99
169.0
169.87
170.73
171.56
172.48
173.31
174.17
175.09
175.94
176.85
177.8
178.73
179.63
180.52
181.38
182.29
183.14
184.05
184.98
185.95
186.87
187.73
188.59
189.48
190.43
191.38
192.35
193.28
194.2
195.09
196.05
196.94
197.88
198.85
199.78
200.69
201.62
202.7
203.72
204.72
205.78
206.81
207.75
208.69
209.67
210.6
211.61
212.59
213.47
214.41
215.33
216.27
217.22
218.08
219.0
219.88
220.84
221.71
222.57
223.45
224.31
225.21
226.1
227.0
227.91
228.78
229.65
230.55
231.46
232.35
233.19
234.03
234.91
235.8
236.67
237.54
238.36
239.2
240.07
240.88
241.69
242.52
243.36
244.22
245.05
246.12
247.26
248.31
249.33
250.36
251.36
252.33
253.23
254.12
255.07
256.04
256.98
257.92
258.88
259.82
260.71
261.58
262.43
263.29
264.06
264.83
265.6
266.38
267.12
267.84
268.56
269.34
270.05
270.85
271.71
272.49
273.32
274.19
275.02
275.98
276.92
277.85
278.75
279.7
280.63
281.61
282.52
283.44
284.37
