3.74
6.56
9.4
12.23
15.09
18.07
20.99
23.78
26.5
29.31
32.37
35.6
38.71
41.68
44.74
47.73
50.82
53.62
55.82
57.82
59.78
61.85
63.87
65.84
67.78
69.72
71.7
73.68
75.68
77.67
79.62
81.57
83.58
85.59
87.57
89.57
91.57
93.76
95.75
97.67
99.76
102.22
104.2
106.23
108.11
110.07
112.0
114.27
116.27
118.24
120.24
122.28
124.43
126.74
128.97
131.09
133.14
135.16
137.19
139.42
141.4
143.4
145.46
147.87
150.91
153.91
156.93
159.81
162.73
165.69
168.55
171.48
174.73
177.82
180.71
183.7
186.89
189.91
192.91
195.87
198.64
200.92
203.02
205.18
207.27
209.46
211.64
213.86
215.9
217.91
220.1
222.22
224.25
226.21
228.14
230.02
231.97
233.88
235.87
237.82
239.72
241.64
243.57
245.48
247.39
249.35
251.25
253.12
255.03
257.03
259.02
260.94
262.87
264.7
266.61
268.49
270.35
272.13
273.94
275.75
277.55
279.34
281.17
282.9
284.5
286.18
287.99
