0.18
0.48
0.78
1.07
1.37
1.68
1.98
2.27
2.57
2.87
3.17
3.47
3.77
4.09
4.4
4.7
5.02
5.33
5.63
5.95
6.26
6.56
6.88
7.18
7.49
7.8
8.12
8.44
8.76
9.08
9.41
9.73
10.05
10.36
10.68
11.0
11.31
11.63
11.94
12.24
12.56
12.88
13.2
13.53
13.85
14.16
14.49
14.8
15.12
15.46
15.8
16.11
16.45
16.77
17.11
17.45
17.77
18.09
18.42
18.74
19.05
19.37
19.69
20.01
20.36
20.68
21.0
21.33
21.65
21.97
22.3
22.62
22.93
23.26
23.58
23.89
24.22
24.54
24.85
25.18
25.49
25.81
26.15
26.5
26.85
27.2
27.57
27.9
28.25
28.62
28.96
29.32
29.65
30.0
30.33
30.67
31.02
31.36
31.69
32.03
32.37
32.74
33.09
33.43
33.77
34.12
34.48
34.84
35.17
35.48
35.8
36.13
36.45
36.76
37.08
37.4
37.72
38.06
38.4
38.72
39.05
39.39
39.71
40.03
40.37
40.69
41.04
41.38
41.71
42.04
42.38
42.73
43.08
43.41
43.74
44.09
44.43
44.76
45.1
45.44
45.76
46.1
46.42
46.74
47.08
47.4
47.74
48.08
48.4
48.74
49.08
49.42
49.77
50.13
50.46
50.82
51.13
51.47
51.81
52.13
52.45
52.78
53.13
53.44
53.78
54.12
54.46
54.81
55.16
55.49
55.82
56.16
56.49
56.82
57.17
57.5
57.82
58.16
58.49
58.8
59.15
59.48
59.79
60.13
60.48
60.81
61.15
61.5
61.85
62.21
62.54
62.87
63.2
63.53
63.87
64.2
64.52
64.85
65.18
65.5
65.84
66.18
66.49
66.81
67.13
67.46
67.78
68.1
68.43
68.75
69.09
69.4
69.73
70.05
70.37
70.7
71.03
71.36
71.7
72.02
72.35
72.68
73.02
73.34
73.69
74.04
74.37
74.68
75.01
75.34
75.69
76.04
76.38
76.7
77.04
77.37
77.68
78.01
78.34
78.67
79.0
79.31
79.63
79.96
80.28
80.59
80.91
81.26
81.58
81.91
82.23
82.56
82.9
83.24
83.59
83.94
84.27
84.62
84.96
85.27
85.6
85.95
86.26
86.59
86.92
87.25
87.58
87.93
88.24
88.58
88.92
89.24
89.57
89.91
90.22
90.56
90.89
91.22
91.57
91.96
92.33
92.71
93.11
93.45
93.77
94.13
94.45
94.77
95.1
95.43
95.75
96.07
96.38
96.7
97.03
97.35
97.68
98.02
98.33
98.67
99.02
99.38
99.76
100.12
100.48
100.82
101.18
101.55
101.88
102.23
102.57
102.9
103.21
103.54
103.87
104.2
104.55
104.87
105.19
105.54
105.91
106.24
106.59
106.96
107.31
107.66
108.01
108.34
108.71
109.04
109.41
109.75
110.07
110.42
110.74
111.06
111.4
111.72
112.04
112.37
112.69
113.0
113.32
113.65
113.96
114.28
114.63
114.96
115.28
115.61
115.93
116.28
116.61
116.92
117.25
117.6
117.92
118.25
118.59
118.9
119.23
119.57
119.89
120.24
120.57
120.88
121.21
121.56
121.9
122.28
122.64
122.99
123.34
123.71
124.06
124.45
124.86
125.27
125.67
126.06
126.41
126.74
127.09
127.41
127.75
128.06
128.39
128.74
129.07
129.41
129.75
130.09
130.45
130.78
131.11
131.47
131.8
132.13
132.45
132.78
133.14
133.48
133.8
134.14
134.5
134.83
135.16
135.52
135.83
136.16
136.5
136.83
137.16
137.47
137.8
138.11
138.43
138.78
139.09
139.42
139.77
140.09
140.42
140.75
141.07
141.41
141.77
142.09
142.43
142.79
143.1
143.43
143.78
144.09
144.42
144.77
145.11
145.48
145.83
146.18
146.51
146.86
147.22
147.57
147.89
148.25
148.58
148.9
149.23
149.56
149.9
150.25
150.57
150.91
151.28
151.61
151.96
152.33
152.66
152.98
153.31
153.63
153.96
154.29
154.62
154.95
155.29
155.62
155.94
156.29
156.62
156.94
157.26
157.58
157.9
158.22
158.54
158.86
159.19
159.51
159.82
160.15
160.46
160.76
161.06
161.36
161.67
161.98
162.29
162.6
162.91
163.22
163.54
163.84
164.16
164.47
164.78
165.09
165.4
165.7
166.01
166.32
166.64
166.95
167.27
167.59
167.92
168.24
168.55
168.87
169.2
169.51
169.84
170.16
170.47
170.8
171.11
171.44
171.75
172.07
172.39
172.72
173.03
173.35
173.67
174.0
174.32
174.64
174.95
175.27
175.59
175.91
176.23
176.56
176.87
177.19
177.51
177.83
178.16
178.47
178.79
179.11
179.43
179.75
180.08
180.4
180.71
181.03
181.36
181.68
182.02
182.36
182.7
183.05
183.4
183.72
184.08
184.41
184.73
185.06
185.38
185.71
186.03
186.35
186.67
187.0
187.31
187.63
187.96
188.28
188.59
188.93
189.24
189.58
189.92
190.26
190.61
190.98
191.32
191.64
191.96
192.28
192.59
192.91
193.23
193.55
193.89
194.21
194.55
194.89
195.2
195.53
195.87
196.18
196.5
196.82
197.15
197.46
197.79
198.09
198.4
198.7
199.0
199.31
199.61
199.9
200.2
200.5
200.81
201.1
201.42
201.74
202.06
202.38
202.7
203.03
203.34
203.67
203.99
204.3
204.63
204.95
205.27
205.58
205.9
206.22
206.55
206.86
207.19
207.51
207.82
208.12
208.43
208.75
209.05
209.36
209.68
209.98
210.29
210.62
210.94
211.25
211.57
211.89
212.23
212.55
212.9
213.23
213.55
213.87
214.21
214.55
214.89
215.25
215.59
215.91
216.26
216.6
216.94
217.28
217.61
217.93
218.26
218.61
218.93
219.25
219.58
219.89
220.21
220.55
220.87
221.22
221.54
221.87
222.22
222.54
222.9
223.24
223.56
223.9
224.25
224.59
224.94
225.33
225.68
226.06
226.42
226.81
227.18
227.53
227.91
228.27
228.64
229.03
229.37
229.71
230.02
230.36
230.69
231.02
231.35
231.67
231.98
232.31
232.62
232.94
233.27
233.58
233.9
234.23
234.56
234.88
235.23
235.55
235.89
236.22
236.54
236.86
237.18
237.5
237.82
238.13
238.45
238.77
239.09
239.41
239.73
240.06
240.38
240.7
241.01
241.33
241.65
241.97
242.29
242.61
242.94
243.26
243.58
243.89
244.21
244.53
244.85
245.17
245.49
245.81
246.13
246.45
246.77
247.09
247.41
247.74
248.06
248.37
248.72
249.03
249.36
249.71
250.02
250.34
250.66
250.97
251.28
251.59
251.9
252.21
252.53
252.84
253.14
253.46
253.76
254.07
254.39
254.72
255.04
255.36
255.67
256.0
256.34
256.68
257.03
257.38
257.71
258.06
258.4
258.71
259.03
259.36
259.68
259.99
260.31
260.63
260.95
261.28
261.59
261.92
262.24
262.56
262.87
263.18
263.49
263.8
264.11
264.41
264.72
265.05
265.36
265.69
266.01
266.33
266.64
266.97
267.27
267.58
267.89
268.2
268.51
268.83
269.13
269.44
269.76
270.05
270.36
270.66
270.95
271.25
271.56
271.85
272.15
272.46
272.75
273.05
273.36
273.66
273.96
274.28
274.57
274.88
275.18
275.47
275.77
276.08
276.37
276.68
276.98
277.28
277.57
277.88
278.18
278.48
278.77
279.07
279.35
279.65
279.93
280.22
280.54
280.85
281.16
281.46
281.78
282.08
282.37
282.67
282.97
283.27
283.57
283.88
284.18
284.47
284.75
285.03
285.3
285.58
285.87
286.19
286.5
286.8
287.12
287.43
287.72
288.02
288.32
288.62
