4.37
8.11
11.74
15.43
19.08
22.86
26.88
30.77
34.75
38.75
42.61
46.75
50.67
54.31
58.03
61.79
65.34
68.96
72.73
76.52
80.36
84.68
87.85
90.73
93.55
96.5
99.51
102.26
105.34
108.52
111.76
114.71
117.55
120.39
123.39
126.14
128.87
131.77
134.66
137.52
140.62
143.43
146.28
149.62
152.87
155.79
158.71
161.52
164.29
167.05
169.68
172.32
175.27
178.26
181.76
185.54
189.14
192.98
196.68
200.51
204.63
208.66
212.73
216.72
220.61
224.54
228.07
231.68
235.41
239.08
242.62
246.23
249.97
253.76
257.63
260.8
263.66
266.29
269.21
272.11
274.63
277.05
279.38
281.41
283.37
285.26
287.28
