0.0
0.32
0.64
0.96
1.28
1.6
1.91
2.23
2.56
2.88
3.19
3.49
3.8
4.1
4.39
4.7
5.01
5.32
5.63
5.94
6.25
6.57
6.87
7.18
7.5
7.81
8.11
8.42
8.73
9.05
9.36
9.67
9.98
10.28
10.58
10.87
11.18
11.48
11.77
12.07
12.37
12.68
12.97
13.27
13.59
13.89
14.21
14.51
14.82
15.14
15.45
15.75
16.07
16.38
16.68
17.0
17.31
17.61
17.91
18.21
18.51
18.8
19.1
19.4
19.7
20.01
20.31
20.63
20.95
21.27
21.58
21.9
22.23
22.54
22.87
23.21
23.57
23.91
24.23
24.59
24.93
25.26
25.59
25.95
26.28
26.6
26.91
27.23
27.55
27.87
28.19
28.51
28.83
29.15
29.47
29.8
30.11
30.44
30.77
31.1
31.42
31.74
32.08
32.4
32.75
33.08
33.42
33.78
34.11
34.42
34.76
35.09
35.41
35.74
36.07
36.41
36.77
37.11
37.43
37.75
38.08
38.41
38.75
39.08
39.4
39.73
40.05
40.37
40.69
41.02
41.34
41.66
41.97
42.3
42.62
42.94
43.26
43.58
43.9
44.21
44.53
44.85
45.17
45.49
45.81
46.13
46.43
46.75
47.05
47.36
47.67
47.99
48.29
48.61
48.9
49.21
49.51
49.8
50.1
50.41
50.7
51.01
51.31
51.61
51.91
52.21
52.5
52.81
53.11
53.4
53.7
54.0
54.31
54.61
54.92
55.23
55.54
55.86
56.17
56.48
56.78
57.1
57.4
57.71
58.03
58.34
58.65
58.96
59.27
59.58
59.88
60.2
60.5
60.81
61.13
61.45
61.78
62.1
62.4
62.7
62.99
63.29
63.59
63.88
64.18
64.46
64.76
65.06
65.36
65.66
65.96
66.27
66.57
66.87
67.16
67.47
67.77
68.07
68.37
68.67
68.96
69.27
69.59
69.91
70.24
70.55
70.88
71.2
71.51
71.82
72.13
72.44
72.74
73.05
73.36
73.67
73.98
74.3
74.61
74.92
75.23
75.55
75.88
76.2
76.52
76.84
77.15
77.48
77.8
78.12
78.44
78.75
79.08
79.4
79.71
80.03
80.38
80.77
81.12
81.49
81.88
82.24
82.6
82.95
83.28
83.63
84.0
84.33
84.69
85.05
85.39
85.76
86.12
86.46
86.82
87.17
87.51
87.86
88.23
88.58
88.92
89.26
89.63
89.97
90.34
90.7
91.05
91.4
91.73
92.08
92.44
92.82
93.19
93.56
93.94
94.29
94.66
95.03
95.4
95.79
96.17
96.54
96.94
97.32
97.67
98.05
98.42
98.8
99.15
99.52
99.9
100.24
100.57
100.89
101.21
101.56
101.94
102.3
102.67
103.06
103.42
103.81
104.19
104.58
104.99
105.36
105.77
106.16
106.53
106.92
107.34
107.73
108.12
108.53
108.92
109.33
109.74
110.17
110.56
110.98
111.38
111.76
112.12
112.5
112.89
113.28
113.66
114.02
114.36
114.72
115.1
115.44
115.8
116.17
116.51
116.88
117.23
117.58
117.93
118.27
118.61
118.96
119.34
119.7
120.05
120.4
120.76
121.13
121.51
121.88
122.27
122.65
123.01
123.36
123.71
124.04
124.39
124.74
125.09
125.45
125.79
126.14
126.51
126.84
127.2
127.54
127.87
128.21
128.54
128.88
129.24
129.58
129.94
130.33
130.68
131.05
131.44
131.79
132.14
132.47
132.82
133.17
133.56
133.91
134.28
134.66
135.03
135.39
135.78
136.13
136.47
136.82
137.16
137.53
137.87
138.19
138.53
138.87
139.22
139.59
139.92
140.29
140.63
140.99
141.34
141.69
142.02
142.37
142.72
143.07
143.44
143.78
144.13
144.49
144.85
145.2
145.58
145.94
146.28
146.63
146.96
147.3
147.66
148.0
148.34
148.68
149.0
149.34
149.68
150.04
150.37
150.72
151.05
151.38
151.74
152.14
152.5
152.88
153.28
153.65
154.03
154.42
154.76
155.1
155.42
155.78
156.1
156.44
156.79
157.15
157.54
157.91
158.32
158.72
159.13
159.54
159.97
160.37
160.76
161.15
161.52
161.92
162.28
162.65
163.0
163.33
163.66
163.98
164.3
164.63
164.96
165.3
165.65
166.02
166.36
166.71
167.06
167.42
167.75
168.08
168.4
168.72
169.05
169.38
169.72
170.13
170.56
170.99
171.39
171.83
172.33
172.79
173.27
173.75
174.28
174.75
175.28
175.77
176.25
176.75
177.33
177.86
178.46
179.07
179.68
180.28
180.88
181.46
182.06
182.69
183.32
183.95
184.56
185.21
185.85
186.45
187.03
187.64
188.24
188.85
189.46
190.09
190.72
191.32
191.95
192.62
193.3
193.92
194.54
195.14
195.75
196.37
197.01
197.67
198.28
198.9
199.5
200.1
200.73
201.31
201.93
202.61
203.28
203.93
204.63
205.32
205.97
206.66
207.35
207.99
208.67
209.32
210.02
210.73
211.4
212.09
212.74
213.43
214.12
214.74
215.42
216.08
216.73
217.38
218.02
218.71
219.36
219.98
220.62
221.29
221.95
222.59
223.23
223.88
224.55
225.23
225.86
226.53
227.18
227.78
228.36
228.99
229.59
230.18
230.77
231.37
231.98
232.58
233.22
233.86
234.46
235.09
235.75
236.35
236.96
237.56
238.16
238.78
239.4
239.96
240.54
241.13
241.74
242.32
242.95
243.55
244.15
244.75
245.34
245.93
246.52
247.14
247.81
248.45
249.07
249.69
250.32
250.92
251.55
252.17
252.78
253.41
254.09
254.73
255.36
256.04
256.74
257.39
258.08
258.78
259.45
260.14
260.82
261.59
262.32
263.0
263.66
264.31
264.95
265.62
266.36
267.03
267.79
268.52
269.23
269.99
270.72
271.4
272.12
272.72
273.33
273.97
274.63
275.32
275.96
276.52
277.06
277.63
278.21
278.82
279.39
279.9
280.4
280.91
281.41
281.9
282.4
282.92
283.38
283.86
284.35
284.79
285.27
285.72
286.17
286.65
287.09
287.58
288.03
288.5
