0.62
1.59
2.55
3.5
4.32
5.12
5.97
6.8
7.65
8.5
9.34
10.17
10.98
11.79
12.63
13.45
14.26
15.11
15.97
16.81
17.63
18.46
19.31
20.22
21.13
22.25
23.27
24.36
25.31
26.28
27.22
28.18
29.09
29.97
30.9
31.85
32.81
33.77
34.73
35.77
36.73
37.65
38.6
39.53
40.51
41.51
42.43
43.47
44.4
45.42
46.38
47.21
48.06
48.87
49.81
50.7
51.56
52.35
53.17
53.97
54.79
55.6
56.48
57.29
58.1
58.93
59.72
60.53
61.31
62.1
62.95
63.77
64.58
65.44
66.31
67.27
68.22
69.07
69.92
70.77
71.63
72.52
73.46
74.31
75.2
76.05
76.94
77.9
78.79
79.72
80.73
81.67
82.63
83.57
84.54
85.53
86.44
87.37
88.33
89.27
90.17
91.17
92.07
93.04
94.03
94.99
95.89
96.86
97.87
98.88
99.92
100.91
101.95
102.95
103.91
104.96
105.97
107.04
108.02
108.86
109.75
110.61
111.41
112.24
113.07
113.95
114.79
115.68
116.52
117.46
118.4
119.35
120.36
121.29
122.28
123.22
124.12
125.01
125.93
126.85
127.72
128.55
129.42
130.34
131.18
131.98
132.84
133.77
134.67
135.55
136.36
137.25
138.08
138.94
139.86
140.74
141.68
142.54
143.52
144.5
145.53
146.52
147.55
148.62
149.71
150.69
151.72
152.62
153.56
154.38
155.21
156.08
156.9
157.9
158.84
159.78
160.76
161.7
162.69
163.71
164.66
165.6
166.57
167.4
168.26
169.04
169.86
170.7
171.52
172.37
173.24
174.05
174.82
175.6
176.4
177.19
177.98
178.84
179.7
180.53
181.33
182.13
182.97
183.84
184.72
185.56
186.45
187.27
188.11
189.05
189.91
190.83
191.75
192.67
193.53
194.45
195.4
196.36
197.34
198.38
199.32
200.25
201.15
202.11
203.06
204.06
205.07
205.97
206.88
207.77
208.68
209.61
210.5
211.45
212.44
213.37
214.3
215.09
215.91
216.69
217.5
218.31
219.17
220.03
220.9
221.71
222.53
223.28
224.1
224.88
225.67
226.52
227.36
228.18
229.06
229.91
230.87
231.77
232.63
233.5
234.35
235.23
236.11
237.03
237.82
238.69
239.5
240.38
241.28
242.11
242.99
243.91
244.72
245.5
246.34
247.19
247.96
248.72
249.51
250.35
251.11
251.84
252.59
253.3
253.97
254.64
255.34
256.0
256.62
257.27
257.92
258.59
259.29
260.01
260.74
261.49
262.26
263.03
263.76
264.51
265.29
266.01
