0.57
1.51
2.45
3.37
4.25
5.13
6.01
6.91
7.84
8.74
9.61
10.51
11.38
12.3
13.15
14.04
14.95
15.89
16.78
17.69
18.55
19.46
20.34
21.23
22.17
23.11
23.98
24.92
25.82
26.75
27.65
28.6
29.5
30.38
31.29
32.24
33.13
34.01
34.99
35.92
36.88
37.86
38.77
39.67
40.62
41.56
42.48
43.42
44.32
45.26
46.29
47.24
48.17
49.18
50.07
50.96
51.86
52.75
53.64
54.54
55.48
56.35
57.23
58.12
59.01
59.93
60.83
61.71
62.58
63.48
64.37
65.29
66.2
67.1
68.02
68.93
69.81
70.69
71.57
72.45
73.37
74.25
75.14
76.02
76.86
77.67
78.54
79.23
79.98
80.67
81.38
82.1
82.76
83.46
84.2
84.86
85.57
86.27
86.97
87.64
88.33
89.02
89.76
90.45
91.13
91.8
92.51
93.14
93.81
94.49
95.15
95.88
96.54
97.27
97.93
98.69
99.45
100.18
100.86
101.53
102.23
102.98
103.74
104.45
105.2
105.92
106.66
107.41
108.1
108.8
109.51
110.17
110.89
111.59
112.25
112.91
113.59
114.29
115.01
115.68
116.37
117.07
117.99
118.96
119.89
120.89
121.86
122.86
123.88
124.97
125.99
127.02
128.07
129.1
130.1
131.16
132.24
133.31
134.28
135.31
136.38
137.4
138.4
139.49
140.52
141.5
142.58
143.67
144.82
145.9
146.93
148.03
149.11
150.17
151.29
152.35
153.34
154.37
155.41
156.45
157.46
158.54
159.68
160.71
161.75
162.85
163.88
165.01
166.02
167.06
167.93
168.8
169.7
170.57
171.52
172.47
173.39
174.25
175.17
176.16
177.08
177.97
178.87
179.77
180.65
181.52
182.4
183.33
184.27
185.16
186.09
186.96
187.84
188.72
189.61
190.54
191.46
192.32
193.24
194.11
195.05
195.93
196.88
197.77
198.67
199.57
200.52
201.38
202.29
203.23
204.09
204.95
205.85
206.76
207.68
208.56
209.53
210.47
211.43
212.34
213.26
214.09
214.97
215.82
216.72
217.54
218.43
219.34
220.23
221.12
222.03
222.94
223.91
224.81
225.69
226.58
227.46
228.38
229.25
230.15
231.04
231.95
232.81
233.73
234.63
235.52
236.46
237.39
238.26
239.14
240.05
240.93
241.84
242.78
243.68
244.57
245.49
246.45
247.41
248.46
249.41
250.48
251.45
252.44
253.51
254.55
255.53
256.66
257.73
258.78
259.71
260.66
261.53
262.45
263.3
264.12
264.92
265.74
266.51
267.31
268.19
269.0
269.79
270.55
271.32
272.07
272.77
273.59
274.4
275.19
