1.02
2.06
3.12
4.08
5.06
6.03
7.02
8.01
8.97
9.87
10.81
11.75
12.72
13.66
14.52
15.38
16.14
16.91
17.62
18.37
19.16
19.87
20.63
21.37
22.16
22.88
23.63
24.35
25.05
25.8
26.46
27.16
27.81
28.48
29.17
29.82
30.46
31.14
31.78
32.44
33.12
33.76
34.39
35.03
35.5
35.97
36.45
36.92
37.38
37.86
38.31
38.76
39.21
39.65
40.09
40.55
41.0
41.46
41.94
42.4
42.86
43.31
43.75
44.2
44.65
45.11
45.58
46.06
46.55
47.03
47.53
48.04
48.55
49.04
49.58
50.07
50.55
51.06
51.58
52.05
52.55
53.06
53.56
54.04
54.52
55.03
55.53
56.0
56.49
56.99
57.48
57.95
58.42
58.89
59.38
59.87
60.34
60.81
61.29
61.77
62.24
62.7
63.18
63.66
64.13
64.58
65.07
65.53
66.01
66.49
66.97
67.45
67.94
68.44
68.97
69.48
69.94
70.4
70.86
71.33
71.79
72.25
72.7
73.19
73.64
74.13
74.58
75.06
75.52
75.98
76.44
76.92
77.38
77.85
78.31
78.78
79.27
79.73
80.21
80.69
81.15
81.64
82.16
82.72
83.22
83.78
84.29
84.83
85.36
85.91
86.49
87.04
87.57
88.14
88.67
89.19
89.7
90.24
90.76
91.26
91.74
92.23
92.69
93.21
93.68
94.18
94.65
95.16
95.63
96.14
96.62
97.06
97.53
98.0
98.45
98.9
99.37
99.84
100.3
100.75
101.2
101.66
102.16
102.66
103.14
103.62
104.11
104.63
105.12
105.61
106.1
106.59
107.08
107.56
108.06
108.59
109.07
109.56
110.08
110.58
111.08
111.56
112.08
112.55
113.04
113.57
114.15
114.77
115.36
115.96
116.55
117.18
117.78
118.38
118.97
119.57
120.16
120.82
121.45
122.07
122.68
123.31
123.95
124.58
125.23
125.84
126.49
127.12
127.75
128.38
128.98
129.64
130.26
130.88
131.51
132.12
132.73
133.34
133.92
134.53
135.17
135.75
136.37
136.97
137.62
138.21
138.84
139.48
140.16
140.83
141.5
142.17
142.91
143.58
144.32
145.04
145.75
146.4
147.07
147.69
148.32
148.96
149.6
150.24
150.91
151.52
152.11
152.74
153.32
153.93
154.54
155.13
155.73
156.36
156.96
157.53
158.16
158.75
159.3
159.81
160.37
160.9
161.46
161.96
162.47
162.98
163.47
163.98
164.45
164.95
165.42
165.91
166.41
166.91
167.4
167.88
168.37
168.86
169.34
169.84
170.34
170.84
171.34
171.82
172.29
172.8
173.3
173.77
174.25
174.75
175.25
175.71
176.19
176.7
177.18
177.66
178.14
178.65
179.14
179.61
180.1
180.61
181.14
181.63
182.15
182.66
183.16
183.67
184.17
184.69
185.2
185.66
186.13
186.62
187.08
187.56
188.02
188.51
188.99
189.44
189.92
190.4
190.86
191.34
191.79
192.27
192.73
193.21
193.67
194.15
194.64
195.13
195.62
196.22
196.79
197.34
197.91
198.5
199.14
199.8
200.42
201.06
201.71
202.3
202.89
203.46
204.03
204.58
205.15
205.72
206.3
206.85
207.44
208.06
208.7
209.34
210.01
210.64
211.26
211.93
212.57
213.21
213.85
214.46
215.12
215.75
216.48
217.21
217.98
218.73
219.49
220.21
221.01
221.75
222.53
223.25
224.02
224.82
225.69
226.53
227.42
228.24
229.0
229.74
230.52
231.33
232.07
232.88
233.57
234.22
234.96
235.67
236.37
237.05
237.81
238.61
239.37
240.09
240.92
241.72
242.51
243.35
244.24
245.11
246.04
246.92
247.75
248.66
249.53
250.43
251.4
252.33
253.21
254.16
255.09
255.97
256.96
257.91
258.87
259.78
260.79
261.73
262.67
263.71
264.71
265.73
266.57
267.5
268.33
269.22
270.07
270.94
271.78
272.57
273.38
274.16
274.95
275.78
276.56
277.32
278.08
278.86
279.5
280.13
280.73
281.4
282.04
282.65
283.32
283.95
284.59
285.24
285.9
286.58
287.24
287.86
288.48
289.1
289.69
290.32
290.96
291.55
292.2
292.79
293.41
294.03
294.65
295.3
295.88
296.52
297.11
297.69
298.26
298.87
299.46
300.04
300.63
301.21
301.76
302.33
302.86
303.42
304.0
304.57
305.15
305.69
306.27
306.86
307.4
307.99
308.57
309.17
309.75
310.24
310.76
311.28
311.82
312.32
312.78
313.26
313.72
314.18
314.63
315.1
315.55
316.02
316.46
316.94
317.39
317.86
318.3
318.76
319.22
319.7
320.14
320.61
321.06
321.52
322.0
322.47
322.95
323.42
323.89
324.37
324.88
325.45
325.99
326.53
327.04
327.59
328.15
328.69
329.22
329.75
330.28
330.83
331.38
331.92
332.44
332.98
333.49
334.0
334.52
335.03
335.51
335.98
336.48
337.0
337.49
337.98
338.46
338.97
339.46
339.96
340.45
340.98
341.46
341.9
342.38
342.83
343.29
343.74
344.22
344.7
345.23
345.72
346.2
346.71
347.23
347.76
348.22
348.72
349.21
349.72
350.21
350.71
351.2
351.73
352.2
352.71
353.2
353.71
354.19
354.68
355.18
355.68
356.17
356.7
357.3
357.95
358.57
359.21
359.83
360.46
361.07
361.66
362.28
362.99
363.65
364.32
365.07
365.88
366.65
367.38
368.18
368.89
369.59
370.31
371.06
371.88
372.66
373.41
374.22
374.96
375.78
376.52
377.3
378.09
