2.06
5.05
8.0
10.67
13.23
15.83
18.17
20.62
23.17
25.79
28.48
31.13
33.75
36.18
38.3
40.09
41.93
43.74
45.58
47.52
49.57
51.57
53.55
55.52
57.47
59.38
61.28
63.17
65.06
66.96
68.97
70.84
72.69
74.57
76.44
78.31
80.33
82.72
84.83
86.82
88.93
91.0
92.95
94.9
96.71
98.45
100.29
102.16
104.1
106.09
108.05
110.08
112.07
114.14
116.73
120.11
123.31
126.48
128.97
131.51
134.12
136.77
139.46
142.16
145.05
148.0
150.95
153.73
156.48
158.74
160.88
162.97
164.95
166.9
168.85
170.83
172.8
174.74
176.69
178.65
180.6
182.66
184.69
186.61
188.5
190.39
192.27
194.16
196.21
198.49
201.38
204.58
208.05
211.94
215.73
219.58
223.23
226.88
230.51
234.2
237.03
240.1
243.26
246.47
249.97
253.92
257.97
261.72
265.72
269.85
274.15
278.49
282.84
286.57
289.89
293.15
295.71
298.25
300.62
302.85
305.17
307.39
309.74
312.08
313.93
315.79
317.61
319.44
321.28
323.18
325.45
327.59
329.75
331.92
334.0
335.98
337.97
339.85
341.67
343.5
345.45
347.49
349.46
351.45
353.46
355.43
357.94
360.45
362.88
365.35
368.17
