2.17
5.23
8.42
12.28
15.92
19.71
23.4
27.0
30.51
34.26
37.53
40.47
42.89
45.23
47.38
49.53
51.75
53.78
55.95
57.94
60.0
62.04
64.08
66.08
68.08
70.1
71.98
73.84
75.68
77.52
79.43
81.36
83.15
85.01
87.09
89.17
91.23
93.33
95.36
97.4
99.38
101.28
103.19
105.21
107.18
109.12
111.05
113.02
115.01
117.28
119.64
122.01
124.59
127.11
129.55
132.11
134.67
137.25
139.74
141.56
143.42
145.26
147.19
149.05
150.93
152.83
154.69
156.62
158.7
160.67
162.68
164.64
166.63
168.6
170.61
172.67
174.71
176.71
178.73
180.82
182.81
184.79
186.75
188.75
190.85
193.07
195.49
198.25
201.67
204.96
207.69
210.08
212.37
214.69
217.16
219.9
222.69
225.85
229.04
232.33
235.93
239.5
243.22
247.11
250.95
254.74
258.72
262.79
266.9
270.86
274.04
277.12
280.01
282.39
284.52
286.84
289.35
291.54
293.38
295.21
297.04
298.87
300.8
302.67
304.62
306.62
308.74
310.86
312.74
314.79
316.88
318.9
320.97
322.91
324.84
326.75
328.71
330.68
332.64
334.57
336.56
338.51
340.51
342.61
344.87
347.36
350.2
