0.65
1.43
2.17
3.02
3.91
4.82
5.76
6.65
7.51
8.42
9.35
10.32
11.27
12.28
13.21
14.14
15.04
15.92
16.9
17.82
18.81
19.72
20.64
21.59
22.49
23.43
24.32
25.19
26.07
26.94
27.85
28.51
29.21
29.87
30.52
31.13
31.76
32.4
33.02
33.68
34.27
34.91
35.39
35.87
36.34
36.82
37.29
37.79
38.27
38.75
39.23
39.73
40.21
40.75
41.25
41.72
42.21
42.67
43.14
43.62
44.08
44.61
45.1
45.61
46.11
46.64
47.15
47.65
48.17
48.66
49.2
49.71
50.19
50.72
51.22
51.75
52.26
52.75
53.26
53.79
54.38
54.94
55.43
55.95
56.45
56.95
57.45
57.95
58.47
58.99
59.49
60.01
60.5
61.03
61.53
62.04
62.53
63.06
63.55
64.09
64.57
65.08
65.59
66.09
66.6
67.07
67.58
68.08
68.59
69.11
69.63
70.1
70.58
71.06
71.52
71.99
72.45
72.9
73.39
73.86
74.31
74.77
75.23
75.68
76.13
76.59
77.05
77.53
78.0
78.48
78.95
79.44
79.91
80.4
80.88
81.37
81.85
82.32
82.87
83.43
83.97
84.49
85.02
85.55
86.06
86.57
87.1
87.61
88.16
88.66
89.18
89.67
90.2
90.69
91.23
91.76
92.3
92.8
93.34
93.85
94.36
94.85
95.37
95.87
96.41
96.92
97.43
97.93
98.44
98.9
99.38
99.88
100.34
100.81
101.29
101.75
102.25
102.72
103.2
103.72
104.21
104.72
105.22
105.72
106.21
106.69
107.19
107.66
108.16
108.64
109.12
109.61
110.08
110.55
111.05
111.54
112.04
112.52
113.03
113.52
114.01
114.47
115.02
115.57
116.13
116.73
117.29
117.89
118.47
119.04
119.64
120.24
120.81
121.43
122.01
122.68
123.29
123.96
124.6
125.24
125.85
126.51
127.13
127.74
128.36
128.97
129.55
130.19
130.86
131.47
132.14
132.75
133.41
134.06
134.67
135.34
135.98
136.59
137.26
137.88
138.54
139.27
139.97
140.72
141.42
142.12
142.88
143.56
144.35
145.13
145.93
146.75
147.54
148.29
149.0
149.73
150.49
151.18
151.89
152.62
153.31
153.88
154.48
155.05
155.61
156.11
156.63
157.17
157.67
158.18
158.71
159.19
159.7
160.17
160.67
161.15
161.64
162.16
162.68
163.17
163.67
164.16
164.65
165.14
165.65
166.15
166.63
167.12
167.63
168.12
168.61
169.12
169.63
170.12
170.62
171.14
171.66
172.16
172.68
173.21
173.72
174.22
174.72
175.25
175.77
176.26
176.72
177.22
177.73
178.25
178.74
179.29
179.79
180.29
180.82
181.31
181.83
182.31
182.82
183.31
183.78
184.28
184.8
185.28
185.8
186.28
186.77
187.26
187.74
188.25
188.75
189.25
189.76
190.28
190.86
191.39
191.96
192.52
193.07
193.65
194.26
194.84
195.39
195.99
196.56
197.12
197.7
198.25
198.81
199.41
199.94
200.51
201.06
201.65
202.25
202.85
203.41
204.02
204.64
205.26
205.85
206.46
207.07
207.7
208.32
208.93
209.51
210.06
210.64
211.25
211.83
212.41
212.99
213.56
214.15
214.7
215.31
215.86
216.47
217.12
217.84
218.64
219.51
220.31
221.09
221.93
222.69
223.47
224.3
225.05
225.86
226.67
227.45
228.23
229.16
230.06
230.93
231.85
232.78
233.64
234.58
235.48
236.39
237.25
238.16
239.11
240.06
240.94
241.88
242.85
243.69
244.66
245.58
246.45
247.41
248.31
249.2
250.08
250.98
251.9
252.82
253.83
254.76
255.79
256.77
257.77
258.73
259.69
260.53
261.33
262.12
262.89
263.7
264.53
265.33
266.1
266.91
267.68
268.48
269.26
270.1
270.86
271.69
272.48
273.28
274.05
274.86
275.63
276.27
276.91
277.58
278.18
278.84
279.44
280.02
280.62
281.21
281.83
282.4
282.95
283.46
283.98
284.53
285.1
285.66
286.27
286.85
287.48
288.12
288.76
289.36
289.93
290.51
291.06
291.63
292.21
292.81
293.39
293.85
294.31
294.78
295.22
295.69
296.15
296.58
297.05
297.49
297.93
298.4
298.87
299.37
299.84
300.33
300.81
301.27
301.74
302.2
302.68
303.16
303.65
304.13
304.62
305.12
305.6
306.08
306.63
307.15
307.69
308.2
308.74
309.29
309.82
310.32
310.87
311.34
311.79
312.26
312.75
313.24
313.79
314.31
314.8
315.33
315.85
316.37
316.89
317.4
317.91
318.41
318.91
319.44
319.96
320.49
320.98
321.48
321.97
322.45
322.92
323.4
323.89
324.36
324.84
325.34
325.82
326.29
326.76
327.26
327.72
328.2
328.71
329.21
329.71
330.21
330.69
331.19
331.66
332.17
332.64
333.13
333.62
334.1
334.58
335.09
335.58
336.08
336.56
337.07
337.55
338.17
338.76
339.34
339.91
340.52
341.09
341.68
342.31
342.95
343.59
344.26
344.88
345.52
346.14
346.75
347.38
348.02
348.74
349.45
350.21
350.92
351.64
352.37
353.1
353.83
354.57
355.33
356.02
