1.57
3.96
6.38
8.75
11.18
13.68
16.16
18.52
20.95
23.5
26.02
28.42
30.46
32.37
34.27
36.09
37.92
39.71
41.6
43.29
44.99
46.72
48.52
50.4
52.28
54.19
56.07
57.91
59.73
61.54
63.36
65.21
67.05
69.33
71.73
74.12
76.57
79.07
81.1
82.99
84.89
86.8
88.7
90.58
92.4
94.15
95.82
97.4
99.09
100.76
102.44
104.12
105.85
107.71
110.14
113.06
115.98
118.89
122.05
125.11
128.04
131.03
134.08
137.24
140.38
143.5
146.54
148.5
150.4
152.33
154.17
156.02
157.8
159.59
161.38
163.17
164.98
166.82
168.62
170.41
172.25
174.09
175.84
177.53
179.26
181.04
183.07
185.24
188.36
192.7
196.16
199.53
203.13
206.88
210.76
214.78
218.49
222.12
225.42
228.86
232.13
235.2
238.24
241.25
244.03
246.87
249.85
252.98
256.17
259.14
261.7
263.95
266.09
268.26
270.43
272.34
274.3
276.12
277.96
279.75
281.66
283.6
285.85
288.22
290.59
293.0
295.41
297.41
299.24
301.14
303.01
304.87
306.73
308.43
310.07
311.71
313.45
315.12
316.78
318.46
320.14
321.84
323.71
325.93
328.41
330.97
333.52
