0.4
1.02
1.58
2.17
2.8
3.4
4.0
4.57
5.2
5.8
6.39
6.97
7.6
8.16
8.76
9.37
9.95
10.52
11.14
11.73
12.29
12.9
13.51
14.12
14.76
15.36
15.97
16.56
17.2
17.84
18.51
19.13
19.78
20.39
20.96
21.62
22.22
22.85
23.51
24.11
24.75
25.37
26.03
26.62
27.23
27.84
28.42
29.02
29.51
29.98
30.47
30.93
31.43
31.91
32.38
32.87
33.35
33.83
34.29
34.73
35.19
35.65
36.11
36.58
37.01
37.48
37.93
38.36
38.82
39.27
39.72
40.16
40.6
40.99
41.4
41.81
42.23
42.65
43.08
43.5
43.93
44.36
44.81
45.23
45.68
46.11
46.56
46.98
47.42
47.88
48.3
48.74
49.2
49.64
50.08
50.5
50.95
51.4
51.83
52.28
52.74
53.23
53.74
54.23
54.69
55.15
55.61
56.07
56.55
57.01
57.47
57.91
58.38
58.84
59.28
59.74
60.19
60.65
61.09
61.55
62.01
62.46
62.91
63.37
63.83
64.31
64.77
65.21
65.66
66.1
66.51
66.89
67.3
67.71
68.12
68.53
68.92
69.34
69.72
70.13
70.54
70.92
71.32
71.73
72.12
72.52
72.92
73.33
73.74
74.13
74.53
74.92
75.32
75.73
76.16
76.58
77.0
77.42
77.83
78.26
78.73
79.2
79.66
80.11
80.59
81.1
81.58
82.05
82.51
83.0
83.45
83.95
84.42
84.91
85.36
85.83
86.31
86.81
87.3
87.77
88.22
88.71
89.17
89.64
90.1
90.58
91.04
91.52
92.0
92.47
92.88
93.32
93.73
94.15
94.58
95.01
95.4
95.83
96.23
96.61
97.03
97.41
97.84
98.26
98.67
99.1
99.53
99.94
100.33
100.75
101.19
101.61
102.01
102.43
102.87
103.29
103.69
104.12
104.57
105.0
105.42
105.85
106.28
106.7
107.15
107.71
108.26
108.84
109.45
110.04
110.63
111.26
111.86
112.43
113.06
113.77
114.54
115.24
115.99
116.69
117.46
118.19
118.96
119.7
120.46
121.25
122.06
122.82
123.62
124.38
125.1
125.82
126.56
127.33
128.05
128.78
129.56
130.29
131.04
131.78
132.49
133.27
134.1
134.87
135.65
136.47
137.26
138.0
138.82
139.58
140.35
141.16
141.9
142.72
143.5
144.25
145.02
145.82
146.59
147.53
148.53
149.49
150.42
151.4
152.33
153.26
154.22
155.11
156.02
156.94
157.8
158.69
159.59
160.5
161.39
162.29
163.18
164.07
164.99
165.9
166.82
167.71
168.64
169.53
170.42
171.31
172.28
173.16
174.1
174.98
175.84
176.65
177.53
178.39
179.27
180.08
181.05
181.94
183.07
184.15
185.24
186.25
187.35
188.36
189.41
190.51
191.61
192.71
193.54
194.44
195.33
196.17
197.09
197.91
198.79
199.54
200.22
200.94
201.66
202.41
203.14
203.81
204.56
205.24
205.94
206.65
207.42
208.17
208.97
209.72
210.47
211.15
211.87
212.59
213.34
214.03
214.79
215.51
216.19
216.91
217.71
218.5
219.46
220.43
221.27
222.1
222.99
223.79
224.6
225.43
226.19
227.0
227.76
228.59
229.34
230.16
230.93
231.71
232.54
233.33
234.07
234.85
235.65
236.48
237.26
238.05
238.89
239.65
240.45
241.26
241.97
242.64
243.38
244.04
244.74
245.48
246.14
246.85
247.57
248.35
249.11
249.88
250.63
251.38
252.17
252.95
253.79
254.56
255.36
256.18
256.98
257.74
258.54
259.17
259.77
260.39
261.0
261.65
262.26
262.89
263.4
263.95
264.5
265.03
265.59
266.1
266.64
267.21
267.75
268.27
268.83
269.34
269.91
270.44
270.92
271.4
271.87
272.35
272.85
273.34
273.83
274.31
274.77
275.22
275.67
276.12
276.58
277.03
277.48
277.96
278.42
278.87
279.32
279.76
280.22
280.7
281.18
281.67
282.15
282.62
283.02
283.43
283.84
284.25
284.66
285.07
285.47
285.86
286.26
286.65
287.05
287.44
287.83
288.23
288.61
289.02
289.42
289.81
290.21
290.6
291.0
291.38
291.77
292.17
292.6
293.0
293.42
293.83
294.23
294.62
295.01
295.42
295.83
296.21
296.66
297.13
297.59
298.06
298.52
298.99
299.45
299.92
300.39
300.87
301.37
301.83
302.29
302.76
303.24
303.72
304.18
304.64
305.1
305.58
306.04
306.49
306.97
307.47
307.97
308.45
308.84
309.25
309.66
310.08
310.49
310.91
311.31
311.71
312.12
312.56
313.01
313.45
313.9
314.31
314.7
315.12
315.55
315.96
316.37
316.79
317.23
317.64
318.05
318.47
318.91
319.32
319.73
320.15
320.59
321.01
321.41
321.84
322.27
322.71
323.15
323.72
324.24
324.78
325.38
325.94
326.49
327.11
327.76
328.42
329.05
329.7
330.31
330.98
331.59
332.24
332.87
333.52
334.14
334.76
335.4
336.06
336.7
337.32
337.98
338.59
339.24
339.9
340.53
341.18
