2.13
5.23
8.21
11.25
14.18
16.92
19.42
21.92
24.48
27.07
29.42
31.76
34.19
36.62
38.79
40.86
42.82
44.8
46.99
49.43
51.7
54.0
56.35
58.55
60.82
62.94
65.03
67.17
69.28
71.48
73.71
75.78
77.78
79.77
81.76
83.73
85.91
88.42
90.71
93.05
95.33
97.61
99.83
102.02
104.27
106.43
108.51
110.73
112.97
115.16
117.31
119.45
121.62
123.92
126.47
129.26
132.03
135.44
139.23
143.09
146.45
149.53
152.5
155.04
157.42
159.75
162.16
164.58
166.78
168.68
170.61
172.7
174.94
177.08
179.26
181.34
183.49
185.58
187.63
189.67
191.7
193.73
195.83
197.82
199.84
201.81
203.82
205.94
208.26
211.12
214.67
218.35
221.62
224.85
227.96
231.67
234.95
238.35
241.67
245.12
248.86
252.03
255.04
257.91
260.87
264.04
267.41
270.72
274.05
277.57
280.96
284.86
288.66
292.34
295.97
299.21
302.41
305.3
308.09
310.8
313.57
316.0
317.97
319.95
321.85
323.78
325.69
327.6
329.61
331.95
334.22
336.46
338.42
340.64
342.86
345.06
347.28
349.42
351.5
353.51
355.62
357.77
359.89
362.03
364.12
366.36
368.87
371.42
374.1
376.75
