0.34
0.97
1.54
2.14
2.75
3.38
3.97
4.59
5.24
5.84
6.43
7.01
7.61
8.22
8.84
9.5
10.12
10.79
11.44
12.12
12.81
13.48
14.18
14.88
15.54
16.24
17.01
17.72
18.48
19.19
19.91
20.66
21.28
21.92
22.56
23.2
23.84
24.48
25.15
25.76
26.4
27.07
27.69
28.24
28.82
29.43
29.98
30.6
31.17
31.77
32.34
32.95
33.56
34.19
34.81
35.4
36.0
36.64
37.24
37.76
38.29
38.8
39.32
39.85
40.37
40.87
41.35
41.83
42.33
42.83
43.39
43.92
44.43
44.94
45.46
45.98
46.49
47.0
47.54
48.05
48.58
49.12
49.71
50.26
50.8
51.27
51.77
52.3
52.85
53.44
54.0
54.61
55.23
55.83
56.35
56.89
57.42
58.01
58.56
59.14
59.73
60.3
60.82
61.36
61.88
62.41
62.95
63.44
63.97
64.49
65.04
65.57
66.1
66.62
67.18
67.71
68.23
68.75
69.29
69.82
70.38
70.94
71.49
72.05
72.6
73.16
73.71
74.26
74.77
75.31
75.79
76.3
76.79
77.29
77.79
78.31
78.79
79.3
79.78
80.31
80.78
81.28
81.77
82.29
82.76
83.27
83.73
84.23
84.75
85.27
85.79
86.3
86.81
87.33
87.82
88.42
88.99
89.54
90.1
90.72
91.31
91.9
92.47
93.06
93.56
94.05
94.54
95.05
95.62
96.18
96.76
97.3
97.88
98.44
98.98
99.54
100.11
100.66
101.21
101.74
102.28
102.82
103.4
103.93
104.41
104.92
105.4
105.93
106.44
106.97
107.47
108.01
108.52
109.08
109.62
110.2
110.73
111.27
111.83
112.4
112.97
113.52
114.08
114.61
115.16
115.71
116.25
116.79
117.32
117.85
118.38
118.91
119.45
119.98
120.5
121.05
121.63
122.19
122.75
123.32
123.93
124.51
125.12
125.68
126.3
126.87
127.44
128.01
128.56
129.14
129.73
130.31
130.86
131.47
132.04
132.61
133.19
133.84
134.49
135.12
135.74
136.41
137.04
137.64
138.29
138.9
139.56
140.18
140.82
141.42
142.05
142.71
143.35
143.99
144.6
145.26
145.88
146.53
147.19
147.75
148.34
148.96
149.54
150.11
150.72
151.32
151.88
152.51
153.12
153.77
154.39
155.01
155.63
156.22
156.81
157.43
158.02
158.63
159.21
159.78
160.37
160.96
161.59
162.17
162.79
163.36
163.98
164.6
165.24
165.87
166.49
167.11
167.7
168.32
168.97
169.56
170.11
170.62
171.13
171.65
172.16
172.7
173.27
173.85
174.42
174.95
175.48
176.0
176.57
177.09
177.64
178.21
178.73
179.27
179.76
180.27
180.8
181.35
181.89
182.43
182.97
183.5
184.04
184.56
185.08
185.59
186.11
186.63
187.14
187.64
188.14
188.64
189.17
189.68
190.21
190.71
191.22
191.71
192.2
192.71
193.22
193.73
194.28
194.8
195.3
195.83
196.32
196.84
197.32
197.83
198.33
198.82
199.32
199.84
200.33
200.86
201.33
201.81
202.32
202.8
203.28
203.82
204.32
204.83
205.35
205.94
206.51
207.1
207.67
208.27
208.85
209.41
209.98
210.58
211.13
211.7
212.26
212.85
213.43
214.04
214.67
215.28
215.9
216.55
217.13
217.72
218.35
218.94
219.5
220.09
220.68
221.3
221.89
222.45
223.07
223.67
224.27
224.86
225.44
226.04
226.7
227.34
227.97
228.63
229.27
229.91
230.52
231.16
231.8
232.47
233.08
233.74
234.34
234.96
235.56
236.16
236.77
237.39
238.05
238.68
239.31
239.99
240.68
241.41
242.09
242.78
243.43
244.28
245.13
245.99
247.02
248.02
248.87
249.75
250.5
251.24
252.04
252.76
253.56
254.32
255.05
255.83
256.6
257.38
258.15
258.95
259.73
260.5
261.25
262.0
262.79
263.56
264.32
265.12
265.94
266.72
267.56
268.34
269.14
269.96
270.72
271.54
272.32
273.21
274.06
274.98
275.85
276.86
277.94
278.96
279.93
280.97
282.02
283.0
284.03
284.87
285.67
286.44
287.25
288.06
288.91
289.81
290.63
291.51
292.34
293.07
293.8
294.58
295.3
295.98
296.74
297.46
298.14
298.9
299.62
300.3
301.06
301.75
302.5
303.19
303.91
304.61
305.31
305.99
306.73
307.41
308.09
308.78
309.46
310.15
310.81
311.52
312.23
312.96
313.58
314.23
314.88
315.47
316.0
316.5
316.98
317.47
317.98
318.46
318.97
319.46
319.95
320.43
320.91
321.38
321.86
322.33
322.83
323.3
323.78
324.26
324.73
325.22
325.69
326.17
326.65
327.13
327.61
328.09
328.6
329.1
329.61
330.12
330.73
331.33
331.96
332.52
333.08
333.64
334.23
334.76
335.32
335.9
336.47
337.0
337.58
338.14
338.71
339.24
339.83
340.37
340.94
341.49
342.07
342.6
343.16
343.7
344.26
344.79
345.35
345.88
346.46
346.95
347.42
347.92
348.42
348.91
349.43
349.93
350.46
350.96
351.5
352.01
352.48
352.98
353.52
354.03
354.55
355.08
355.62
356.15
356.69
357.26
357.78
358.31
358.82
359.36
359.89
360.44
360.96
361.48
362.04
362.55
363.07
363.59
364.12
364.67
365.22
365.8
366.37
366.98
367.57
368.23
368.86
369.51
370.17
370.8
371.43
372.04
372.6
373.19
373.78
374.4
374.96
375.55
376.14
376.76
377.35
377.92
378.5
379.1
379.68
380.3
380.86
381.48
382.07
382.63
383.22
383.84
384.41
385.02
