0.65
1.5
2.31
3.11
3.91
4.72
5.55
6.35
7.11
7.83
8.6
9.43
10.2
11.02
11.88
12.7
13.59
14.39
15.31
16.19
17.09
17.99
18.86
19.69
20.47
21.28
22.08
22.91
23.68
24.52
25.27
26.06
26.89
27.65
28.44
29.28
30.08
30.84
31.39
31.89
32.42
32.9
33.35
33.84
34.29
34.76
35.23
35.72
36.17
36.65
37.13
37.59
38.05
38.53
38.99
39.47
39.94
40.42
40.92
41.4
41.87
42.34
42.8
43.27
43.73
44.18
44.66
45.12
45.59
46.08
46.6
47.11
47.6
48.1
48.56
49.06
49.55
50.08
50.59
51.09
51.62
52.16
52.73
53.27
53.75
54.24
54.76
55.26
55.78
56.29
56.83
57.37
57.89
58.41
58.97
59.51
60.03
60.57
61.14
61.68
62.19
62.74
63.31
63.85
64.37
64.91
65.48
66.01
66.52
67.05
67.59
68.14
68.7
69.27
69.81
70.4
70.95
71.44
71.9
72.39
72.88
73.33
73.8
74.3
74.76
75.25
75.72
76.2
76.67
77.12
77.6
78.1
78.57
79.08
79.55
80.04
80.53
81.02
81.51
82.0
82.48
82.98
83.56
84.13
84.69
85.24
85.78
86.37
86.9
87.46
88.0
88.54
89.11
89.7
90.29
90.86
91.4
91.99
92.5
93.06
93.58
94.11
94.62
95.15
95.67
96.21
96.7
97.23
97.76
98.29
98.83
99.35
99.81
100.31
100.79
101.26
101.75
102.23
102.69
103.17
103.65
104.13
104.67
105.15
105.66
106.19
106.7
107.19
107.7
108.21
108.72
109.24
109.76
110.27
110.79
111.26
111.77
112.3
112.8
113.31
113.84
114.35
114.84
115.34
115.87
116.37
116.9
117.42
117.96
118.56
119.14
119.73
120.31
120.9
121.51
122.1
122.67
123.26
123.99
124.68
125.37
126.06
126.71
127.41
128.14
128.8
129.53
130.28
131.03
131.82
132.52
133.28
133.98
134.72
135.47
136.28
137.05
137.82
138.59
139.33
140.14
140.88
141.68
142.48
143.24
144.04
144.76
145.55
146.28
147.05
147.81
148.6
149.35
150.06
150.85
151.59
152.32
153.13
153.9
154.68
155.48
156.27
156.93
157.53
158.16
158.79
159.46
160.1
160.71
161.36
162.02
162.63
163.3
163.91
164.58
165.21
165.77
166.38
166.89
167.39
167.89
168.43
168.98
169.51
170.06
170.65
171.2
171.74
172.28
172.82
173.35
173.86
174.39
174.96
175.5
176.01
176.58
177.18
177.74
178.27
178.83
179.41
179.96
180.49
181.07
181.64
182.18
182.73
183.29
183.88
184.42
184.95
185.52
186.09
186.65
187.18
187.72
188.28
188.84
189.38
189.94
190.52
191.05
191.62
192.09
192.59
193.06
193.56
194.02
194.5
194.98
195.43
195.9
196.39
196.86
197.33
197.8
198.26
198.74
199.19
199.69
200.18
200.68
201.18
201.69
202.32
202.91
203.51
204.13
204.72
205.35
205.99
206.65
207.29
207.94
208.58
209.19
209.87
210.6
211.33
212.02
212.82
213.72
214.76
215.71
216.64
217.61
218.56
219.44
220.38
221.31
222.3
223.19
224.15
225.07
226.01
226.98
227.9
228.87
229.83
230.78
231.78
232.63
233.54
234.41
235.28
236.1
236.97
237.82
238.62
239.45
240.21
241.04
241.83
242.6
243.39
244.24
245.09
246.02
246.93
247.83
248.8
249.71
250.66
251.63
252.64
253.59
254.6
255.52
256.5
257.45
258.4
259.31
260.23
261.08
261.98
262.85
263.7
264.5
265.34
266.1
266.94
267.69
268.48
269.28
270.06
270.85
271.68
272.47
273.26
274.03
274.83
275.61
276.34
277.11
277.91
278.65
279.44
280.22
281.06
281.94
282.79
283.58
284.38
285.14
285.87
286.67
287.47
288.29
289.13
290.03
290.87
291.68
292.48
293.31
294.16
294.93
295.72
296.47
297.22
298.02
298.76
299.55
300.3
301.06
301.7
302.37
303.0
303.6
304.24
304.85
305.46
306.05
306.63
307.19
307.76
308.36
308.98
309.58
310.19
310.78
311.32
311.86
312.36
312.96
313.56
314.18
314.8
315.42
316.0
316.54
317.0
317.44
317.92
318.38
318.86
319.34
319.8
320.25
320.72
321.18
321.65
322.13
322.6
323.07
323.54
323.99
324.45
324.93
325.39
325.88
326.35
326.83
327.31
327.8
328.28
328.77
329.26
329.78
330.35
330.9
331.44
332.0
332.53
333.11
333.62
334.16
334.68
335.22
335.78
336.34
336.91
337.46
337.98
338.54
339.06
339.6
340.13
340.66
341.16
341.7
342.21
342.75
343.24
343.76
344.3
344.8
345.25
345.74
346.2
346.68
347.14
347.6
348.07
348.55
349.04
349.58
350.07
350.6
351.14
351.63
352.11
352.61
353.1
353.59
354.09
354.61
355.1
355.6
356.12
356.65
357.12
357.61
358.1
358.63
359.14
359.67
360.21
360.71
361.2
361.71
362.24
362.75
363.24
363.76
364.32
364.91
365.48
366.05
366.63
367.21
367.77
368.39
368.97
369.6
370.17
370.8
371.37
371.97
372.57
373.2
373.77
374.39
374.97
375.58
376.17
376.82
377.41
378.06
378.65
379.3
379.9
380.52
381.13
381.77
382.4
382.99
