0.64
4.71
8.59
12.94
16.67
20.46
24.51
28.44
31.88
34.89
37.82
40.7
43.14
45.46
47.6
49.54
51.61
53.74
55.77
57.88
60.02
62.18
64.36
66.52
68.7
70.94
72.87
74.75
76.66
78.56
80.52
82.47
84.36
86.36
88.53
90.86
93.05
95.14
97.22
99.35
101.26
103.16
105.14
107.19
109.23
111.26
113.3
115.34
117.42
119.73
123.26
126.94
130.76
135.08
139.33
143.23
147.05
150.88
154.94
158.79
162.14
165.17
167.38
169.5
171.74
173.84
176.02
178.27
180.48
182.72
184.94
187.17
189.37
191.62
193.54
195.43
197.33
199.19
201.18
203.51
205.99
209.37
212.82
216.63
220.37
224.14
227.95
231.77
235.58
239.44
243.38
247.51
251.67
255.51
259.31
262.84
266.93
270.84
274.82
278.41
281.93
285.14
288.28
291.67
294.92
297.84
300.43
302.99
305.45
307.75
310.19
312.36
314.8
317.43
319.33
321.17
323.06
324.92
326.82
328.77
330.89
333.1
335.21
337.45
339.59
341.69
343.76
345.73
347.59
349.57
351.63
353.59
355.53
357.35
359.28
361.2
363.24
365.48
367.76
370.01
372.2
374.39
