0.5
1.04
1.6
2.16
2.73
3.28
3.83
4.36
4.9
5.44
6.0
6.55
7.08
7.65
8.2
8.72
9.26
9.81
10.36
10.91
11.46
12.0
12.53
13.07
13.59
14.15
14.68
15.18
15.63
16.1
16.58
17.11
17.65
18.19
18.74
19.28
19.83
20.4
20.97
21.51
22.04
22.6
23.16
23.71
24.27
24.8
25.36
25.92
26.47
27.03
27.58
28.15
28.71
29.27
29.84
30.41
30.95
31.53
32.07
32.61
33.16
33.7
34.27
34.81
35.39
35.92
36.48
37.03
37.6
38.15
38.7
39.25
39.79
40.33
40.88
41.43
41.95
42.5
43.05
43.59
44.14
44.7
45.25
45.81
46.36
46.9
47.43
47.98
48.51
49.06
49.6
50.12
50.67
51.21
51.77
52.32
52.86
53.41
53.96
54.5
55.05
55.58
56.12
56.67
57.21
57.76
58.33
58.87
59.39
59.93
60.51
61.04
61.58
62.17
62.71
63.26
63.84
64.43
65.09
65.7
66.32
66.95
67.55
68.18
68.8
69.44
70.03
70.68
