0.33
1.04
1.82
2.49
3.14
3.8
4.48
5.21
5.94
6.63
7.32
8.15
9.0
9.7
10.37
11.08
11.7
12.35
12.98
13.65
14.32
14.97
15.64
16.29
17.05
17.77
18.46
19.17
20.08
20.94
21.85
22.71
23.63
24.41
25.25
25.97
26.65
27.3
27.97
28.64
29.37
30.14
30.86
31.56
32.32
33.12
33.81
34.55
35.23
35.91
36.55
37.16
37.81
38.49
39.13
39.8
40.48
41.22
41.96
42.65
43.34
44.23
45.08
46.01
46.91
47.76
48.55
49.37
50.11
50.81
51.49
52.2
52.94
53.72
54.45
55.16
55.83
56.54
57.25
57.97
58.68
59.43
60.08
60.78
61.41
62.11
62.78
63.47
64.16
65.01
65.79
66.6
67.39
68.1
68.86
69.58
70.38
71.17
72.03
72.81
73.63
74.37
75.08
75.77
76.46
77.22
78.01
78.76
79.48
80.18
80.91
81.63
82.4
83.11
83.88
84.53
85.23
85.86
86.56
87.25
87.94
88.67
89.41
90.06
90.67
91.31
92.04
92.75
93.51
94.23
95.0
95.78
96.61
97.35
98.08
98.67
99.28
99.89
100.53
101.13
101.74
102.33
102.94
103.58
104.19
104.77
105.41
105.98
106.61
107.18
107.78
108.41
108.98
109.53
110.1
110.66
111.22
111.74
112.3
112.86
113.46
114.05
114.65
115.24
115.84
116.45
117.07
117.64
118.17
118.71
119.25
119.82
120.36
120.9
121.46
122.07
122.72
123.34
123.94
124.55
125.17
125.81
126.46
127.07
127.61
128.16
128.74
129.31
129.86
130.43
131.02
131.6
132.2
132.8
133.42
134.04
134.64
135.27
135.92
136.5
137.06
137.63
138.19
138.74
139.28
139.84
140.42
141.08
141.68
142.34
142.96
143.57
144.21
144.88
145.51
146.14
146.76
147.41
148.02
148.68
149.37
150.02
150.63
151.21
151.8
152.42
153.01
153.62
154.15
154.71
155.26
155.76
156.29
156.86
157.4
157.95
158.51
159.07
159.74
160.39
161.06
161.69
162.26
162.85
163.46
164.05
164.66
165.29
165.96
166.59
167.19
167.83
168.46
169.1
169.78
170.42
171.04
171.65
172.28
172.9
173.49
174.11
174.67
175.2
175.76
176.27
176.82
177.41
177.97
178.56
179.11
179.69
180.24
180.81
181.4
181.95
182.54
183.14
183.73
184.36
184.94
185.55
186.15
186.77
187.38
187.98
188.58
189.29
190.01
190.64
191.29
191.88
192.47
193.06
193.63
194.23
194.79
195.4
195.92
196.5
197.03
197.58
198.13
198.74
199.31
199.87
200.42
200.97
201.54
202.15
202.7
203.28
203.94
204.6
205.13
205.71
206.24
206.78
207.34
207.94
208.51
209.08
209.66
210.25
210.83
211.37
211.96
212.55
213.13
213.72
214.24
214.82
215.34
215.89
216.46
217.08
217.66
218.22
218.79
219.36
219.94
220.56
221.12
221.69
222.2
222.75
223.28
223.85
224.44
224.98
225.58
226.21
226.78
227.41
227.97
228.56
229.12
229.72
230.28
230.89
231.45
232.07
232.66
233.29
233.89
234.5
235.08
235.71
236.28
236.9
237.49
238.11
238.68
239.32
239.91
240.52
241.16
241.75
242.39
242.96
243.56
244.14
244.69
245.26
245.86
246.46
247.09
247.61
248.19
248.73
249.28
249.81
250.39
250.95
251.57
252.17
252.81
253.42
254.0
254.59
255.22
255.8
256.43
257.01
257.64
258.23
258.87
259.45
260.07
260.67
261.23
261.84
262.41
263.03
263.59
264.15
264.66
265.14
265.63
266.19
266.7
267.24
267.8
268.34
268.87
269.4
269.94
270.46
271.02
271.57
272.13
272.7
273.28
273.85
274.5
275.14
275.83
276.48
277.1
277.76
278.42
279.08
279.74
280.39
281.09
281.77
282.41
283.06
283.69
284.33
285.05
285.75
286.4
287.12
287.79
288.45
289.16
289.84
290.47
291.1
291.71
292.34
292.97
293.62
294.27
294.95
295.56
296.25
296.9
297.52
298.16
298.84
299.51
300.19
300.93
301.61
302.33
302.98
303.64
304.27
304.91
305.59
306.25
306.87
307.54
308.17
308.81
309.56
310.33
311.14
311.95
312.63
313.38
313.98
314.63
315.25
315.87
316.53
317.14
317.76
318.36
318.99
319.6
320.22
320.87
321.48
322.08
322.71
323.37
323.99
324.63
325.23
325.88
326.66
327.4
328.15
328.84
329.52
330.14
330.75
331.37
331.98
332.61
333.28
333.9
334.58
335.28
335.93
336.59
337.21
337.86
338.54
339.18
339.82
340.47
341.07
341.68
342.38
343.04
343.79
344.57
345.4
346.27
347.13
348.0
348.8
349.63
350.36
351.06
351.8
352.58
353.3
354.05
354.64
355.27
355.89
356.47
357.03
357.61
358.27
358.93
359.58
360.21
360.86
361.47
362.13
362.76
363.36
363.99
364.63
365.25
365.85
366.46
367.09
367.71
368.29
368.9
369.54
370.13
370.77
371.47
372.12
372.77
373.42
374.1
374.76
375.39
376.13
376.81
377.62
378.48
379.35
380.18
380.95
381.77
382.51
383.24
383.99
384.78
385.54
386.26
386.84
387.46
388.09
388.66
389.24
389.83
390.54
391.2
391.87
392.64
393.38
394.1
394.82
395.49
396.13
396.78
397.42
398.02
398.64
399.27
399.91
400.51
401.12
401.75
402.37
403.01
403.6
404.21
404.83
405.48
406.12
406.79
407.46
408.09
408.78
409.47
410.11
410.84
411.6
412.32
413.06
413.84
414.64
415.37
416.14
416.94
417.69
418.42
419.11
419.85
420.62
421.34
422.07
422.84
423.57
424.3
424.97
425.68
426.37
427.09
427.77
428.47
429.13
429.79
430.4
431.03
431.66
432.29
432.88
433.52
434.17
434.83
435.52
436.21
436.87
437.59
438.28
438.99
439.66
440.29
440.97
441.67
442.39
443.17
443.95
444.69
445.4
446.12
446.79
447.53
448.2
448.85
449.53
450.26
450.92
451.6
452.24
452.86
453.5
454.26
454.99
455.7
456.36
457.07
457.76
458.43
459.09
459.78
460.51
461.19
461.85
462.57
463.25
464.01
464.73
465.52
466.25
466.95
467.61
468.26
468.93
469.65
470.32
470.98
471.68
472.3
472.95
473.64
474.29
474.96
475.67
476.45
477.26
477.97
478.75
479.44
480.12
480.83
481.56
482.23
482.9
483.6
484.24
484.86
485.5
486.2
486.87
487.55
488.33
489.1
489.83
490.59
491.39
492.2
493.05
493.71
494.33
494.93
495.58
496.19
496.81
497.41
498.05
498.64
499.27
499.89
500.44
501.05
501.6
502.16
502.76
503.31
503.9
504.44
505.01
505.6
506.18
506.72
507.29
507.89
508.45
509.0
509.52
510.07
510.64
511.22
511.76
512.35
512.91
513.5
514.02
514.59
515.11
515.65
516.22
516.72
517.25
517.8
518.32
518.84
519.4
519.97
520.5
521.05
521.66
522.22
522.81
523.36
523.95
524.5
525.07
525.65
526.26
526.81
527.39
527.96
528.54
529.11
529.65
530.21
530.79
531.35
531.91
532.43
533.0
533.53
534.09
534.66
535.18
535.75
536.3
536.87
537.4
538.0
538.59
539.14
539.72
540.32
540.88
541.48
542.04
542.65
543.2
543.78
544.35
544.95
545.52
546.11
546.71
547.34
547.92
548.5
549.09
549.73
550.33
550.93
551.54
552.16
552.78
553.35
553.94
554.53
555.1
555.66
556.25
556.86
557.44
558.05
558.59
559.13
559.62
560.17
560.66
561.22
561.75
562.3
562.83
563.41
563.94
564.51
565.07
565.63
566.22
566.81
567.39
567.96
568.54
569.15
569.79
570.38
570.98
571.58
572.2
572.78
573.35
573.95
574.5
575.11
575.66
576.22
576.79
577.39
577.94
578.46
579.01
579.53
580.04
580.59
581.13
581.71
582.24
582.81
583.34
583.89
584.43
584.99
585.56
586.14
586.71
587.39
588.16
589.04
589.84
590.7
591.55
592.6
593.54
594.51
595.45
596.38
597.34
598.35
599.31
600.25
601.09
601.98
602.86
603.7
604.62
605.47
606.41
607.48
608.45
609.6
610.64
611.74
612.86
613.93
615.05
616.01
616.95
617.97
618.86
619.78
620.75
621.67
622.61
623.51
624.42
625.37
626.28
627.2
628.19
629.14
630.06
630.99
632.0
632.93
633.9
634.84
635.79
636.77
637.72
638.72
639.62
640.59
