0.61
1.22
1.84
2.46
3.07
3.68
4.35
5.04
5.74
6.42
7.05
7.74
8.48
9.18
9.94
10.65
11.38
12.01
12.68
13.33
14.0
14.64
15.25
15.88
16.6
17.29
17.94
18.58
19.34
20.12
20.8
21.52
22.28
22.96
23.68
24.43
25.1
25.78
26.43
27.06
27.72
28.45
29.15
29.83
30.46
31.13
31.86
32.57
33.31
34.08
34.79
35.43
36.08
36.73
37.39
38.04
38.69
39.32
40.02
40.71
41.39
42.04
42.83
43.62
44.41
45.17
45.91
46.55
47.23
47.94
48.64
49.31
49.97
50.63
51.31
51.93
52.6
53.29
53.99
54.7
55.4
56.08
56.78
57.52
58.24
58.97
59.65
60.39
61.04
61.72
62.38
63.05
63.82
64.56
65.25
65.98
66.64
67.34
68.19
68.98
69.83
70.6
71.36
72.16
72.83
73.5
74.13
74.83
75.49
76.22
76.89
77.6
78.25
78.97
79.66
80.32
81.03
81.75
82.46
83.19
83.83
84.49
85.15
85.82
86.48
87.21
88.01
88.75
89.46
90.21
90.88
91.59
92.31
93.11
93.87
94.64
95.36
96.08
96.8
97.59
98.4
99.18
99.94
100.68
101.41
102.05
102.69
103.36
103.97
104.64
105.25
105.92
106.56
107.18
107.75
108.33
108.92
109.53
110.17
110.76
111.38
111.99
112.6
113.18
113.76
114.34
114.94
115.58
116.27
116.99
117.62
118.18
118.75
119.31
119.88
120.49
121.05
121.65
122.11
122.59
123.07
123.56
124.05
124.51
125.01
125.47
125.97
126.45
126.95
127.48
127.98
128.53
129.11
129.67
130.23
130.83
131.42
132.04
132.62
133.23
133.81
134.42
135.03
135.69
136.39
137.11
137.77
138.35
138.96
139.54
140.15
140.74
141.37
141.99
142.62
143.28
143.91
144.51
145.14
145.78
146.43
147.08
147.69
148.33
148.96
149.6
150.22
150.84
151.5
152.12
152.79
153.42
154.09
154.74
155.35
155.99
156.66
157.37
157.98
158.66
159.27
159.94
160.53
161.1
161.68
162.28
162.88
163.45
164.04
164.63
165.28
165.9
166.49
167.14
167.73
168.38
169.06
169.79
170.45
171.05
171.69
172.3
172.93
173.53
174.12
174.7
175.3
175.93
176.55
177.16
177.78
178.42
178.97
179.57
180.13
180.68
181.27
181.87
182.48
183.06
183.63
184.22
184.85
185.5
186.14
186.73
187.36
187.96
188.55
189.18
189.78
190.44
191.05
191.69
192.35
192.99
193.62
194.4
195.18
195.89
196.6
197.33
198.1
198.87
199.65
200.44
201.22
202.01
202.79
203.48
204.22
204.84
205.44
206.04
206.65
207.18
207.75
208.27
208.83
209.36
209.93
210.54
211.2
211.89
212.51
213.2
213.88
214.53
215.09
215.66
216.22
216.79
217.36
217.93
218.47
219.06
219.64
220.26
220.84
221.42
222.03
222.61
223.17
223.74
224.33
224.91
225.5
226.05
226.61
227.16
227.79
228.39
228.96
229.59
230.16
230.77
231.4
232.06
232.69
233.36
234.02
234.61
235.16
235.75
236.29
236.89
237.43
238.04
238.59
239.21
239.77
240.38
240.99
241.59
242.16
242.77
243.32
243.91
244.46
245.06
245.6
246.17
246.71
247.3
247.84
248.38
248.95
249.48
250.05
250.63
251.18
251.67
252.16
252.68
253.16
253.66
254.22
254.76
255.34
255.87
256.41
256.98
257.55
258.1
258.72
259.32
259.94
260.51
261.1
261.71
262.26
262.84
263.4
263.99
264.56
265.12
265.71
266.24
266.8
267.39
267.98
268.55
269.18
269.82
270.37
270.9
271.45
272.05
272.62
273.17
273.74
274.33
274.95
275.49
276.04
276.57
277.14
277.7
278.26
278.82
279.4
279.94
280.47
281.01
281.55
282.11
282.65
283.16
283.68
284.16
284.7
285.18
285.7
286.2
286.75
287.33
287.9
288.57
289.2
289.84
290.53
291.17
291.77
292.36
292.99
293.57
294.14
294.74
295.37
295.97
296.63
297.28
297.9
298.51
299.1
299.71
300.35
300.94
301.56
302.13
302.75
303.36
303.94
304.55
305.18
305.84
306.47
307.06
307.69
308.33
308.92
309.53
310.16
310.77
311.36
311.98
312.58
313.15
313.78
314.36
315.01
315.62
316.28
316.9
317.51
318.14
318.8
319.39
319.99
320.58
321.2
321.76
322.27
322.81
323.43
323.99
324.61
325.2
325.81
326.44
327.03
327.65
328.4
329.11
329.86
330.77
331.73
332.61
333.53
334.33
335.2
336.09
336.94
337.89
338.74
339.69
340.53
341.45
342.33
343.22
344.1
345.2
346.31
347.33
348.43
349.57
350.48
351.53
352.64
353.67
354.66
355.7
356.63
357.6
358.52
359.45
360.41
361.3
362.16
363.05
363.98
364.98
365.92
366.88
367.8
368.79
369.63
370.61
371.58
372.5
373.47
374.46
375.44
376.47
377.52
378.53
379.67
380.69
381.83
382.88
383.99
385.0
386.02
387.09
388.06
389.12
390.13
391.17
392.1
392.97
393.85
394.79
395.69
396.59
397.51
398.37
399.27
400.2
401.05
401.89
402.78
403.69
404.65
405.62
406.53
407.53
408.56
409.57
410.54
411.63
412.72
413.87
414.96
415.93
416.94
417.89
418.79
419.64
420.54
421.36
422.2
423.01
423.75
424.54
425.28
426.02
426.76
427.45
428.19
428.96
429.66
430.45
431.27
432.05
432.79
433.54
434.32
435.02
435.68
436.33
436.96
437.59
438.21
438.81
439.45
440.1
440.74
441.39
442.06
442.67
443.33
443.98
444.64
445.34
446.0
446.68
447.37
448.08
448.76
449.42
450.08
450.72
451.45
452.17
452.89
453.67
454.4
455.12
455.84
456.45
457.09
457.76
458.37
459.03
459.66
460.26
460.88
461.54
462.19
462.86
463.49
464.17
464.82
465.43
466.08
466.77
467.48
468.16
468.9
469.6
470.3
471.0
471.73
472.43
473.13
473.85
474.55
475.21
475.89
476.6
477.29
477.95
478.61
479.24
479.93
480.56
481.19
481.88
482.56
483.29
483.95
484.66
485.38
486.12
486.79
487.48
488.22
488.9
489.58
490.32
491.09
491.78
492.48
493.18
493.87
494.56
495.25
495.91
496.6
497.32
498.0
498.66
499.3
499.99
500.62
501.27
501.92
502.58
503.27
503.91
504.57
505.3
505.99
506.72
507.42
508.16
508.82
509.52
510.18
510.85
511.55
512.22
512.89
513.55
514.21
514.99
515.69
516.46
517.16
517.86
518.55
519.24
520.0
520.78
521.55
522.3
523.11
523.79
524.48
525.18
525.92
526.6
527.29
528.02
528.83
529.64
530.39
531.25
532.16
533.0
533.89
534.84
535.73
536.6
537.41
538.32
539.15
540.02
540.92
541.79
542.69
543.48
544.34
545.13
545.94
546.76
547.56
548.39
549.04
549.71
550.41
551.1
551.79
552.48
553.14
553.8
554.38
554.91
555.49
556.03
556.59
557.17
557.79
558.37
559.0
559.56
560.16
560.77
561.36
561.92
562.52
563.11
563.72
564.23
564.79
565.31
565.87
566.39
566.97
567.51
568.04
568.62
569.19
569.72
570.3
570.86
571.37
571.94
572.45
573.01
573.59
574.13
574.72
575.25
575.83
576.41
577.04
577.61
578.22
578.81
579.4
580.0
580.56
581.1
581.69
582.23
582.81
583.38
583.96
584.52
585.08
585.64
586.29
586.91
587.57
588.23
588.82
589.38
589.99
590.53
591.04
591.61
592.12
592.7
593.25
593.77
594.35
594.87
595.42
595.97
596.55
597.11
597.68
598.22
598.81
599.38
599.94
600.48
601.05
601.6
602.19
602.77
603.37
603.96
604.53
605.08
605.63
606.22
606.76
607.32
607.9
608.43
609.01
609.55
610.15
610.7
611.27
611.88
612.43
613.04
613.61
614.14
614.73
615.26
615.82
616.35
616.92
617.45
618.02
618.59
619.23
619.87
620.49
621.18
621.86
622.57
623.23
623.9
624.62
625.29
625.92
626.52
627.15
627.82
628.46
629.05
629.68
630.29
630.91
631.56
632.16
632.75
633.29
633.87
634.43
634.96
635.54
636.09
636.65
637.29
637.97
638.61
639.25
639.91
640.62
641.3
641.94
642.55
643.21
643.87
644.53
645.24
645.89
646.57
647.13
647.73
648.28
648.88
649.5
650.11
650.78
651.45
652.14
652.85
653.54
654.4
655.17
655.99
656.88
657.72
658.57
659.57
660.53
661.36
662.26
663.1
663.93
664.82
665.66
666.41
667.18
667.9
668.68
669.45
670.14
670.9
671.61
672.41
673.17
674.01
674.79
675.69
676.53
677.43
678.28
679.2
680.13
681.02
681.94
682.84
683.81
684.77
685.66
