3.07
5.74
8.48
11.4
14.0
16.6
19.34
22.28
25.1
27.72
30.46
33.3
36.07
38.68
41.38
44.52
47.93
50.62
53.27
56.08
58.95
61.71
64.55
67.33
70.6
73.49
76.22
78.96
81.75
84.48
87.2
90.2
93.1
96.07
99.21
102.66
106.06
109.49
112.78
116.1
119.59
123.21
126.94
130.82
134.41
138.06
141.67
145.44
149.3
153.14
156.95
160.68
164.6
168.37
172.28
175.93
179.73
183.58
187.36
191.04
194.79
198.13
201.52
204.83
208.27
211.41
214.35
216.77
219.05
221.41
223.73
226.04
228.38
230.76
233.12
235.44
237.72
240.07
242.46
244.75
246.98
249.71
252.33
254.75
256.94
259.32
261.69
263.98
266.24
268.54
271.14
273.73
276.03
278.26
280.59
283.15
285.69
288.27
290.81
293.32
296.24
299.24
302.74
306.45
310.15
313.88
317.54
321.2
324.92
328.39
331.38
334.38
337.88
341.4
345.2
349.56
353.67
357.6
361.3
364.97
368.77
372.49
376.46
380.68
384.99
389.12
392.96
396.58
400.2
403.69
407.52
411.61
415.92
420.08
424.12
428.19
431.26
434.31
436.95
439.45
442.05
444.64
447.37
450.28
453.26
456.26
459.02
461.54
464.16
466.76
469.59
472.29
474.87
477.62
480.24
482.9
485.41
488.21
491.09
493.85
496.59
499.29
501.91
504.57
507.42
510.18
512.87
515.68
518.54
521.54
525.02
528.01
531.23
534.86
538.07
541.17
544.33
547.55
550.41
553.13
555.49
557.78
560.15
562.51
564.78
566.96
569.18
571.36
573.58
575.81
578.22
580.55
582.8
585.07
587.57
590.38
593.24
595.41
597.67
599.93
602.18
604.52
606.78
609.0
611.25
613.6
615.82
618.01
620.48
623.22
625.9
628.46
630.9
633.28
635.96
638.62
641.68
644.83
648.27
651.43
654.39
657.71
661.35
664.81
668.67
671.59
674.78
678.27
