2.48
5.2
8.15
11.48
14.31
17.05
20.07
23.62
26.64
29.37
32.31
35.6
38.48
41.22
44.23
47.76
50.8
53.71
56.54
59.42
62.1
64.84
67.38
70.37
73.62
76.45
79.48
82.39
85.84
89.01
92.04
94.99
98.08
101.51
104.69
107.73
110.09
112.3
114.65
117.06
119.24
121.47
123.94
126.46
128.73
131.01
133.41
135.91
138.18
140.4
142.95
145.5
148.04
150.62
153.01
155.27
157.39
159.74
162.26
164.64
167.18
169.77
172.27
174.66
176.84
179.1
181.37
183.72
186.14
188.57
191.28
193.62
195.91
198.12
200.41
202.69
205.12
207.33
209.65
211.95
214.23
216.46
218.79
221.12
223.55
225.84
228.25
230.56
232.95
235.41
237.8
240.19
242.64
244.95
247.09
249.27
251.56
254.0
256.42
258.86
261.55
265.13
268.61
271.84
275.84
279.74
283.68
287.78
291.71
295.54
299.47
303.63
307.53
311.14
314.62
318.54
322.62
326.65
330.74
334.58
338.54
342.37
346.27
350.36
354.62
358.27
362.54
366.64
370.76
374.75
378.48
381.76
384.77
387.46
389.82
392.63
395.76
399.58
403.31
407.14
411.22
415.1
418.73
422.05
424.96
427.76
430.39
433.07
435.84
438.63
441.31
444.26
447.12
449.88
452.54
455.08
457.75
460.51
463.25
466.25
468.93
471.68
474.28
477.25
480.11
482.89
485.49
488.32
491.38
494.92
498.04
501.22
504.99
508.61
512.01
515.36
518.24
520.49
522.81
525.06
527.43
529.64
531.93
534.4
536.84
539.14
541.47
543.77
546.11
548.49
550.93
553.35
555.85
558.4
560.9
563.41
565.63
567.95
570.38
572.77
575.65
579.16
582.5
585.81
589.03
592.59
596.35
599.83
602.85
605.46
608.08
610.64
613.23
616.01
618.85
621.66
624.83
627.71
630.81
