2.71
5.19
7.73
10.24
12.78
15.27
17.86
20.46
23.16
25.82
28.6
31.17
33.59
36.08
38.67
41.24
44.15
46.87
49.9
52.59
55.28
57.92
60.84
63.59
66.27
69.0
72.25
75.24
77.81
80.28
82.76
85.29
87.82
90.25
92.7
95.22
97.73
100.32
102.74
105.51
108.09
110.58
113.05
115.46
117.95
120.69
123.09
125.39
127.63
130.09
132.46
134.9
137.43
140.33
143.37
146.2
148.55
150.87
153.19
155.8
158.33
160.74
163.11
165.34
167.59
169.85
172.15
174.03
176.13
178.47
180.84
183.12
185.36
187.66
189.92
192.19
194.87
197.63
200.38
202.72
204.95
207.23
209.61
212.23
215.18
218.2
221.63
225.07
229.13
233.43
237.61
241.9
245.51
248.58
251.73
255.14
258.76
262.42
266.11
269.93
273.58
276.97
280.6
284.18
287.58
290.87
294.15
297.24
300.97
304.5
308.35
312.1
315.7
319.22
322.87
326.73
330.1
334.24
338.41
342.51
346.29
349.13
351.58
354.02
356.39
358.84
361.29
363.79
366.3
368.7
371.09
373.41
375.97
378.5
381.02
383.49
386.07
388.56
390.98
393.55
396.08
398.93
401.46
403.95
406.6
409.25
412.02
415.33
419.33
423.34
427.18
430.85
434.43
437.85
441.49
444.18
446.85
449.27
451.6
453.97
456.37
458.94
461.83
464.84
468.12
471.16
474.64
478.1
481.47
485.11
488.6
491.98
495.58
498.79
501.77
504.27
506.68
509.25
511.92
514.54
517.22
519.9
523.24
526.99
531.07
535.36
539.75
543.87
