0.29
0.87
1.49
2.1
2.71
3.33
3.96
4.55
5.19
5.8
6.47
7.08
7.73
8.39
9.02
9.62
10.25
10.91
11.52
12.15
12.79
13.41
14.03
14.64
15.28
15.89
16.52
17.16
17.86
18.53
19.19
19.8
20.46
21.1
21.83
22.51
23.16
23.78
24.43
25.08
25.83
26.54
27.31
27.96
28.61
29.25
29.9
30.52
31.18
31.79
32.37
32.98
33.6
34.21
34.85
35.46
36.09
36.72
37.31
37.99
38.67
39.31
39.96
40.6
41.26
41.89
42.62
43.36
44.16
44.91
45.54
46.18
46.87
47.61
48.37
49.11
49.9
50.61
51.28
51.92
52.6
53.26
53.92
54.62
55.29
55.94
56.6
57.28
57.93
58.6
59.37
60.12
60.85
61.63
62.27
62.95
63.62
64.29
64.92
65.61
66.28
66.98
67.62
68.32
69.0
69.66
70.31
70.97
71.62
72.26
72.9
73.52
74.14
74.73
75.35
75.99
76.61
77.21
77.82
78.43
79.03
79.65
80.29
80.92
81.53
82.14
82.76
83.38
84.0
84.64
85.33
85.97
86.59
87.23
87.82
88.45
89.03
89.64
90.26
90.88
91.47
92.08
92.7
93.34
93.95
94.58
95.23
95.84
96.45
97.06
97.75
98.44
99.1
99.7
100.33
100.93
101.52
102.15
102.74
103.35
104.0
104.69
105.3
105.97
106.59
107.2
107.79
108.4
109.0
109.61
110.25
110.92
111.55
112.17
112.76
113.35
113.95
114.55
115.16
115.8
116.39
117.0
117.6
118.24
118.85
119.43
120.05
120.7
121.32
121.89
122.5
123.09
123.72
124.32
124.85
125.4
125.95
126.52
127.04
127.64
128.24
128.86
129.48
130.09
130.7
131.26
131.86
132.46
133.07
133.68
134.3
134.91
135.52
136.17
136.81
137.43
138.08
138.74
139.35
139.95
140.51
141.1
141.75
142.34
142.96
143.59
144.23
144.88
145.51
146.17
146.82
147.41
148.01
148.56
149.17
149.74
150.31
150.88
151.49
152.05
152.64
153.21
153.8
154.43
155.0
155.63
156.21
156.82
157.45
158.04
158.67
159.27
159.87
160.47
161.1
161.66
162.27
162.83
163.39
163.92
164.48
165.06
165.62
166.18
166.73
167.29
167.88
168.43
169.03
169.58
170.17
170.72
171.32
171.88
172.48
173.05
173.58
174.14
174.71
175.3
175.85
176.42
177.01
177.59
178.14
178.72
179.36
180.02
180.58
181.17
181.73
182.3
182.85
183.41
183.96
184.54
185.1
185.65
186.21
186.79
187.36
187.96
188.53
189.11
189.66
190.25
190.79
191.37
191.93
192.52
193.08
193.64
194.23
194.88
195.57
196.23
196.96
197.64
198.35
199.06
199.72
200.39
200.97
201.59
202.16
202.73
203.27
203.83
204.4
204.96
205.51
206.08
206.65
207.24
207.82
208.37
208.88
209.42
209.93
210.46
210.95
211.48
211.99
212.51
213.05
213.59
214.12
214.63
215.18
215.68
216.2
216.74
217.23
217.75
218.28
218.84
219.43
219.96
220.55
221.08
221.67
222.21
222.74
223.29
223.86
224.41
224.94
225.51
226.06
226.65
227.18
227.77
228.31
228.84
229.37
229.9
230.47
231.09
231.67
232.29
232.88
233.52
234.12
234.7
235.26
235.87
236.43
237.02
237.61
238.16
238.74
239.34
239.89
240.45
241.03
241.6
242.16
242.73
243.33
243.9
244.46
245.01
245.6
246.2
246.78
247.41
248.05
248.67
249.32
249.92
250.51
251.15
251.72
252.26
252.84
253.45
254.02
254.7
255.41
256.1
256.83
257.63
258.43
259.17
259.96
260.77
261.55
262.37
263.13
263.93
264.67
265.47
266.23
267.02
267.85
268.64
269.27
269.94
270.65
271.29
272.01
272.73
273.58
274.41
275.23
276.08
276.99
277.86
278.75
279.67
280.61
281.56
282.5
283.38
284.19
285.02
285.89
286.73
287.59
288.38
289.2
290.0
290.88
291.75
292.54
293.39
294.16
294.89
295.65
296.44
297.26
297.99
298.72
299.35
299.99
300.64
301.26
301.93
302.5
303.06
303.61
304.21
304.75
305.33
305.9
306.48
307.13
307.72
308.35
308.96
309.61
310.24
310.89
311.55
312.17
312.81
313.46
314.02
314.55
315.1
315.68
316.29
316.88
317.51
318.11
318.66
319.23
319.81
320.36
320.94
321.56
322.13
322.86
323.53
324.31
325.14
325.92
326.73
327.6
328.47
329.29
330.11
330.79
331.5
332.18
332.98
333.81
334.58
335.29
335.97
336.68
337.39
338.07
338.72
339.33
339.97
340.6
341.24
341.91
342.52
343.19
343.83
344.46
345.08
345.72
346.36
347.03
347.61
348.25
348.83
349.45
350.06
350.69
351.27
351.89
352.49
353.13
353.72
354.32
354.93
355.53
356.11
356.7
357.3
357.94
358.52
359.15
359.75
360.38
360.98
361.61
362.22
362.84
363.47
364.11
364.72
365.35
365.97
366.62
367.21
367.8
368.4
369.0
369.59
370.22
370.79
371.39
372.04
372.75
373.41
374.05
374.69
375.33
375.98
376.63
377.23
377.89
378.52
379.13
379.74
380.36
381.0
381.62
382.22
382.83
383.5
384.12
384.8
385.43
386.08
386.72
387.38
387.97
388.57
389.18
389.78
390.38
391.0
391.59
392.2
392.85
393.55
394.19
394.84
395.47
396.1
396.74
397.39
398.05
398.69
399.32
399.92
400.53
401.14
401.79
402.38
402.98
403.6
404.16
404.75
405.31
405.96
406.6
407.24
407.89
408.55
409.26
409.93
410.61
411.27
412.04
412.86
413.71
414.48
415.34
416.26
417.2
418.19
419.09
420.05
420.97
421.94
422.9
423.82
424.87
425.82
426.64
427.51
428.32
429.1
429.92
430.69
431.41
432.17
432.88
433.57
434.22
434.84
435.49
436.14
436.7
437.31
437.86
438.47
439.06
439.63
440.23
440.86
441.51
442.18
442.83
443.52
444.19
444.89
445.55
446.22
446.86
447.51
448.08
448.67
449.28
449.87
450.46
451.02
451.6
452.18
452.79
453.37
453.98
454.55
455.17
455.76
456.38
456.97
457.53
458.15
458.75
459.34
460.02
460.67
461.36
462.04
462.69
463.38
464.12
464.84
465.54
466.21
466.88
467.53
468.22
468.88
469.43
470.02
470.58
471.17
471.72
472.3
472.89
473.45
474.04
474.64
475.21
475.83
476.38
476.98
477.54
478.11
478.63
479.18
479.76
480.32
480.93
481.48
482.13
482.82
483.46
484.14
484.88
485.6
486.31
487.05
487.82
488.5
489.22
489.91
490.49
491.13
491.7
492.29
492.87
493.46
494.06
494.66
495.36
496.01
496.72
497.36
498.05
498.71
499.3
499.92
500.55
501.18
501.78
502.41
503.03
503.65
504.27
504.88
505.46
506.06
506.69
507.32
507.99
508.63
509.26
509.89
510.55
511.26
511.93
512.58
513.19
513.84
514.54
515.16
515.83
516.49
517.2
517.84
518.5
519.22
519.91
520.57
521.3
521.98
522.59
523.25
523.9
524.53
525.17
525.96
526.68
527.44
528.2
528.99
529.65
530.34
531.08
531.76
532.52
533.21
533.94
534.67
535.37
536.16
536.96
537.78
538.61
539.41
540.31
541.24
542.12
543.05
543.88
544.73
545.52
546.38
547.23
548.03
548.88
549.74
550.6
551.5
552.37
