2.48
5.2
7.81
10.6
13.38
16.13
18.87
21.81
24.77
27.55
30.29
33.11
36.01
38.79
41.67
44.67
47.77
50.61
53.56
56.36
59.47
62.4
65.47
68.47
71.54
74.34
77.21
80.02
83.06
85.95
89.09
92.08
94.98
98.37
101.59
104.5
107.24
109.92
112.66
115.37
118.02
120.84
123.94
126.71
129.51
132.23
135.03
137.72
140.42
143.12
146.02
148.66
151.48
154.05
156.71
159.4
161.93
164.4
167.11
169.88
172.76
175.53
178.19
181.21
184.43
187.5
190.22
192.98
195.92
199.01
201.92
204.32
207.0
209.44
212.16
214.64
217.21
219.84
222.57
225.21
227.79
230.24
232.9
235.33
237.71
240.27
242.82
245.31
247.99
251.05
254.02
257.07
259.62
262.0
264.52
267.05
269.59
272.36
275.24
278.8
282.08
285.6
289.28
293.21
297.1
300.89
304.57
308.49
312.08
315.75
319.44
323.8
327.67
331.48
335.28
339.29
342.97
346.71
350.47
354.67
358.57
362.75
366.64
370.25
374.24
377.87
381.52
385.49
389.49
393.15
396.75
400.56
404.32
408.28
412.13
416.38
420.61
424.67
428.14
431.39
434.3
437.28
439.78
442.29
444.7
447.04
449.53
451.88
454.3
457.0
459.68
462.15
464.55
466.92
469.42
471.74
474.2
477.04
479.5
482.01
484.5
486.99
489.4
491.83
494.23
496.82
499.32
501.74
504.32
507.0
509.65
512.13
514.56
517.19
519.95
522.98
526.21
529.17
532.32
536.38
539.94
543.7
547.1
551.05
554.72
558.45
562.26
565.94
569.91
574.13
577.67
581.34
585.06
588.7
592.23
595.57
599.12
602.9
606.58
610.31
614.11
617.72
621.16
624.55
627.81
631.68
635.02
638.11
641.68
645.62
649.82
653.65
657.92
662.21
666.02
669.61
673.3
