0.54
1.21
1.84
2.49
3.14
3.84
4.49
5.21
5.9
6.56
7.18
7.82
8.5
9.24
9.93
10.6
11.3
12.04
12.73
13.39
14.04
14.76
15.41
16.13
16.85
17.5
18.13
18.88
19.57
20.34
21.03
21.81
22.57
23.37
24.11
24.77
25.44
26.16
26.86
27.55
28.25
28.95
29.63
30.29
31.0
31.75
32.44
33.11
33.84
34.61
35.32
36.01
36.68
37.38
38.06
38.8
39.51
40.2
40.88
41.67
42.39
43.17
43.9
44.64
45.44
46.29
47.07
47.77
48.46
49.2
49.87
50.62
51.37
52.17
52.89
53.57
54.26
55.0
55.66
56.36
57.15
57.99
58.78
59.47
60.15
60.89
61.58
62.41
63.16
63.99
64.71
65.47
66.23
67.03
67.76
68.49
69.27
70.08
70.84
71.54
72.21
72.93
73.6
74.35
75.05
75.82
76.53
77.22
77.92
78.66
79.33
80.02
80.8
81.62
82.39
83.06
83.74
84.48
85.14
85.96
86.77
87.64
88.37
89.1
89.85
90.63
91.37
92.08
92.79
93.55
94.27
94.99
95.72
96.5
97.22
97.96
98.75
99.46
100.25
100.96
101.71
102.5
103.15
103.86
104.51
105.18
105.87
106.59
107.26
107.93
108.58
109.24
109.94
110.59
111.26
111.94
112.67
113.36
114.02
114.7
115.38
116.04
116.68
117.34
118.06
118.72
119.39
120.08
120.85
121.65
122.39
123.2
123.95
124.7
125.36
126.04
126.73
127.37
128.08
128.84
129.52
130.24
130.89
131.59
132.23
132.94
133.63
134.31
135.04
135.77
136.39
137.06
137.73
138.41
139.05
139.74
140.43
141.07
141.74
142.4
143.13
143.89
144.61
145.38
146.03
146.72
147.34
148.0
148.66
149.29
150.02
150.75
151.49
152.14
152.78
153.42
154.06
154.71
155.38
156.09
156.72
157.41
158.09
158.77
159.4
160.07
160.71
161.44
162.21
162.96
163.75
164.41
165.06
165.75
166.42
167.12
167.87
168.57
169.27
169.89
170.56
171.3
171.99
172.76
173.53
174.27
174.91
175.54
176.2
176.84
177.5
178.2
178.91
179.6
180.42
181.22
182.07
182.9
183.85
184.82
185.85
186.86
187.83
188.87
189.84
190.88
191.98
192.99
193.98
195.07
196.16
197.29
198.38
199.47
200.54
201.62
202.64
203.72
204.78
205.79
206.7
207.66
208.55
209.45
210.4
211.29
212.16
213.12
214.0
215.01
215.97
216.92
217.88
218.87
219.83
220.74
221.67
222.58
223.61
224.58
225.55
226.56
227.48
228.46
229.35
230.25
231.18
232.0
232.91
233.6
234.34
235.03
235.78
236.42
237.12
237.73
238.38
239.01
239.67
240.28
240.9
241.54
242.21
242.82
243.46
244.07
244.69
245.32
246.02
246.66
247.36
247.99
248.67
249.26
249.85
250.45
251.06
251.8
252.53
253.26
254.02
254.75
255.56
256.33
257.09
257.93
258.75
259.34
259.97
260.57
261.16
261.73
262.33
262.96
263.61
264.22
264.84
265.46
266.08
266.7
267.38
267.99
268.68
269.31
270.0
270.57
271.16
271.74
272.37
273.04
273.68
274.29
274.93
275.65
276.33
276.95
277.56
278.19
278.8
279.4
279.97
280.57
281.2
281.79
282.39
282.96
283.55
284.14
284.72
285.31
285.92
286.49
287.09
287.75
288.36
289.01
289.67
290.28
290.92
291.56
292.21
292.87
293.51
294.12
294.72
295.31
295.92
296.54
297.11
297.73
298.37
299.04
299.67
300.26
300.9
301.51
302.12
302.75
303.39
303.98
304.58
305.16
305.76
306.47
307.13
307.77
308.5
309.23
309.99
310.69
311.45
312.09
312.7
313.36
313.98
314.58
315.19
315.76
316.37
316.93
317.52
318.13
318.75
319.39
319.98
320.6
321.3
321.96
322.62
323.25
323.93
324.66
325.31
325.91
326.52
327.08
327.68
328.3
328.94
329.61
330.29
330.91
331.5
332.12
332.76
333.42
334.07
334.66
335.29
335.92
336.52
337.24
337.93
338.67
339.33
340.01
340.63
341.2
341.79
342.37
342.99
343.58
344.21
344.88
345.51
346.15
346.72
347.34
347.92
348.54
349.16
349.83
350.48
351.1
351.76
352.45
353.09
353.88
354.68
355.55
356.46
357.38
358.25
359.19
360.07
360.84
361.65
362.4
363.21
363.98
364.72
365.67
366.64
367.55
368.47
369.39
370.27
371.29
372.35
373.32
374.25
375.13
376.03
376.93
377.81
378.62
379.54
380.38
381.23
382.1
383.08
384.08
385.18
386.21
387.31
388.44
389.52
390.42
391.36
392.22
393.15
394.04
394.82
395.63
396.37
397.17
397.95
398.68
399.48
400.19
400.91
401.53
402.16
402.78
403.45
404.19
404.93
405.61
406.37
407.06
407.7
408.28
408.92
409.5
410.13
410.75
411.33
411.94
412.56
413.17
413.83
414.44
415.11
415.72
416.39
417.05
417.7
418.44
419.18
419.87
420.61
421.26
421.9
422.65
423.35
424.21
425.05
425.74
426.43
427.28
428.14
429.02
429.82
430.71
431.4
432.13
432.88
433.63
434.36
435.09
435.79
436.52
437.29
437.91
438.54
439.16
439.79
440.45
441.06
441.69
442.31
442.94
443.51
444.11
444.7
445.27
445.87
446.46
447.04
447.7
448.31
448.95
449.54
450.14
450.72
451.29
451.89
452.49
453.1
453.69
454.31
454.97
455.58
456.2
456.87
457.49
458.13
458.79
459.4
460.01
460.63
461.26
461.86
462.48
463.07
463.66
464.24
464.85
465.41
466.02
466.62
467.17
467.7
468.25
468.85
469.42
469.99
470.59
471.17
471.75
472.35
472.96
473.57
474.21
474.88
475.52
476.14
476.74
477.37
477.99
478.58
479.19
479.8
480.39
480.99
481.62
482.3
482.94
483.58
484.21
484.82
485.49
486.2
486.89
487.53
488.18
488.8
489.41
490.01
490.63
491.24
491.84
492.55
493.26
493.94
494.56
495.23
495.86
496.5
497.12
497.78
498.42
499.03
499.62
500.24
500.84
501.44
502.05
502.75
503.38
504.01
504.64
505.3
505.92
506.63
507.34
507.99
508.72
509.35
509.97
510.58
511.23
511.83
512.45
513.17
513.88
514.56
515.2
515.85
516.52
517.2
517.85
518.57
519.29
519.96
520.64
521.37
522.04
522.71
523.43
524.1
524.81
525.48
526.21
527.0
527.69
528.46
529.18
529.88
530.67
531.44
532.28
533.06
533.73
534.39
535.08
535.7
536.39
537.02
537.7
538.37
539.01
539.61
540.26
540.89
541.51
542.11
542.74
543.38
544.03
544.56
545.15
545.69
546.25
546.81
547.44
548.11
548.77
549.47
550.16
550.79
551.46
552.1
552.68
553.29
553.93
554.5
555.13
555.72
556.27
556.84
557.42
557.93
558.46
558.98
559.52
560.12
560.75
561.34
561.97
562.63
563.26
563.91
564.48
565.08
565.67
566.24
566.83
567.48
568.08
568.69
569.33
569.93
570.56
571.2
571.8
572.42
572.99
573.61
574.17
574.78
575.37
575.96
576.52
577.11
577.68
578.25
578.89
579.51
580.12
580.73
581.34
581.95
582.59
583.18
583.85
584.57
585.28
585.98
586.58
587.19
587.85
588.47
589.14
589.75
590.42
591.03
591.68
592.31
592.97
593.55
594.18
594.75
595.31
595.91
596.47
597.05
597.63
598.26
598.85
599.49
600.1
600.72
601.33
601.95
602.57
603.21
603.79
604.31
604.86
605.41
606.01
606.59
607.19
607.82
608.49
609.1
609.75
610.38
611.05
611.68
612.27
612.85
613.48
614.12
614.78
615.41
615.97
616.58
617.13
617.73
618.3
618.89
619.45
620.01
620.59
621.18
621.84
622.5
623.27
624.16
625.04
625.95
626.91
627.82
628.79
629.77
630.7
631.68
632.58
633.6
634.68
635.69
636.64
637.65
638.72
639.7
640.7
641.69
642.64
643.65
644.66
645.62
646.72
647.69
648.77
649.71
650.73
651.72
652.67
653.66
654.68
655.8
656.84
657.93
659.05
660.08
661.16
662.24
663.2
664.16
665.08
666.01
666.96
667.94
668.79
669.62
670.44
671.3
672.28
673.31
674.11
674.96
675.82
676.7
677.58
678.54
679.5
680.49
681.42
682.42
