0.24
1.03
1.9
2.66
3.4
4.15
4.94
5.77
6.56
7.31
8.08
8.9
9.71
10.45
11.22
11.97
12.88
13.85
14.63
15.41
16.17
16.92
17.69
18.5
19.26
19.99
20.8
21.72
22.54
23.37
24.16
25.01
25.87
26.78
27.62
28.37
29.12
29.88
30.65
31.44
32.22
32.97
33.75
34.61
35.44
36.23
37.06
37.82
38.62
39.52
40.29
41.04
41.79
42.54
43.31
44.13
44.92
45.67
46.45
47.29
48.1
49.02
49.84
50.74
51.58
52.48
53.28
54.07
54.84
55.65
56.4
57.2
58.0
58.8
59.56
60.34
61.12
61.89
62.65
63.48
64.4
65.37
66.18
66.96
67.73
68.5
69.29
70.16
70.98
71.8
72.58
73.35
74.16
75.0
75.79
76.65
77.68
78.63
79.48
80.27
81.06
81.9
82.68
83.52
84.33
85.13
85.9
86.7
87.45
88.26
89.09
89.92
90.67
91.48
92.21
92.99
93.77
94.54
95.3
96.06
96.88
97.65
98.48
99.26
100.12
100.94
101.78
102.57
103.42
104.21
105.14
105.98
106.9
107.79
108.71
109.49
110.15
110.84
111.42
112.02
112.63
113.22
113.85
114.45
115.05
115.62
116.21
116.8
117.39
117.99
118.54
119.12
119.7
120.27
120.86
121.43
122.02
122.59
123.16
123.75
124.36
124.93
125.54
126.11
126.72
127.31
127.86
128.42
129.01
129.56
130.16
130.72
131.33
131.94
132.53
133.13
133.74
134.36
134.97
135.59
136.19
136.78
137.36
137.89
138.45
139.04
139.65
140.29
140.87
141.51
142.09
142.7
143.32
143.98
144.58
145.21
145.86
146.44
147.02
147.6
148.15
148.72
149.29
149.88
150.45
151.02
151.66
152.35
152.99
153.62
154.26
154.95
155.63
156.27
156.96
157.59
158.21
158.83
159.48
160.06
160.64
161.23
161.82
162.42
163.01
163.61
164.17
164.78
165.35
165.96
166.55
167.14
167.71
168.3
168.89
169.55
170.25
170.89
171.46
172.04
172.64
173.24
173.84
174.46
175.04
175.66
176.25
176.84
177.44
178.07
178.64
179.24
179.86
180.44
181.04
181.65
182.26
182.84
183.44
184.07
184.66
185.28
185.91
186.45
187.01
187.58
188.15
188.74
189.31
189.94
190.6
191.21
191.88
192.47
193.11
193.72
194.35
194.95
195.57
196.22
196.88
197.5
198.13
198.78
199.44
200.06
200.65
201.3
201.89
202.51
203.17
203.77
204.43
204.97
205.56
206.11
206.66
207.24
207.8
208.33
208.9
209.42
209.99
210.54
211.13
211.68
212.22
212.81
213.41
213.96
214.55
215.15
215.8
216.43
217.1
217.67
218.21
218.78
219.38
219.94
220.5
221.08
221.63
222.22
222.8
223.37
223.96
224.53
225.13
225.69
226.21
226.75
227.3
227.82
228.39
228.96
229.56
230.1
230.68
231.27
231.83
232.37
232.96
233.49
234.05
234.62
235.21
235.77
236.37
236.93
237.52
238.1
238.69
239.22
239.78
240.29
240.86
241.39
241.91
242.48
243.03
243.62
244.23
244.8
245.41
245.94
246.53
247.08
247.61
248.15
248.7
249.32
249.89
250.49
251.06
251.77
252.54
253.26
254.03
254.69
255.42
256.11
256.84
257.6
258.39
259.21
260.01
260.83
261.66
262.48
263.33
264.19
265.07
265.94
266.75
267.58
268.5
269.37
270.29
271.18
271.99
272.85
273.72
274.5
275.25
276.05
276.8
277.55
278.29
279.04
279.8
280.61
281.33
282.04
282.77
283.54
284.26
284.91
285.56
286.21
286.81
287.38
288.02
288.61
289.23
289.86
290.53
291.26
291.95
292.56
293.22
293.9
294.51
295.2
295.87
296.52
297.15
297.82
298.48
299.17
299.78
300.43
301.1
301.72
302.39
302.98
303.56
304.18
304.76
305.39
306.03
306.7
307.34
307.91
308.52
309.14
309.71
310.34
310.92
311.52
312.21
312.85
313.5
314.25
315.04
315.78
316.68
317.63
318.53
319.55
320.49
321.52
322.48
323.48
324.51
325.62
326.58
327.53
328.56
329.49
330.53
331.45
332.46
333.46
334.45
335.37
336.34
337.31
338.11
338.95
339.88
340.88
341.98
342.93
343.84
344.81
345.71
346.76
347.83
348.88
349.98
351.09
352.13
353.22
354.22
355.13
356.07
357.02
357.91
358.63
359.34
360.1
360.93
361.79
362.63
363.67
364.67
365.73
366.66
367.66
368.7
369.64
370.68
371.7
372.7
373.62
374.52
375.58
376.73
377.78
378.86
379.91
380.98
382.09
383.19
384.21
385.31
386.41
387.39
388.38
389.31
390.23
391.2
392.25
393.35
394.27
395.26
396.26
397.21
398.09
399.05
399.89
400.79
401.75
402.64
403.55
404.5
405.48
406.44
407.36
408.31
409.23
410.24
411.2
412.15
413.16
414.21
415.32
416.42
417.54
418.58
419.62
420.72
421.75
422.73
423.75
424.77
425.72
426.73
427.74
428.52
429.32
430.01
430.74
431.47
432.21
432.95
433.72
434.43
435.17
435.95
436.59
437.23
437.9
438.53
439.13
439.72
440.34
440.95
441.55
442.18
442.8
443.44
444.03
444.67
445.3
445.95
446.54
447.09
447.68
448.28
448.83
449.41
450.0
450.59
451.18
451.74
452.35
453.04
453.66
454.39
455.12
455.75
456.35
456.91
457.51
458.1
458.7
459.27
459.86
460.48
461.06
461.7
462.29
462.88
463.48
464.11
464.72
465.36
465.94
466.49
467.08
467.68
468.26
468.85
469.45
470.06
470.69
471.35
471.97
472.6
473.22
473.9
474.53
475.23
475.85
476.44
477.04
477.61
478.22
478.83
479.43
479.99
480.58
481.2
481.84
482.48
483.1
483.75
484.49
485.17
485.81
486.42
487.02
487.64
488.26
488.85
489.48
490.19
490.97
491.69
492.48
493.13
493.79
494.44
495.13
495.77
496.46
497.12
497.72
498.33
498.93
499.55
500.19
500.93
501.57
502.22
502.84
503.49
504.11
504.76
505.47
506.23
506.87
507.54
508.14
508.75
509.4
510.02
510.61
511.24
511.95
512.75
513.5
514.21
514.92
515.57
516.25
516.93
517.65
518.3
519.03
519.72
520.4
521.21
522.06
523.07
524.02
524.87
525.71
526.52
527.44
528.35
529.28
530.22
531.2
532.05
532.95
533.86
534.64
535.41
536.09
536.81
537.57
538.28
538.96
539.7
540.38
541.16
541.91
542.67
543.47
544.22
544.94
545.61
546.34
547.05
547.71
548.44
549.16
549.88
550.66
551.42
552.18
552.99
553.84
554.59
555.35
556.13
556.85
557.63
558.4
559.16
559.97
560.71
561.47
562.31
563.07
563.87
564.7
565.48
566.18
566.84
567.52
568.29
569.01
569.79
570.54
571.31
571.98
572.63
573.31
573.98
574.62
575.17
575.75
576.31
576.88
577.44
578.05
578.63
579.24
579.8
580.43
581.02
581.6
582.25
582.9
583.56
584.21
584.83
585.44
586.04
586.66
587.32
587.93
588.57
589.13
589.67
590.22
590.78
591.32
591.9
592.44
592.96
593.52
594.04
594.61
595.12
595.67
596.2
596.76
597.32
597.9
598.47
599.11
599.72
600.34
600.9
601.47
602.04
602.6
603.18
603.77
604.33
604.9
605.42
605.93
606.45
606.99
607.51
608.03
608.51
609.05
609.53
610.05
610.56
611.08
611.61
612.15
612.65
613.15
613.62
614.09
614.57
615.08
615.63
616.13
616.69
617.22
617.79
618.38
618.95
619.5
620.1
620.67
621.21
621.79
622.35
622.94
623.51
624.08
624.66
625.3
625.93
626.52
627.17
627.87
628.53
629.17
629.89
630.55
631.27
632.11
632.9
633.88
634.9
635.87
636.76
637.7
638.62
639.52
640.3
641.1
642.04
642.92
643.84
644.73
645.74
646.7
647.61
648.6
649.5
650.35
651.23
652.13
652.98
653.81
654.59
655.41
656.18
656.97
657.81
658.61
659.37
660.25
661.21
662.1
663.02
663.79
664.58
665.42
666.17
666.96
667.75
668.58
669.35
670.16
670.91
671.7
672.5
673.36
674.27
675.18
676.31
677.37
678.4
679.48
680.63
681.7
682.75
683.84
684.93
686.02
