1.01
4.14
7.3
10.44
13.84
16.91
19.99
23.36
26.78
29.87
32.97
36.22
39.52
42.54
45.66
49.0
52.47
55.65
58.79
61.88
65.36
68.49
71.79
74.99
78.62
81.89
85.12
88.25
91.5
94.53
97.64
100.93
104.2
107.78
111.98
115.9
119.41
122.89
126.38
129.86
133.21
136.45
139.89
142.69
145.2
147.59
149.87
152.34
154.94
157.58
160.06
162.42
164.77
167.13
169.58
172.03
174.45
176.84
179.23
181.65
184.06
186.44
188.73
191.19
193.71
196.22
198.77
200.89
203.0
205.21
207.45
209.69
211.93
214.25
216.54
218.77
221.07
223.35
225.64
227.81
230.09
232.37
234.61
236.92
239.21
241.38
243.99
247.39
251.05
255.04
259.2
262.47
265.93
269.13
272.21
275.23
278.29
281.55
285.23
288.87
292.65
296.51
300.1
303.83
307.82
311.87
315.76
319.48
323.47
327.49
331.43
334.99
338.1
341.98
345.7
349.97
354.21
357.9
360.92
364.66
368.68
372.69
376.72
380.96
384.6
388.37
392.24
396.26
399.88
403.58
407.35
411.19
414.86
418.57
421.74
424.98
428.51
431.85
434.41
436.92
439.42
441.86
444.33
446.79
449.11
451.45
453.96
456.33
458.69
461.06
463.47
465.94
468.25
470.67
473.23
475.84
478.21
480.57
483.09
485.8
488.25
490.97
493.79
496.46
498.92
501.56
504.1
506.89
509.38
511.93
515.56
519.71
523.42
526.95
530.66
534.39
538.27
541.91
545.28
548.43
551.41
554.59
557.61
560.71
563.64
566.7
569.78
573.1
576.57
580.14
583.55
587.25
590.77
594.32
597.89
601.46
604.89
609.04
613.14
617.52
621.78
626.07
629.88
632.89
635.86
639.51
642.91
646.68
650.34
654.14
658.17
662.09
665.72
669.34
672.97
676.63
680.14
