0.0
0.51
1.02
1.56
2.05
2.57
3.06
3.59
4.11
4.59
5.12
5.56
6.02
6.5
6.96
7.4
7.88
8.34
8.78
9.24
9.72
10.16
10.62
11.08
11.56
11.97
12.4
12.8
13.25
13.66
14.11
14.52
14.99
15.45
15.91
16.35
16.83
17.27
17.74
18.15
18.57
18.98
19.38
19.78
20.21
20.61
21.02
21.43
21.84
22.25
22.65
23.06
23.47
23.89
24.29
24.71
25.16
25.62
26.08
26.53
26.96
27.38
27.8
28.23
28.67
29.1
29.5
29.93
30.37
30.81
31.25
31.68
32.13
32.59
33.05
33.5
33.93
34.38
34.84
35.26
35.72
36.14
36.57
36.98
37.39
37.79
38.21
38.66
39.09
39.5
39.94
40.4
40.86
41.29
41.76
42.21
42.64
43.1
43.54
44.0
44.47
44.92
45.38
45.84
46.32
46.78
47.22
47.7
48.16
48.6
49.06
49.53
50.0
50.42
50.85
51.29
51.72
52.14
52.57
53.02
53.45
53.86
54.29
54.74
55.15
55.58
56.04
56.48
56.9
57.36
57.8
58.22
58.68
59.1
59.56
60.0
60.47
60.9
61.37
61.8
62.27
62.72
63.17
63.6
64.08
64.52
64.99
65.43
65.88
66.34
66.79
67.23
67.66
68.07
68.5
68.95
69.38
69.79
70.19
70.6
71.01
71.42
71.83
72.23
72.65
73.09
73.49
73.9
74.29
74.7
75.09
75.51
75.9
76.33
76.74
77.14
77.54
77.96
78.36
78.78
79.2
79.7
80.27
80.87
81.48
82.1
82.7
83.31
83.92
84.54
85.18
85.82
86.42
87.08
87.68
88.38
89.2
90.04
90.91
91.8
92.63
93.49
94.34
95.21
96.03
96.84
97.68
98.53
99.39
100.23
101.05
101.88
102.69
103.49
104.28
105.08
105.88
106.69
107.55
108.46
109.33
110.12
110.98
111.82
112.7
113.59
114.46
115.4
116.23
117.13
118.06
118.91
119.78
120.63
121.54
122.38
123.23
124.24
125.17
126.2
127.07
127.99
128.86
129.74
130.54
131.38
132.18
132.99
133.8
134.62
135.43
136.38
137.26
138.15
138.97
139.86
140.69
141.47
142.3
143.18
144.0
144.79
145.62
146.46
147.37
148.25
149.13
150.01
150.9
151.79
152.67
153.53
154.38
155.23
156.07
156.93
157.68
158.43
159.17
159.98
160.76
161.6
162.4
163.16
163.99
164.79
165.58
166.37
167.14
167.96
168.71
169.52
170.26
171.05
171.82
172.57
173.36
174.13
175.04
175.9
176.71
177.49
178.27
179.07
179.9
180.67
181.49
182.28
183.18
184.0
184.85
185.73
186.58
187.45
188.31
189.15
190.03
190.88
191.73
192.62
193.48
194.24
195.04
195.84
196.72
197.59
198.52
199.42
200.32
201.2
202.1
202.97
203.92
204.82
205.71
206.58
207.43
208.28
209.12
209.99
210.86
211.75
212.58
213.42
214.33
215.09
215.94
216.68
217.42
218.19
218.97
219.73
220.47
221.22
221.96
222.74
223.47
224.22
224.95
