0.76
2.56
4.36
6.02
7.87
9.71
11.55
13.24
14.98
16.82
18.57
20.21
21.84
23.46
25.14
26.95
28.66
30.36
32.1
33.7
35.27
36.97
38.65
40.39
42.16
44.0
45.84
47.69
49.52
51.28
53.01
54.73
56.47
58.21
59.99
61.79
63.59
65.42
67.22
68.94
70.6
72.23
73.89
75.5
77.14
78.78
80.46
82.17
83.92
85.7
87.5
89.2
90.92
92.63
94.28
95.78
97.32
98.96
100.63
102.28
103.89
105.46
107.09
108.81
110.55
112.27
114.02
115.82
117.56
119.3
121.08
122.84
124.45
126.2
127.99
129.73
131.37
132.99
134.61
136.36
138.14
139.85
141.47
143.17
144.79
146.47
148.23
150.01
151.78
153.52
155.23
156.92
158.59
160.16
161.86
163.58
165.28
167.03
168.7
170.27
171.81
173.36
175.02
176.71
178.28
179.9
181.48
183.18
184.85
186.58
188.31
190.02
191.73
193.47
195.14
196.82
198.55
200.31
202.09
203.9
205.7
207.42
209.12
210.85
212.57
214.3
215.89
217.41
218.95
220.46
221.95
223.46
