0.75
1.64
2.57
3.54
4.48
5.39
6.37
7.22
8.11
9.0
9.91
10.73
11.65
12.47
13.36
14.24
15.06
15.94
16.76
17.64
18.45
19.26
20.05
20.8
21.61
22.43
23.21
24.04
24.88
25.73
26.52
27.33
28.17
29.0
29.78
30.59
31.44
32.24
33.04
33.85
34.6
35.38
36.21
36.96
37.76
38.57
39.32
40.13
40.92
41.66
42.47
43.28
44.09
44.97
45.75
46.58
47.43
48.24
49.1
49.97
50.81
51.63
52.46
53.28
54.16
54.96
55.83
56.75
57.73
58.69
59.72
60.67
61.65
62.55
63.43
64.25
64.93
65.64
66.31
66.99
67.68
68.39
69.12
69.78
70.51
71.21
71.85
72.53
73.17
73.81
74.43
75.04
75.65
76.27
76.89
77.51
78.13
78.73
79.34
79.93
80.54
81.17
81.77
82.37
82.98
83.59
84.13
84.7
85.22
85.77
86.3
86.79
87.3
87.78
88.24
88.72
89.21
89.68
90.17
90.66
91.12
91.6
92.08
92.56
93.04
93.53
94.05
94.57
95.05
95.56
96.1
96.6
97.1
97.59
98.09
98.57
99.09
99.53
100.01
100.44
100.89
101.34
101.77
102.2
102.61
103.04
103.49
103.92
104.35
104.77
105.2
105.64
106.05
106.48
106.93
107.33
107.76
108.17
108.6
108.99
109.41
109.82
110.23
110.64
111.06
111.51
111.96
112.42
112.88
113.36
113.84
114.34
114.8
115.3
115.76
116.24
116.72
117.22
117.69
118.14
118.61
119.1
119.56
120.05
120.58
121.14
121.65
122.07
122.5
122.95
123.38
123.79
124.24
124.65
125.11
125.55
125.99
126.41
126.85
127.31
127.77
128.21
128.65
129.1
129.57
130.0
130.43
130.87
131.31
131.81
132.29
132.76
133.25
133.71
134.19
134.69
135.15
135.65
136.1
136.57
137.04
137.53
137.98
138.37
138.77
139.19
139.58
139.99
140.39
140.8
141.24
141.65
142.07
142.5
142.9
143.3
143.7
144.1
144.51
144.95
145.37
145.79
146.2
146.6
147.01
147.44
147.83
148.24
148.65
149.08
149.49
149.89
150.31
150.72
151.11
151.53
151.95
152.38
152.83
153.26
153.69
154.11
154.53
154.96
155.37
155.8
156.23
156.65
157.05
157.48
157.89
158.3
158.72
159.13
159.55
159.95
160.36
160.76
161.18
161.59
162.0
162.42
162.84
163.27
163.69
164.11
164.49
164.87
165.27
165.64
166.0
166.36
166.73
167.11
167.48
167.86
168.27
168.67
169.06
169.48
169.86
170.29
170.69
171.12
171.54
171.95
172.38
172.78
173.22
173.62
174.04
174.46
174.9
175.32
175.74
176.15
176.54
176.95
177.37
177.77
178.18
178.62
179.08
179.51
179.94
180.38
180.82
181.28
181.72
182.14
182.6
183.02
183.43
183.85
184.27
184.69
185.11
185.54
185.97
186.37
186.8
187.21
187.65
188.05
188.49
188.89
189.34
189.77
190.19
190.62
191.06
191.47
191.91
192.35
192.81
193.25
193.67
194.07
194.49
194.91
195.32
195.72
196.15
196.56
196.95
197.36
197.78
198.17
198.57
198.96
199.37
199.78
200.19
200.6
201.03
201.45
201.88
202.31
202.73
203.17
203.59
204.04
204.47
204.93
205.37
205.83
206.28
206.75
207.19
207.68
208.14
208.64
209.1
209.6
210.08
210.56
211.03
211.55
212.06
212.58
213.06
213.59
214.06
214.51
215.0
215.45
215.92
216.41
216.87
217.35
217.81
218.27
218.72
219.16
219.62
220.07
220.5
220.97
221.4
221.85
222.3
222.75
223.2
223.67
224.12
224.54
224.93
225.36
225.74
226.14
226.51
226.9
227.29
227.68
228.08
228.47
228.86
229.26
229.63
230.02
230.43
230.81
231.19
231.6
231.97
232.37
232.75
233.14
233.55
233.92
234.31
234.7
235.11
235.49
235.87
