2.56
6.75
10.51
14.23
17.63
20.79
24.04
27.33
30.59
33.84
36.96
40.12
43.27
47.17
51.08
55.36
59.46
63.43
66.31
68.4
70.5
72.31
74.02
75.65
77.29
78.92
80.54
82.17
83.85
85.77
87.77
89.67
91.59
93.52
95.55
97.58
99.53
101.31
103.03
104.76
106.47
108.17
109.82
111.5
113.35
115.27
117.21
119.08
121.13
122.94
124.64
126.4
128.19
129.99
131.8
133.7
135.63
137.51
139.18
140.8
142.5
144.09
145.79
147.43
149.08
150.72
152.29
153.86
155.36
157.05
158.71
160.35
161.99
163.69
165.27
167.02
168.92
170.85
172.76
174.9
176.94
178.61
180.36
182.12
183.84
185.53
187.2
189.1
191.1
192.86
194.49
196.14
197.77
199.36
201.02
202.72
204.47
206.28
208.14
210.07
212.06
214.47
216.39
218.26
220.06
221.84
223.65
225.35
226.9
228.46
230.01
231.59
233.14
234.7
