0.980
1.910
2.930
3.810
4.710
5.530
6.390
7.260
8.100
9.040
9.960
10.820
11.750
12.630
13.570
14.430
15.370
16.240
17.130
18.230
19.370
20.460
21.530
22.560
23.570
24.440
25.320
26.210
27.020
27.930
28.740
29.660
30.570
31.520
32.390
33.270
34.150
35.050
36.020
36.960
37.790
38.650
39.490
40.370
41.160
41.970
42.730
43.540
44.310
45.140
45.890
46.720
47.530
48.280
49.090
49.860
50.660
51.470
52.260
53.070
53.880
54.650
55.410
56.060
56.680
57.330
58.030
58.700
59.330
59.990
60.690
61.370
62.000
62.650
63.380
64.130
64.950
65.710
66.480
67.190
67.800
68.450
69.170
69.890
70.520
71.200
71.900
72.600
73.250
73.920
74.710
75.520
76.260
77.080
77.820
78.620
79.440
80.120
80.820
81.530
82.180
82.870
83.450
84.050
84.670
85.280
85.840
86.430
87.110
87.880
88.630
89.390
90.040
90.670
91.300
91.910
92.550
93.280
93.980
94.590
95.230
95.890
96.550
97.170
97.840
98.560
99.270
100.080
100.840
101.670
102.560
103.500
104.350
105.270
106.210
107.080
107.970
108.950
109.870
110.760
111.720
112.750
113.700
114.590
115.390
116.250
117.030
117.830
118.620
119.440
120.280
121.080
121.870
122.650
123.460
124.280
125.180
126.120
127.100
128.030
129.110
130.110
131.180
132.160
133.150
134.060
135.040
135.950
136.850
137.740
138.630
139.470
140.320
141.180
142.020
142.880
143.490
144.160
144.760
145.410
146.020
146.700
147.320
148.020
148.660
149.330
150.040
150.680
151.370
152.060
152.750
153.460
154.170
154.910
155.610
156.290
156.970
157.580
158.230
158.940
159.710
160.520
161.310
162.090
162.890
163.670
164.500
165.370
166.350
167.250
168.250
169.170
170.110
171.100
172.010
172.930
173.920
174.840
175.710
176.630
177.530
178.490
179.340
180.260
181.160
182.020
182.930
183.760
184.680
185.570
186.440
187.360
188.210
189.170
190.090
191.030
192.080
193.030
194.080
195.010
195.830
196.610
197.340
198.060
198.800
199.540
200.300
201.030
201.720
202.450
203.140
203.810
204.500
205.220
205.890
206.580
207.200
207.870
208.480
209.140
209.780
210.490
211.160
211.810
212.450
213.040
213.680
214.280
214.920
215.560
216.170
216.800
217.460
218.060
218.750
219.480
220.190
221.060
221.840
222.720
223.590
224.390
225.270
226.080
226.810
227.590
228.310
229.080
229.800
230.510
231.280
231.950
232.690
233.380
234.120
234.820
235.510
236.250
236.940
237.620
238.320
239.060
239.750
240.450
241.060
241.710
242.370
243.050
243.720
244.370
245.010
245.690
246.440
247.190
247.900
248.600
249.350
250.000
250.660
251.300
251.990
252.650
253.230
253.800
254.400
255.000
255.570
256.230
256.840
257.480
258.140
258.870
259.530
260.270
260.930
261.670
262.410
263.160
263.860
264.740
265.560
266.380
267.180
268.040
268.830
269.630
270.390
271.150
272.050
272.900
273.850
274.810
275.780
276.650
277.560
278.620
279.700
280.660
281.700
282.710
283.780
284.750
285.680
286.630
287.650
288.720
289.780
290.840
291.790
292.830
293.790
294.840
295.790
296.830
297.840
298.820
299.750
300.730
301.700
302.770
303.830
304.940
305.860
306.870
307.780
308.740
309.780
310.770
311.780
312.880
313.950
315.030
316.160
317.230
318.320
319.430
320.540
321.590
322.660
323.750
324.800
325.820
326.900
327.880
328.710
329.600
330.410
331.300
332.100
332.990
333.670
334.420
335.150
335.840
336.510
337.260
337.970
338.740
339.520
340.390
341.240
342.080
342.990
343.850
344.770
345.640
346.650
347.580
348.590
349.560
350.490
351.400
352.280
353.090
353.940
354.720
355.450
356.250
357.030
357.760
358.580
359.410
360.210
361.120
362.100
363.140
364.100
365.140
366.130
367.140
368.230
369.270
370.270
371.220
372.120
373.070
373.980
374.980
375.900
376.830
377.830
378.820
379.850
380.840
381.880
382.890
383.860
384.840
385.750
386.720
387.700
