0.98
1.91
2.93
3.81
4.71
5.53
6.39
7.26
8.1
9.04
9.96
10.82
11.75
12.63
13.57
14.43
15.37
16.24
17.13
18.23
19.37
20.46
21.53
22.56
23.57
24.44
25.32
26.21
27.02
27.93
28.74
29.66
30.57
31.52
32.39
33.27
34.15
35.05
36.02
36.96
37.79
38.65
39.49
40.37
41.16
41.97
42.73
43.54
44.31
45.14
45.89
46.72
47.53
48.28
49.09
49.86
50.66
51.47
52.26
53.07
53.88
54.65
55.41
56.06
56.68
57.33
58.03
58.7
59.33
59.99
60.69
61.37
62.0
62.65
63.38
64.13
64.95
65.71
66.48
67.19
67.8
68.45
69.17
69.89
70.52
71.2
71.9
72.6
73.25
73.92
74.71
75.52
76.26
77.08
77.82
78.62
79.44
80.12
80.82
81.53
82.18
82.87
83.45
84.05
84.67
85.28
85.84
86.43
87.11
87.88
88.63
89.39
90.04
90.67
91.3
91.91
92.55
93.28
93.98
94.59
95.23
95.89
96.55
97.17
97.84
98.56
99.27
100.08
100.84
101.67
102.56
103.5
104.35
105.27
106.21
107.08
107.97
108.95
109.87
110.76
111.72
112.75
113.7
114.59
115.39
116.25
117.03
117.83
118.62
119.44
120.28
121.08
121.87
122.65
123.46
124.28
125.18
126.12
127.1
128.03
129.11
130.11
131.18
132.16
133.15
134.06
135.04
135.95
136.85
137.74
138.63
139.47
140.32
141.18
142.02
142.88
143.49
144.16
144.76
145.41
146.02
146.7
147.32
148.02
148.66
149.33
150.04
150.68
151.37
152.06
152.75
153.46
154.17
154.91
155.61
156.29
156.97
157.58
158.23
158.94
159.71
160.52
161.31
162.09
162.89
163.67
164.5
165.37
166.35
167.25
168.25
169.17
170.11
171.1
172.01
172.93
173.92
174.84
175.71
176.63
177.53
178.49
179.34
180.26
181.16
182.02
182.93
183.76
184.68
185.57
186.44
187.36
188.21
189.17
190.09
191.03
192.08
193.03
194.08
195.01
195.83
196.61
197.34
198.06
198.8
199.54
200.3
201.03
201.72
202.45
203.14
203.81
204.5
205.22
205.89
206.58
207.2
207.87
208.48
209.14
209.78
210.49
211.16
211.81
212.45
213.04
213.68
214.28
214.92
215.56
216.17
216.8
217.46
218.06
218.75
219.48
220.19
221.06
221.84
222.72
223.59
224.39
225.27
226.08
226.81
227.59
228.31
229.08
229.8
230.51
231.28
231.95
232.69
233.38
234.12
234.82
235.51
236.25
236.94
237.62
238.32
239.06
239.75
240.45
241.06
241.71
242.37
243.05
243.72
244.37
245.01
245.69
246.44
247.19
247.9
248.6
249.35
250.0
250.66
251.3
251.99
252.65
253.23
253.8
254.4
255.0
255.57
256.23
256.84
257.48
258.14
258.87
259.53
260.27
260.93
261.67
262.41
263.16
263.86
264.74
265.56
266.38
267.18
268.04
268.83
269.63
270.39
271.15
272.05
272.9
273.85
274.81
275.78
276.65
277.56
278.62
279.7
280.66
281.7
282.71
283.78
284.75
285.68
286.63
287.65
288.72
289.78
290.84
291.79
292.83
293.79
294.84
295.79
296.83
297.84
298.82
299.75
300.73
301.7
302.77
303.83
304.94
305.86
306.87
307.78
308.74
309.78
310.77
311.78
312.88
313.95
315.03
316.16
317.23
318.32
319.43
320.54
321.59
322.66
323.75
324.8
325.82
326.9
327.88
328.71
329.6
330.41
331.3
332.1
332.99
333.67
334.42
335.15
335.84
336.51
337.26
337.97
338.74
339.52
340.39
341.24
342.08
342.99
343.85
344.77
345.64
346.65
347.58
348.59
349.56
350.49
351.4
352.28
353.09
353.94
354.72
355.45
356.25
357.03
357.76
358.58
359.41
360.21
361.12
362.1
363.14
364.1
365.14
366.13
367.14
368.23
369.27
370.27
371.22
372.12
373.07
373.98
374.98
375.9
376.83
377.83
378.82
379.85
380.84
381.88
382.89
383.86
384.84
385.75
386.72
387.7
