1.29
5.1
8.51
12.2
15.69
19.37
22.75
26.17
29.65
33.27
36.95
40.36
43.52
46.71
49.63
52.43
55.4
58.02
60.68
63.37
66.48
69.17
71.89
74.71
77.46
80.11
82.85
85.27
87.87
90.66
93.27
95.88
98.55
101.38
103.76
106.2
108.56
111.31
114.27
118.36
122.65
126.48
130.19
134.05
137.78
141.17
144.17
146.69
149.21
152.05
155.6
159.7
163.66
167.23
171.08
174.83
178.48
182.46
186.25
190.09
193.72
197.33
200.86
204.33
207.87
211.8
215.56
219.42
223.29
227.59
231.92
235.51
238.67
241.52
244.37
247.17
250.0
252.71
255.52
258.59
261.66
264.79
268.02
271.15
274.8
278.61
282.71
286.62
290.54
294.21
297.93
301.69
304.92
308.16
311.47
315.21
319.42
323.74
327.88
332.1
335.15
338.32
341.62
344.76
348.12
352.11
355.45
358.57
362.09
366.12
370.26
373.97
378.12
