0.7
1.6
2.54
3.43
4.37
5.32
6.16
7.07
7.88
8.65
9.45
10.23
11.03
11.82
12.64
13.4
14.1
14.71
15.32
15.97
16.7
17.46
18.26
19.0
19.8
20.71
21.68
22.61
23.5
24.46
25.4
26.35
27.25
28.21
29.07
29.89
30.77
31.61
32.46
33.34
34.14
35.07
35.99
36.91
37.76
38.51
39.29
40.11
40.88
41.63
42.43
43.22
44.04
44.82
45.58
46.25
46.95
47.69
48.34
49.06
49.75
50.42
51.08
51.79
52.53
53.31
54.04
54.75
55.49
56.25
56.97
57.73
58.54
59.37
60.14
60.97
61.77
62.58
63.43
64.37
65.38
66.25
67.18
68.02
68.92
69.75
70.65
71.43
72.23
72.99
73.8
74.6
75.45
76.33
77.17
78.07
78.93
79.9
80.84
81.59
82.39
83.15
83.96
84.74
85.53
86.26
86.99
87.72
88.43
89.12
89.77
90.45
91.08
91.77
92.38
93.05
93.65
94.31
94.93
95.54
96.24
97.0
97.82
98.61
99.46
100.23
101.03
101.87
102.66
103.55
104.35
105.2
106.04
106.86
107.66
108.49
109.24
109.91
110.53
111.17
111.82
112.52
113.15
113.81
114.47
115.18
115.94
116.77
117.63
118.52
119.44
120.29
121.08
121.96
122.74
123.53
124.41
125.28
126.26
127.21
128.15
129.06
129.97
130.93
131.83
132.76
133.73
134.62
135.58
136.35
137.14
137.92
138.75
139.49
140.27
141.08
141.92
142.69
143.5
144.29
145.11
145.91
146.7
147.52
148.3
149.1
150.05
151.12
152.22
153.36
154.39
155.51
156.61
157.66
158.71
159.72
160.8
161.76
162.68
163.7
164.71
165.75
166.75
167.67
168.66
169.54
170.35
171.13
171.91
172.61
173.38
174.05
174.75
175.48
176.1
176.75
177.41
178.04
178.64
179.3
179.9
180.56
181.19
181.82
182.42
183.11
183.78
184.43
185.12
185.75
186.36
186.97
187.55
188.17
188.78
189.35
189.96
190.55
191.15
191.81
192.52
193.15
193.82
194.51
195.22
195.93
196.58
197.19
197.84
198.5
199.26
200.0
200.72
201.42
202.16
202.9
203.54
204.23
204.87
205.48
206.12
206.78
207.45
208.1
208.78
209.45
210.11
210.76
211.54
212.34
213.1
213.97
214.8
215.59
216.49
217.38
218.31
219.24
220.02
220.89
221.66
222.5
223.25
224.04
224.71
225.37
226.05
226.62
227.21
227.82
228.39
229.02
229.59
230.22
230.84
231.42
232.03
232.68
233.31
233.95
234.55
235.18
235.84
236.45
237.06
237.67
238.37
239.12
239.93
240.68
241.54
242.44
243.43
244.4
245.31
246.35
247.36
248.33
249.26
250.22
250.98
251.76
252.55
253.25
253.99
254.73
255.49
256.23
256.95
257.7
258.54
259.39
260.19
260.99
261.89
262.78
263.7
264.68
265.62
266.55
267.45
268.32
269.12
269.98
270.78
271.61
272.56
273.42
274.23
275.11
276.02
276.85
277.74
278.6
279.5
280.46
281.33
282.29
283.14
284.01
284.9
285.77
286.59
287.46
288.38
289.23
290.1
291.03
291.91
292.73
293.61
294.47
295.37
296.23
297.11
297.95
298.91
299.86
300.81
301.78
302.76
303.7
304.66
305.6
306.51
307.25
308.05
308.79
309.54
310.2
310.82
311.47
312.17
312.9
313.63
314.28
314.92
315.61
316.22
316.88
317.5
318.14
318.79
319.45
320.08
320.72
321.35
322.04
322.77
323.45
324.11
324.88
325.67
326.42
327.19
327.95
328.71
329.49
330.25
331.05
331.79
332.56
333.36
334.07
334.69
335.33
335.96
336.58
337.24
337.82
338.39
338.99
339.54
340.14
340.7
341.31
342.05
342.82
343.59
344.23
344.92
345.57
346.18
346.83
347.53
348.24
348.99
349.63
350.3
350.93
351.58
352.28
353.05
353.79
354.49
355.26
356.08
356.86
357.68
358.44
359.24
360.07
360.88
361.71
362.48
363.28
364.18
365.12
366.03
367.14
368.15
369.26
370.12
371.05
371.91
372.85
373.71
374.61
375.68
376.66
377.58
378.45
379.35
380.29
381.18
382.13
383.17
384.21
385.17
386.16
387.17
388.19
389.07
389.98
390.96
391.88
393.03
394.06
395.17
396.28
397.35
398.43
399.51
400.48
401.4
402.32
403.31
404.23
405.16
406.15
407.28
408.36
409.45
410.54
411.63
412.63
413.7
414.65
415.56
416.39
417.29
418.25
419.13
420.11
421.11
422.13
423.21
424.23
425.28
426.37
427.42
428.53
429.58
430.66
431.77
432.83
433.75
434.72
435.67
436.68
