3.43
7.05
10.36
13.4
15.97
18.99
22.39
25.79
29.06
32.46
36.0
39.29
42.43
45.58
48.34
51.06
54.04
56.96
60.12
63.42
67.18
70.64
73.79
77.16
80.83
83.92
86.98
89.95
92.73
95.51
98.61
101.86
105.19
108.48
111.15
113.8
116.77
120.81
125.21
129.06
132.46
135.57
138.74
141.91
145.06
148.3
152.22
156.6
160.8
164.7
168.42
171.91
175.47
178.82
182.32
185.11
187.54
189.95
192.48
195.21
197.8
200.33
202.89
205.43
208.09
210.77
213.44
215.9
218.26
220.68
223.16
225.45
227.81
230.21
232.68
235.24
237.66
240.67
244.39
248.33
252.13
255.91
259.44
262.92
266.55
269.97
273.41
276.84
280.45
284.0
288.37
292.4
296.22
299.85
303.69
307.25
310.2
312.98
315.6
318.13
321.04
324.08
327.18
330.66
333.39
335.95
338.51
341.3
344.22
346.81
349.62
352.36
355.25
358.01
360.87
364.17
368.15
372.35
376.23
380.28
384.2
388.57
392.4
396.17
400.24
404.22
408.34
412.61
416.86
421.11
425.27
