1.93
3.8
5.7
7.7
9.71
11.7
13.64
15.59
17.2
18.85
20.56
22.28
24.06
25.8
27.58
29.32
31.14
32.96
34.78
36.6
38.38
40.06
41.74
43.39
44.92
46.44
47.95
49.45
50.9
52.38
53.98
55.63
57.29
58.99
60.69
62.37
64.11
65.82
67.57
69.39
71.2
72.87
74.38
75.99
77.53
79.04
80.52
82.06
83.55
85.07
86.58
88.04
89.54
91.0
92.5
93.95
95.39
96.8
98.24
99.7
101.13
102.59
103.99
105.44
106.84
108.54
110.24
111.95
113.65
115.29
117.04
118.84
120.64
122.41
124.08
125.81
127.48
129.2
130.89
132.57
134.23
135.92
137.49
139.01
140.51
142.01
143.51
145.0
146.51
148.05
149.53
151.08
152.73
154.48
