0.21
0.58
0.97
1.34
1.69
2.06
2.44
2.82
3.18
3.55
3.92
4.3
4.68
5.06
5.46
5.83
6.21
6.57
6.95
7.34
7.71
8.08
8.47
8.84
9.23
9.59
9.95
10.34
10.73
11.15
11.53
11.94
12.3
12.67
13.03
13.39
13.76
14.13
14.49
14.86
15.22
15.59
16.0
16.39
16.77
17.2
17.59
18.01
18.44
18.85
19.28
19.71
20.12
20.56
20.99
21.41
21.85
22.28
22.7
23.15
23.59
24.06
24.49
24.92
25.38
25.81
26.24
26.7
27.14
27.58
28.02
28.44
28.9
29.32
29.78
30.24
30.68
31.14
31.59
32.05
32.5
32.96
33.44
33.9
34.34
34.8
35.25
35.71
36.16
36.62
37.05
37.52
37.93
38.38
38.79
39.2
39.64
40.06
40.45
40.88
41.26
41.62
42.02
42.4
42.78
43.14
43.52
43.92
44.29
44.66
45.06
45.44
45.82
46.19
46.56
46.94
47.3
47.64
48.0
48.37
48.72
49.09
49.45
49.81
50.17
50.55
50.9
51.27
51.64
52.01
52.39
52.78
53.19
53.57
53.98
54.39
54.81
55.23
55.64
56.06
56.48
56.89
57.3
57.72
58.14
58.58
59.0
59.4
59.82
60.25
60.69
61.12
61.55
61.96
62.39
62.82
63.27
63.7
64.13
64.55
64.97
65.42
65.83
66.27
66.71
67.14
67.58
68.02
68.47
68.89
69.39
69.87
70.39
70.87
71.4
71.87
72.39
72.88
73.4
73.88
74.37
74.76
75.18
75.59
76.0
76.4
76.77
77.15
77.54
77.9
78.29
78.67
79.04
79.41
79.77
80.16
80.53
80.91
81.3
81.69
82.07
82.44
82.83
83.19
83.56
83.95
84.34
84.71
85.08
85.46
85.85
86.21
86.59
86.95
87.32
87.69
88.05
88.44
88.81
89.18
89.55
89.91
90.27
90.65
91.01
91.38
91.75
92.12
92.5
92.87
93.22
93.59
93.95
94.3
94.67
95.03
95.39
95.74
96.08
96.44
96.81
97.16
97.51
97.88
98.24
98.6
98.95
99.34
99.71
100.07
100.41
100.77
101.13
101.51
101.89
102.26
102.6
102.95
103.3
103.65
104.0
104.37
104.73
105.09
105.44
105.78
106.14
106.48
106.83
107.19
107.58
107.95
108.31
108.67
109.04
109.45
109.83
110.25
110.67
111.1
111.5
111.93
112.38
112.81
113.23
113.66
114.07
114.46
114.87
115.3
115.73
116.18
116.62
117.05
117.49
117.93
118.39
118.85
119.3
119.76
120.22
120.65
121.08
121.54
121.98
122.42
122.84
123.25
123.66
124.09
124.52
124.96
125.4
125.82
126.22
126.65
127.06
127.48
127.92
128.34
128.77
129.2
129.62
130.04
130.48
130.9
131.32
131.73
132.17
132.59
132.99
133.41
133.84
134.26
134.67
135.09
135.53
135.93
136.34
136.73
137.11
137.49
137.87
138.26
138.63
139.01
139.4
139.77
140.13
140.51
140.89
141.27
141.64
142.02
142.4
142.77
143.13
143.51
143.89
144.25
144.62
145.01
145.37
145.77
146.15
146.51
146.91
147.29
147.66
148.05
148.42
148.78
149.15
149.54
149.9
150.28
150.69
151.09
151.5
151.88
152.28
152.66
153.03
153.39
153.75
154.12
154.5
154.9
155.26
155.66
