0.0
0.97
1.86
2.76
3.74
4.64
5.55
6.48
7.42
8.37
9.29
10.24
11.14
12.03
12.99
14.0
14.93
15.9
16.88
17.79
18.75
19.71
20.69
21.64
22.62
23.43
24.32
25.14
26.02
26.87
27.71
28.55
29.4
30.27
31.08
31.94
32.78
33.6
34.49
35.4
36.25
37.12
38.13
39.12
40.24
41.22
42.23
43.22
44.13
45.09
46.04
46.94
47.87
48.83
49.72
50.67
51.55
52.42
53.28
54.24
55.17
56.13
57.05
57.9
58.85
59.72
60.61
61.56
62.48
63.43
64.35
65.27
66.1
66.87
67.7
68.58
69.38
70.23
71.16
72.06
72.94
73.84
74.76
75.66
76.59
77.42
78.29
79.08
79.99
80.84
81.66
82.42
83.25
84.03
84.81
85.59
86.41
87.16
87.91
88.66
89.39
90.07
90.78
91.49
92.3
93.05
93.82
94.6
95.33
96.06
96.81
97.56
98.3
99.1
99.84
100.59
101.34
102.06
102.81
103.52
104.26
105.01
105.69
106.41
107.2
107.96
108.74
109.57
110.35
111.08
111.88
112.62
113.39
114.18
115.02
115.82
116.61
117.38
118.18
119.05
119.84
120.67
121.5
122.28
123.16
123.96
124.9
125.78
126.59
127.48
128.38
129.3
130.17
131.09
131.99
132.95
133.89
134.77
135.65
136.54
137.47
138.3
139.15
140.04
140.9
141.78
142.67
143.56
144.45
145.29
146.19
147.07
147.98
148.82
149.72
150.45
151.17
151.89
152.6
153.3
154.0
154.7
155.37
156.0
156.69
157.42
158.16
158.87
159.63
160.34
161.08
161.87
162.72
163.6
164.44
165.32
166.24
167.08
168.11
169.07
170.13
171.13
172.07
