0.59
1.27
1.93
2.6
3.25
3.91
4.56
5.18
5.87
6.49
7.14
7.81
8.46
9.07
9.71
10.44
11.16
11.74
12.33
13.0
13.69
14.35
15.02
15.69
16.38
17.0
17.69
18.32
18.98
19.59
20.25
20.83
21.44
22.08
22.66
23.28
23.88
24.5
25.17
25.83
26.42
27.03
27.66
28.25
28.92
29.61
30.28
30.93
31.52
32.12
32.7
33.32
33.98
34.59
35.24
35.9
36.52
37.15
37.89
38.6
39.31
40.04
40.83
41.55
42.31
43.12
43.87
44.58
45.33
46.02
46.62
47.24
47.89
48.5
49.1
49.74
50.42
51.06
51.74
52.39
52.99
53.6
54.16
54.71
55.23
55.78
56.37
56.96
57.56
58.17
58.8
59.38
60.02
60.67
61.27
61.9
62.56
63.18
63.78
64.41
65.01
65.63
66.27
66.91
67.53
68.15
68.78
69.45
70.06
70.72
71.4
72.06
72.68
73.37
73.96
74.53
75.13
75.71
76.31
76.99
77.7
78.35
79.02
79.73
80.32
80.9
81.52
82.19
82.8
83.45
84.08
84.77
85.49
86.16
86.76
87.38
87.96
88.55
89.12
89.75
90.44
91.08
91.66
92.25
92.87
93.48
94.06
94.67
95.33
95.95
96.61
97.29
97.95
98.56
99.15
99.76
100.39
101.03
101.68
102.33
102.95
103.59
104.21
104.83
105.42
106.07
106.66
