0.1
0.55
0.99
1.44
1.88
2.34
2.77
3.22
3.66
4.08
4.52
4.99
5.42
5.87
6.3
6.75
7.19
7.64
8.09
8.53
8.98
9.45
9.9
10.35
10.8
11.25
11.71
12.16
12.62
13.09
13.54
14.0
14.45
14.91
15.37
15.83
16.28
16.73
17.19
17.64
18.14
18.67
19.14
19.6
20.08
20.55
21.02
21.5
22.01
22.54
23.11
23.64
24.1
24.56
25.04
25.5
25.97
26.43
26.89
27.35
27.82
28.28
28.74
29.2
29.67
30.13
30.61
31.07
31.55
32.03
32.48
32.94
33.4
33.88
34.34
34.79
35.26
35.74
36.21
36.67
37.16
37.63
38.12
38.61
39.11
39.64
40.14
40.63
41.09
41.57
42.07
42.54
43.02
43.5
43.97
44.45
44.94
45.44
45.9
46.4
46.88
47.36
47.84
48.34
48.81
49.3
49.77
50.24
50.74
51.22
51.72
52.2
52.68
53.15
53.62
54.09
54.56
55.01
55.49
55.94
56.4
56.86
57.32
57.82
58.29
58.77
59.25
59.73
60.22
60.7
61.19
61.66
62.15
62.63
63.1
63.55
64.01
64.44
64.89
65.38
65.85
66.32
66.81
67.32
67.81
68.27
68.71
69.18
69.65
70.14
70.59
