0.48
0.99
1.53
2.06
2.58
3.08
3.59
4.08
4.58
5.06
5.57
6.05
6.56
7.05
7.55
8.02
8.49
8.96
9.46
9.93
10.42
10.92
11.4
11.9
12.4
12.9
13.42
13.98
14.51
15.04
15.54
16.05
16.55
17.03
17.53
17.99
18.48
18.99
19.49
19.98
20.49
20.98
21.47
21.97
22.47
22.96
23.44
23.93
24.41
24.88
25.34
25.81
26.3
26.77
27.25
27.73
28.21
28.72
29.22
29.69
30.21
30.76
31.28
31.77
32.29
32.81
33.35
33.87
34.43
34.95
35.45
35.95
36.46
36.95
37.41
37.9
38.41
38.9
39.41
39.92
40.4
40.89
41.35
41.83
42.35
42.84
43.36
43.89
44.47
44.99
45.5
45.98
46.48
46.95
47.4
47.85
48.27
48.73
49.15
49.63
50.09
50.53
51.0
51.45
51.92
52.39
52.86
53.32
53.78
54.23
54.67
55.12
55.58
56.02
56.46
56.92
57.42
57.92
58.48
59.01
59.55
60.09
60.56
61.07
61.58
62.1
62.61
63.12
63.67
64.19
64.67
65.19
65.7
66.21
66.74
67.24
67.75
68.26
68.74
69.24
69.76
70.34
70.98
71.51
72.04
72.53
73.06
73.56
74.04
74.54
75.04
75.57
76.07
76.57
76.92
77.27
77.62
77.95
78.29
78.61
78.94
79.27
79.61
79.95
80.27
80.6
80.94
81.27
81.59
81.93
82.26
82.58
82.92
83.25
83.58
83.93
84.27
84.62
84.98
85.31
85.66
86.03
86.36
86.69
87.04
87.39
87.72
88.05
88.38
88.69
89.04
89.37
89.68
90.01
90.34
90.67
91.01
91.33
91.67
92.0
92.33
92.66
92.99
93.32
93.66
93.99
94.31
94.64
94.95
95.26
95.55
95.86
96.15
96.48
96.83
97.15
97.49
97.83
98.18
98.5
98.84
99.2
99.54
99.87
100.2
100.57
100.91
101.26
101.6
101.97
102.32
102.67
103.01
103.37
103.72
104.07
104.4
104.76
105.11
105.46
105.8
106.15
106.51
106.87
107.21
107.57
107.93
108.29
108.63
108.99
109.36
109.71
110.07
110.42
110.76
111.09
111.42
111.75
112.07
112.43
112.77
113.1
113.43
113.78
114.12
114.47
114.79
115.11
115.43
115.74
116.06
116.39
116.74
117.07
117.4
117.71
118.06
118.37
118.72
119.06
119.4
119.74
120.09
120.43
120.77
121.09
121.43
121.78
122.14
122.51
122.88
123.27
123.64
124.03
124.42
124.8
125.14
125.5
125.83
126.19
126.55
126.9
127.24
127.6
127.97
128.45
128.98
129.48
130.0
130.49
130.99
131.5
132.03
132.54
133.04
133.57
134.07
134.58
135.09
135.59
136.09
136.61
137.16
137.75
138.29
138.87
139.43
139.97
140.52
141.1
141.73
142.3
142.93
143.52
144.12
144.7
145.31
145.95
146.6
147.24
147.9
148.51
149.16
149.73
150.29
150.87
151.47
152.04
152.64
153.22
153.8
154.37
154.93
155.54
156.11
156.73
157.29
157.89
158.49
159.11
159.76
160.35
160.97
161.61
162.21
162.85
163.5
164.11
164.75
165.4
166.05
166.64
167.23
167.85
168.43
169.04
169.61
170.22
170.78
171.4
171.98
172.55
173.17
173.81
174.43
175.08
175.76
176.42
177.05
177.71
178.28
178.87
179.49
180.07
180.65
181.28
181.94
182.57
183.2
183.83
184.44
185.12
185.81
186.6
187.41
188.24
189.07
189.84
190.67
191.49
192.32
193.08
193.95
194.77
195.64
196.46
197.3
198.21
199.02
199.88
200.76
201.56
202.37
203.14
203.96
204.75
205.56
206.23
206.94
207.68
208.37
209.07
209.79
210.62
211.39
212.31
213.2
214.06
214.95
215.87
216.79
217.75
218.64
219.6
220.38
221.24
222.05
222.88
223.83
224.73
225.62
226.5
227.38
228.28
229.2
230.11
230.96
231.89
232.66
233.49
234.24
234.92
235.65
236.4
237.09
237.79
238.53
239.23
239.87
240.55
241.24
241.86
242.53
243.14
243.78
244.44
245.14
245.76
246.44
247.04
247.69
248.29
248.88
249.52
250.13
250.71
251.35
251.96
252.54
253.16
253.76
254.4
254.98
255.62
256.22
256.85
257.47
258.13
258.78
259.45
260.14
260.8
261.42
262.09
262.8
263.52
264.25
264.95
265.64
266.3
266.99
267.68
268.4
269.11
269.8
270.41
271.06
271.72
272.35
273.01
273.67
274.32
274.97
275.66
276.27
276.94
277.58
278.19
278.83
279.5
280.13
280.75
281.4
282.03
282.67
283.34
283.98
284.6
285.24
285.9
286.52
287.17
287.8
288.48
289.16
289.8
290.37
290.94
291.49
292.05
292.63
293.18
293.75
294.31
294.86
295.43
296.03
296.59
297.19
297.78
298.38
299.01
299.6
300.21
300.78
301.41
302.01
302.57
303.16
303.79
304.39
304.97
305.56
306.2
306.9
307.52
308.22
308.85
309.43
310.04
310.65
311.26
311.83
312.43
313.09
313.73
314.35
315.02
315.65
316.29
316.89
317.52
318.17
318.79
319.44
320.03
320.66
321.25
321.88
322.5
323.08
323.67
324.3
324.89
325.47
326.08
326.71
327.32
327.91
328.51
329.13
329.75
330.35
330.96
331.59
332.17
332.78
333.4
334.0
334.58
335.13
335.71
336.28
336.83
337.41
337.97
338.53
339.11
339.68
340.24
340.83
341.31
341.78
342.25
342.73
343.25
343.74
344.28
344.88
345.46
346.08
346.66
347.28
347.93
348.53
349.16
349.8
350.51
351.27
351.97
352.67
353.4
354.15
354.83
355.59
356.27
357.03
357.83
358.6
359.42
360.22
360.95
361.72
362.48
363.18
363.92
364.68
365.5
366.31
367.07
367.87
368.71
369.46
370.25
371.03
371.76
372.52
373.31
374.04
374.83
375.63
376.42
377.24
378.13
379.0
379.73
380.41
381.11
381.83
382.6
383.37
384.12
384.83
385.6
386.38
387.14
387.89
388.64
389.41
390.2
391.13
391.98
392.9
393.86
394.76
395.7
396.69
397.78
398.82
399.92
401.02
402.04
403.11
404.15
405.12
406.02
406.96
407.86
408.77
409.7
410.55
411.49
412.44
413.38
414.37
415.35
416.27
417.27
418.21
419.18
420.04
420.85
421.72
422.62
423.45
424.27
425.02
425.79
426.6
427.37
428.03
428.77
429.4
430.08
430.72
431.38
432.05
432.75
433.4
434.03
434.66
435.29
435.96
436.62
437.28
437.92
438.54
439.22
439.9
440.54
441.18
441.85
442.52
443.12
443.72
444.33
444.97
445.55
446.17
446.82
447.41
448.04
448.67
449.27
449.9
450.52
451.14
451.77
452.4
452.99
453.59
454.12
454.69
455.25
455.85
456.47
457.09
457.69
458.25
458.8
459.39
459.94
460.5
461.04
461.62
462.19
462.72
463.24
463.81
464.32
464.9
465.53
466.18
466.78
467.41
468.04
468.64
469.26
469.9
470.53
471.18
471.79
472.43
473.09
473.72
474.42
475.07
475.8
476.5
477.18
477.86
478.63
479.36
480.14
480.86
481.55
482.22
482.86
483.48
484.09
484.65
485.21
485.77
486.32
486.98
487.59
488.22
488.87
489.57
490.19
490.89
491.55
492.2
492.92
493.6
494.32
495.07
495.76
496.52
497.22
497.95
498.66
499.31
500.01
500.71
501.36
502.03
502.65
503.34
504.02
504.69
505.31
505.98
506.53
507.09
507.68
508.23
508.81
509.37
509.95
510.53
511.11
511.72
512.36
513.0
513.6
514.25
514.89
515.51
516.07
516.63
517.21
517.81
518.41
519.01
519.55
520.11
520.67
521.26
521.83
522.43
522.99
523.54
524.09
524.53
524.97
525.4
525.84
526.28
526.74
527.18
527.62
528.03
528.48
528.91
529.34
529.78
530.26
530.79
531.27
531.78
532.25
532.76
533.24
533.72
534.17
534.65
535.12
535.63
536.09
536.62
537.13
537.8
538.46
539.1
539.77
540.41
541.03
541.69
542.35
543.01
543.77
544.59
545.41
546.25
547.05
547.97
548.89
549.81
550.73
551.6
552.46
553.36
554.26
555.25
556.15
557.13
558.05
558.99
559.92
560.82
561.79
562.69
563.65
564.5
565.43
566.29
567.22
568.12
569.06
569.98
570.91
571.78
572.69
573.63
574.54
575.45
576.31
577.18
578.05
578.91
579.83
580.7
581.59
582.3
583.07
583.82
584.58
585.37
586.13
586.88
587.64
588.38
589.15
590.01
590.93
591.73
592.6
593.43
594.3
595.18
596.13
597.03
598.05
599.03
600.12
601.25
602.24
603.15
604.11
605.12
606.03
606.92
607.84
608.71
609.67
610.58
611.5
612.39
613.33
614.23
615.14
616.05
616.87
617.62
618.42
619.18
619.9
620.7
621.43
622.2
622.98
623.78
624.45
625.09
625.75
626.41
627.09
627.78
628.52
629.26
630.0
630.77
631.51
632.24
632.99
633.8
634.55
635.36
636.14
636.89
637.67
638.44
639.25
640.02
640.79
641.54
642.33
643.09
643.85
644.65
645.37
646.06
646.81
647.47
648.13
648.68
649.22
649.73
650.21
650.7
651.17
651.63
652.08
652.55
652.96
653.39
653.8
654.22
654.63
655.07
655.48
655.88
656.29
656.7
657.09
657.49
657.9
658.33
658.76
659.16
659.6
660.02
660.42
660.85
661.3
661.73
662.14
662.57
662.99
663.4
663.79
664.2
664.61
665.04
665.42
665.84
666.22
666.64
667.02
667.42
667.82
668.23
668.64
669.02
669.44
669.84
670.22
670.63
671.04
671.42
