2.06
4.07
6.05
8.01
9.93
11.89
13.97
16.05
17.99
19.97
21.97
23.93
25.8
27.72
29.69
31.8
33.87
35.95
37.89
39.92
41.83
43.89
45.97
48.06
50.27
52.57
54.96
57.4
59.55
61.58
63.67
65.69
67.75
69.75
72.03
74.04
76.07
78.28
80.94
83.57
86.36
89.02
91.66
94.3
97.15
99.86
102.68
105.45
108.29
111.08
113.77
116.38
119.05
122.14
125.14
127.96
130.64
133.23
135.9
138.29
140.5
142.92
145.72
149.16
152.62
156.23
159.76
163.79
167.23
170.71
174.43
178.43
182.27
185.8
189.07
192.32
195.64
199.12
202.79
206.61
210.74
214.61
218.63
222.59
226.04
229.56
233.02
237.08
241.22
245.41
249.51
253.16
256.85
260.79
264.24
267.68
271.53
275.22
278.82
282.65
286.33
289.79
293.18
296.59
300.18
303.78
307.17
310.44
313.73
317.72
321.87
325.83
329.71
333.4
336.83
340.24
343.74
346.91
349.83
352.65
355.6
358.56
361.4
364.11
367.04
369.87
372.62
375.63
379.0
382.75
386.92
390.56
394.08
398.04
402.03
406.02
409.69
413.38
417.27
421.29
425.66
429.5
433.17
436.62
439.97
443.34
446.55
449.25
451.76
454.12
456.46
458.79
461.03
463.25
465.79
468.42
470.96
473.72
476.43
479.34
482.54
486.04
489.56
493.27
497.21
501.35
505.3
509.35
513.26
516.91
520.38
523.8
527.17
529.77
531.78
533.71
535.63
537.79
540.38
543.0
545.9
548.88
551.59
554.43
558.05
561.76
565.43
569.19
572.78
576.3
579.78
583.06
586.12
589.14
592.59
596.12
600.11
603.49
606.91
610.57
614.22
617.61
620.68
623.77
626.84
629.83
632.98
636.13
639.24
642.31
645.36
648.12
650.2
652.07
653.8
655.48
657.08
658.76
660.42
662.13
663.79
665.41
667.01
668.63
670.22
