0.22
1.0
1.83
2.64
3.48
4.26
5.06
5.89
6.72
7.55
8.47
9.43
10.4
11.33
12.23
13.16
14.1
15.08
15.91
16.72
17.56
18.37
19.18
20.0
20.83
21.7
22.54
23.43
24.26
25.2
26.09
27.01
27.86
28.69
29.55
30.36
31.13
31.9
32.72
33.56
34.34
35.13
35.97
36.84
37.62
38.51
39.46
40.39
41.32
42.2
43.11
44.09
45.08
46.11
47.2
48.2
49.26
50.27
51.24
52.2
53.09
54.03
54.92
55.81
56.69
57.67
58.69
59.67
60.66
61.65
62.5
63.37
64.24
65.11
65.99
66.86
67.71
68.73
69.65
70.65
71.65
72.49
73.35
74.24
75.11
76.01
76.91
77.87
78.78
79.67
80.55
81.58
82.64
83.68
84.69
85.71
86.82
87.92
89.02
90.12
91.11
92.1
93.1
94.2
95.27
96.38
97.44
98.48
99.47
100.52
101.59
102.58
103.57
104.61
105.69
106.67
107.71
108.7
109.75
110.67
111.59
112.47
113.38
114.32
115.26
116.14
117.03
117.94
118.86
119.71
120.56
121.43
122.4
123.32
124.27
125.23
126.18
127.05
127.99
128.92
129.84
130.77
131.72
132.63
133.53
134.4
135.2
135.93
136.64
137.36
138.12
138.84
139.59
140.46
141.37
142.29
143.14
144.11
145.0
145.93
146.85
147.85
148.78
149.75
150.75
151.7
152.63
153.53
154.49
155.43
156.35
157.28
158.27
159.2
160.12
161.07
162.03
162.92
163.88
164.9
165.9
166.94
167.95
168.96
169.85
170.77
171.75
172.63
173.6
174.51
175.43
176.32
177.18
178.13
179.07
179.99
180.91
181.78
182.75
183.71
184.78
185.79
186.82
187.77
188.72
189.69
190.57
191.52
192.42
193.35
194.3
195.18
195.97
196.72
197.53
198.29
199.06
199.85
200.66
201.41
202.1
202.82
203.54
204.21
204.94
205.66
206.37
207.05
207.8
208.49
209.18
209.89
210.72
211.53
212.33
213.09
213.94
214.81
215.66
216.48
217.37
218.24
219.0
219.81
220.6
221.36
222.09
222.73
223.41
224.13
224.77
225.49
226.31
227.09
227.85
228.61
229.4
230.2
230.97
231.84
232.7
233.48
234.33
235.2
236.15
237.16
238.07
239.07
240.04
240.91
241.83
242.84
243.75
244.71
245.69
246.67
247.58
248.56
249.49
250.47
251.51
252.47
253.48
254.4
255.36
256.38
257.36
258.27
259.27
260.19
261.06
261.9
262.75
263.66
264.49
265.35
266.3
267.26
268.04
268.8
269.58
270.37
271.17
271.93
272.62
273.38
274.05
274.76
275.48
276.24
277.02
277.7
278.43
279.16
279.88
280.61
281.28
281.99
282.7
283.44
284.13
284.87
285.57
286.25
286.96
287.68
288.4
289.16
289.84
290.6
291.29
292.05
292.87
293.62
294.42
295.25
296.02
296.84
297.67
298.49
299.26
300.03
300.8
301.57
302.35
303.17
303.91
304.69
305.51
306.25
307.07
307.85
308.59
309.41
310.19
310.93
311.75
312.44
313.15
313.89
314.59
315.33
316.02
316.75
317.43
318.15
318.8
319.47
320.17
320.79
321.45
322.09
322.7
323.4
324.14
324.81
325.58
326.32
327.1
327.81
328.58
329.25
329.91
330.57
331.29
332.06
332.77
333.53
334.3
335.11
335.88
336.61
337.39
338.16
338.96
339.73
340.46
341.25
341.97
342.78
343.51
344.29
345.06
345.87
346.66
347.5
348.3
349.1
349.88
350.75
351.67
352.55
353.4
354.26
355.17
356.07
356.9
357.83
358.68
359.54
360.47
361.24
362.06
362.92
363.72
364.48
365.28
366.09
366.92
367.71
368.44
369.17
369.92
370.67
371.44
372.21
372.9
373.52
374.15
374.79
375.45
376.1
376.7
377.33
377.99
378.61
379.25
379.85
380.48
381.12
381.74
382.33
382.88
383.46
384.05
384.65
385.27
385.85
386.47
387.08
387.65
388.27
388.88
389.48
390.06
390.61
391.18
391.71
392.28
392.9
393.55
394.17
394.76
395.38
396.03
396.64
397.23
397.8
398.39
399.01
399.58
400.12
400.69
401.26
401.86
402.4
403.06
403.66
404.37
405.04
405.75
406.48
407.23
407.94
408.74
409.5
410.29
411.02
411.83
412.62
413.36
414.18
414.95
415.74
416.5
417.29
418.07
418.81
419.59
420.34
421.03
421.78
422.46
423.16
423.91
424.62
425.29
426.07
426.89
427.67
428.38
429.14
429.89
430.66
431.41
432.19
432.96
433.72
434.44
435.23
435.97
436.77
437.72
438.66
439.53
440.45
441.38
442.31
443.25
444.16
445.03
445.89
446.75
447.62
448.45
449.23
449.98
450.71
451.46
452.24
453.1
453.89
454.74
455.6
456.5
457.44
458.53
459.66
460.71
461.77
462.82
463.82
464.79
465.74
466.63
467.58
468.51
469.52
470.47
471.49
472.43
473.33
474.32
475.28
476.26
477.23
478.15
479.0
479.9
480.85
481.71
482.59
483.43
484.21
484.93
485.69
486.48
487.23
487.95
488.68
489.4
490.17
490.87
491.6
492.34
493.02
493.75
494.48
495.21
496.0
496.73
497.5
498.22
498.98
499.71
500.42
501.35
502.23
503.11
504.02
504.91
505.86
506.76
507.63
508.57
509.52
510.52
511.48
512.37
513.35
514.19
515.07
515.96
517.04
518.1
519.12
520.23
521.25
522.34
523.41
524.42
525.5
526.59
527.58
528.65
529.71
530.77
531.7
532.59
533.54
534.48
535.36
536.23
537.07
537.95
538.88
539.76
540.67
541.61
542.53
543.4
544.36
545.26
546.19
547.16
548.08
549.03
549.93
550.87
551.6
552.35
553.09
553.85
554.72
555.51
556.37
557.3
558.16
559.04
559.94
560.93
561.87
562.75
563.7
564.61
565.72
566.72
567.82
568.81
569.89
570.97
571.98
572.98
574.02
575.03
575.98
577.03
578.02
579.01
580.03
581.09
582.11
583.13
584.09
585.09
586.07
587.12
588.08
589.08
590.04
591.0
591.88
592.75
593.66
594.55
595.29
596.08
596.89
597.68
598.44
599.22
600.0
600.78
601.61
602.4
603.19
603.94
604.78
605.58
606.36
607.17
608.06
608.85
609.76
610.6
611.51
612.39
613.23
614.12
615.06
615.91
616.8
617.86
618.91
619.94
621.01
621.98
623.03
624.08
625.1
626.04
626.99
628.0
628.93
629.91
630.83
631.71
632.65
633.51
634.52
635.44
636.43
637.39
638.28
639.2
640.13
641.25
642.29
643.38
644.49
645.57
646.69
647.78
648.8
649.72
650.69
651.58
652.52
653.51
654.44
655.36
656.33
657.27
658.28
659.22
660.19
661.14
662.08
662.98
663.93
664.86
665.89
666.87
667.91
668.96
669.93
670.79
671.71
672.63
673.5
674.43
675.33
676.19
677.09
