0.98
4.25
7.55
11.33
15.08
18.36
21.69
25.2
28.68
31.9
35.12
38.5
41.63
45.07
48.59
52.19
55.8
59.36
62.93
66.46
70.11
73.75
77.4
81.41
85.7
90.11
94.2
98.47
102.57
106.66
110.66
114.31
117.94
121.42
125.22
128.43
131.88
135.2
138.37
142.08
146.48
150.74
154.92
159.16
162.87
166.93
170.8
174.5
178.56
182.74
186.81
190.56
194.29
197.52
200.65
203.53
206.35
209.16
212.42
216.06
219.82
223.69
227.53
230.98
234.32
238.06
241.81
245.68
249.48
253.48
257.34
261.05
264.48
268.03
271.16
274.04
276.98
279.87
282.73
285.56
288.41
291.39
294.43
297.66
300.79
303.9
306.92
310.0
313.11
316.73
320.59
324.79
328.62
332.4
336.07
339.71
343.21
347.48
351.81
356.07
360.4
364.44
368.44
372.62
376.45
380.19
384.04
387.82
391.51
395.28
398.99
402.66
406.46
410.13
413.36
416.5
419.58
423.14
426.44
429.52
432.78
436.58
440.42
444.15
447.61
450.7
453.86
457.43
461.76
465.73
469.52
473.34
477.23
480.83
484.2
487.22
490.16
493.08
496.02
498.97
501.98
505.04
508.56
512.37
515.95
520.22
524.41
528.64
532.82
537.07
541.15
545.07
548.4
551.6
554.71
558.15
561.85
565.41
568.98
572.68
576.42
580.28
584.09
588.06
591.86
595.29
598.45
601.67
605.25
609.09
613.21
617.04
620.45
624.07
628.0
631.7
635.43
639.16
642.71
646.26
649.71
653.42
657.26
661.13
664.86
668.95
672.63
676.18
