3.8
7.41
10.84
14.32
17.69
21.19
24.84
28.59
31.95
35.47
39.0
42.66
46.08
49.76
53.49
57.21
61.26
65.28
69.03
72.7
76.3
80.12
83.86
87.48
91.28
95.0
99.1
103.04
107.22
111.34
115.61
119.6
123.39
127.32
130.79
134.55
138.05
141.34
145.22
148.84
152.45
156.32
159.46
162.79
166.25
169.66
173.1
176.79
180.85
185.17
189.52
193.37
196.89
200.56
204.5
208.37
212.4
216.09
219.68
223.2
226.05
228.88
231.71
234.58
237.61
240.82
244.25
247.93
251.2
254.2
257.94
261.78
265.65
269.59
273.0
276.64
280.27
284.37
288.72
292.79
296.63
300.43
304.3
308.17
312.49
316.75
320.65
324.49
328.21
331.88
335.27
338.55
341.76
344.78
348.32
352.34
356.21
359.54
363.1
366.68
369.75
372.85
376.37
380.27
383.78
387.11
390.59
393.99
397.43
401.06
404.7
408.32
412.54
416.84
420.95
425.07
429.04
432.91
436.91
440.37
443.74
447.15
450.67
454.11
457.97
462.06
466.31
470.39
474.4
478.21
482.13
486.06
489.53
492.84
495.95
499.34
502.83
506.47
510.35
514.65
518.61
522.4
526.28
530.3
533.79
537.02
540.35
543.23
545.99
548.66
551.44
554.14
556.68
559.44
562.39
565.23
567.94
570.88
574.24
577.58
581.14
584.89
588.89
593.1
596.56
600.51
604.76
608.98
612.89
616.68
620.57
624.33
628.16
632.01
635.79
639.5
643.53
647.26
651.05
654.79
658.53
662.4
666.11
670.48
674.86
678.65
682.52
