0.0
1.06
2.02
2.92
3.84
4.75
5.63
6.52
7.53
8.47
9.44
10.38
11.31
12.21
13.11
13.93
14.72
15.38
16.02
16.61
17.15
17.7
18.21
18.74
19.27
19.77
20.28
20.83
21.33
21.8
22.3
22.84
23.33
23.83
24.36
24.85
25.33
25.81
26.28
26.76
27.22
27.69
28.16
28.59
29.06
29.5
29.89
30.3
30.71
31.13
31.56
31.97
32.41
32.86
33.3
33.75
34.18
34.6
35.02
35.47
35.92
36.38
36.82
37.27
37.7
38.12
38.56
39.01
39.47
39.94
40.46
40.94
41.44
41.97
42.48
43.0
43.49
43.98
44.39
44.84
45.24
45.66
46.09
46.5
46.94
47.41
47.9
48.35
48.84
49.29
49.77
50.25
50.72
51.19
51.63
52.09
52.56
53.02
53.5
53.96
54.42
54.93
55.42
55.99
56.51
57.07
57.58
58.1
58.62
59.1
59.57
60.12
60.65
61.23
61.78
62.31
62.82
63.31
63.8
64.32
64.82
65.29
65.78
66.25
66.72
67.18
67.64
68.1
68.58
69.04
69.51
69.98
70.43
70.87
71.33
71.79
72.25
72.71
73.19
73.67
74.16
74.63
75.17
75.73
76.31
76.87
77.37
77.85
78.34
78.85
79.31
79.81
80.28
80.77
81.24
81.69
82.14
82.57
82.98
83.43
83.87
84.32
84.74
85.21
85.65
86.1
86.56
87.02
87.48
87.97
88.43
88.91
89.37
89.85
90.31
90.78
91.2
91.66
92.1
92.52
93.01
93.49
93.99
94.48
95.01
95.49
96.02
96.53
97.02
97.57
98.08
98.58
99.1
99.58
100.06
100.55
101.04
101.55
102.08
102.65
103.26
103.84
104.46
105.08
105.66
106.37
107.04
107.74
108.4
109.06
109.8
110.47
111.19
111.85
112.5
113.15
113.8
114.38
114.97
115.6
116.16
116.78
117.35
117.96
118.48
119.03
119.6
120.12
120.6
121.06
121.51
121.98
122.47
122.93
123.39
123.87
124.34
124.82
125.33
125.85
126.35
126.83
127.32
127.81
128.29
128.77
129.29
129.87
130.5
131.1
131.72
132.34
133.01
133.65
134.28
135.0
135.69
136.41
137.12
137.85
138.6
139.33
140.06
140.8
141.64
142.5
143.4
144.28
145.22
146.08
146.92
147.8
148.72
149.56
150.41
151.16
151.98
152.94
153.95
154.89
155.82
156.8
157.74
158.68
159.46
160.3
161.13
161.95
162.8
163.55
164.21
164.89
165.51
166.14
166.76
167.42
168.01
168.61
169.14
169.66
170.17
170.71
171.3
171.86
172.47
173.1
173.81
174.56
175.37
176.18
176.93
177.75
178.5
179.32
180.1
180.86
181.69
182.59
183.41
184.25
185.17
186.14
187.06
188.08
189.04
190.06
191.06
192.06
193.02
194.02
194.96
195.95
196.89
197.75
198.68
199.61
200.56
201.53
202.33
203.2
204.08
204.96
205.88
206.83
207.84
208.81
209.77
210.8
211.75
212.63
213.45
214.33
215.17
216.1
216.98
217.94
218.8
219.71
220.65
221.5
222.33
223.2
223.93
224.69
225.39
226.05
226.76
227.48
228.16
228.88
229.61
230.29
231.0
231.72
232.38
233.15
233.88
234.59
235.3
236.09
236.85
237.62
238.46
239.22
240.02
240.84
241.73
242.57
243.41
244.26
245.21
246.19
247.12
247.96
248.87
249.68
250.43
251.22
252.01
252.82
253.61
254.42
255.06
255.74
256.46
257.16
257.87
258.58
259.2
259.84
260.49
261.17
261.81
262.47
263.17
263.78
264.46
265.1
265.77
266.39
267.07
267.68
268.34
268.95
269.6
270.21
270.84
271.51
272.15
272.77
273.36
273.98
274.63
275.21
275.78
276.37
277.0
277.58
278.2
278.77
279.37
280.0
280.57
281.21
281.82
282.47
283.1
283.77
284.37
285.01
285.63
286.3
286.93
287.55
288.2
288.79
289.32
289.83
290.37
290.89
291.53
292.14
292.8
293.47
294.13
294.75
295.41
296.16
296.95
297.91
298.9
299.86
300.83
301.86
302.87
303.97
304.99
306.06
307.16
308.18
309.23
310.33
311.41
312.49
313.61
314.7
315.75
316.75
317.78
318.71
319.67
320.66
321.58
322.54
323.51
324.48
325.38
326.35
327.32
328.21
329.15
330.08
331.06
331.93
332.85
333.76
334.69
335.58
336.44
337.27
338.05
338.84
339.63
340.44
341.26
342.12
342.92
343.68
344.46
345.24
346.03
346.85
347.64
348.33
349.01
349.73
350.43
351.15
351.91
352.6
353.36
354.16
355.0
355.8
356.65
357.48
358.32
359.13
359.99
360.87
361.68
362.57
363.35
364.19
364.96
365.82
366.69
367.64
368.62
369.65
370.64
371.62
372.53
373.5
374.49
375.44
376.37
377.35
378.36
379.39
380.28
381.15
382.07
382.95
383.87
384.88
385.86
386.79
387.76
388.76
389.7
390.63
391.71
392.84
393.93
394.9
395.93
396.97
397.93
398.99
400.06
401.07
402.01
402.95
403.83
404.7
405.56
406.53
407.43
408.32
409.27
410.12
410.94
411.81
412.55
413.23
413.97
414.7
415.47
416.25
417.02
417.77
418.59
419.36
420.2
420.96
421.74
422.57
423.3
424.03
424.78
425.56
426.34
427.1
427.9
428.66
429.4
430.17
430.96
431.62
432.27
432.91
433.53
434.17
434.84
435.45
436.09
436.73
437.39
438.06
438.69
439.31
439.95
440.59
441.26
441.92
442.57
443.26
443.9
444.59
445.27
445.96
446.62
447.34
448.06
448.83
449.55
450.24
450.88
451.55
452.19
452.85
453.48
454.11
454.75
455.42
456.06
456.67
457.33
457.97
458.52
459.13
459.69
460.28
460.88
461.44
462.06
462.58
463.14
463.68
464.19
464.73
465.29
465.81
466.32
466.82
467.34
467.89
468.38
468.89
469.41
469.93
470.4
470.9
471.42
471.9
472.37
472.83
473.3
473.79
474.24
474.73
475.19
475.66
476.13
476.59
477.08
477.53
478.01
478.47
478.96
479.43
479.9
480.37
480.83
481.31
481.83
482.34
482.84
483.36
483.86
484.42
484.98
485.51
486.07
486.56
487.08
487.61
488.15
488.64
489.1
489.53
489.98
490.41
490.83
491.25
491.67
492.07
492.46
492.85
493.25
493.63
494.03
494.43
494.82
495.2
495.61
496.03
496.47
496.93
497.35
497.82
498.31
498.78
499.33
499.85
500.36
500.97
501.56
502.17
502.83
503.5
504.19
504.9
505.55
506.29
506.97
507.62
508.25
508.91
509.56
510.17
510.81
511.46
512.11
512.76
513.36
513.99
514.65
515.24
515.87
516.5
517.08
517.71
518.3
518.99
519.6
520.27
520.93
521.57
522.2
522.85
523.52
524.16
524.78
525.42
526.09
526.73
527.33
527.9
528.45
529.02
529.47
529.91
530.33
530.77
531.23
531.66
532.11
532.51
532.93
533.36
533.79
534.18
534.59
535.02
535.43
535.82
536.21
536.62
537.03
537.44
537.86
538.28
538.75
539.24
539.71
540.16
540.65
541.1
541.61
542.11
542.57
543.09
543.63
544.19
544.73
545.38
546.0
546.64
547.28
547.88
548.51
549.16
549.79
550.39
551.03
551.63
552.24
552.87
553.49
554.15
554.78
555.38
556.05
556.66
557.38
558.02
558.76
559.44
560.19
560.9
561.65
562.4
563.09
563.84
564.56
565.24
565.9
566.6
567.29
567.95
568.65
569.34
570.12
570.88
571.73
572.52
573.4
574.25
575.06
575.9
576.74
577.59
578.41
579.26
580.1
580.94
581.72
582.56
583.31
584.12
584.9
585.66
586.42
587.13
587.88
588.61
589.36
590.13
590.85
591.61
592.31
593.11
593.99
594.82
595.73
596.57
597.5
598.38
599.32
600.2
601.09
602.13
603.08
603.97
604.76
605.55
606.37
607.35
608.27
609.22
610.11
611.04
612.02
612.9
613.81
614.74
615.71
616.69
617.64
618.58
619.6
620.59
621.72
622.75
623.86
624.87
625.86
626.9
627.92
629.01
630.04
631.07
632.01
633.02
633.89
634.86
635.77
636.72
637.69
638.63
639.52
640.51
641.53
642.6
643.55
644.44
645.4
646.3
647.27
648.23
649.14
650.09
650.95
651.85
652.75
653.61
654.49
655.37
656.22
657.15
658.0
658.9
659.76
660.64
661.5
662.41
663.27
664.12
664.89
665.74
666.57
667.42
668.28
669.02
669.73
670.49
671.19
671.95
672.69
673.39
674.09
674.86
675.56
676.32
677.01
677.76
678.48
679.32
680.11
680.88
681.7
682.53
683.33
684.11
