1.83
3.59
5.35
7.15
9.14
11.13
13.12
15.21
17.09
18.98
20.83
22.65
24.61
26.77
28.69
30.76
32.82
34.87
36.65
38.57
40.34
42.18
43.95
45.65
47.4
49.24
51.06
52.91
54.74
56.63
58.57
60.59
62.62
64.61
66.58
68.55
70.8
72.75
74.83
76.91
78.81
80.69
82.5
84.49
86.39
88.32
90.26
92.21
94.04
96.06
98.24
100.57
103.01
105.79
108.82
111.61
114.63
118.09
121.26
124.16
126.83
129.67
133.12
137.07
140.79
145.02
149.04
152.8
156.53
159.98
164.01
168.26
172.34
176.04
179.82
183.32
186.78
190.2
193.41
196.44
199.41
202.63
205.99
209.0
211.75
214.5
217.46
220.48
223.97
227.75
231.46
235.01
238.6
242.07
245.58
248.79
252.11
255.98
260.35
263.88
267.98
272.36
276.64
280.94
285.1
289.44
293.44
297.22
300.75
304.35
308.01
312.08
315.92
319.58
322.97
326.39
330.06
334.23
338.48
342.13
346.1
349.94
353.55
357.17
360.75
364.37
368.09
371.78
375.39
378.92
382.42
385.92
389.77
393.35
396.36
399.17
402.02
405.03
408.19
411.28
414.3
417.38
420.4
424.03
427.73
431.72
435.17
438.52
441.86
445.34
448.78
452.42
455.99
459.72
463.16
466.13
469.07
471.87
474.86
478.03
481.15
484.34
487.55
490.48
493.06
495.8
498.69
501.61
504.52
507.37
510.4
513.52
516.55
519.5
522.2
524.95
527.74
530.54
533.35
536.0
538.47
540.91
543.28
545.6
547.77
549.72
551.69
553.62
555.61
557.8
559.98
563.34
567.13
571.3
575.31
579.3
583.51
587.9
591.96
595.66
599.57
603.19
606.82
610.93
614.51
617.6
620.69
623.36
626.07
628.76
631.73
634.66
637.39
639.88
