0.11
0.54
0.98
1.41
1.84
2.27
2.71
3.16
3.6
4.04
4.47
4.92
5.35
5.81
6.26
6.71
7.15
7.59
8.1
8.62
9.15
9.71
10.19
10.67
11.13
11.61
12.07
12.58
13.13
13.67
14.18
14.73
15.21
15.7
16.15
16.63
17.09
17.56
18.04
18.51
18.98
19.45
19.91
20.38
20.83
21.3
21.74
22.2
22.65
23.11
23.56
24.02
24.47
24.9
25.37
25.84
26.28
26.77
27.26
27.74
28.22
28.7
29.22
29.76
30.28
30.79
31.33
31.85
32.35
32.86
33.35
33.84
34.37
34.87
35.36
35.82
36.24
36.68
37.15
37.61
38.1
38.57
39.06
39.53
39.94
40.35
40.8
41.27
41.72
42.19
42.7
43.19
43.65
44.16
44.69
45.23
45.77
46.3
46.8
47.33
47.87
48.32
48.8
49.26
49.69
50.15
50.62
51.07
51.54
51.98
52.44
52.91
53.38
53.84
54.3
54.74
55.22
55.66
56.16
56.64
57.1
57.61
58.1
58.57
59.08
59.6
60.12
60.6
61.13
61.65
62.14
62.62
63.15
63.65
64.14
64.62
65.09
65.6
66.1
66.59
67.1
67.59
68.08
68.53
69.0
69.47
69.94
70.42
70.9
71.34
71.82
72.26
72.74
73.18
73.64
74.11
74.57
75.02
75.49
75.98
76.46
76.92
77.42
77.89
78.36
78.82
79.28
79.77
80.24
80.7
81.15
81.58
82.06
82.5
82.99
83.46
83.94
84.42
84.93
85.42
85.89
86.38
86.86
87.38
87.86
88.33
88.81
89.28
89.78
90.27
90.76
91.25
91.74
92.22
92.68
93.12
93.58
94.05
94.51
94.97
95.51
96.07
96.61
97.12
97.69
98.25
98.79
99.27
99.8
100.29
100.82
101.34
101.83
102.31
102.84
103.31
103.83
104.33
104.89
105.4
105.92
106.45
106.98
107.54
108.07
108.57
109.13
109.66
110.15
110.63
111.13
111.64
112.16
112.65
113.11
113.6
114.1
114.63
115.11
115.63
116.11
116.67
117.18
117.79
118.37
118.92
119.51
120.11
120.75
121.27
121.8
122.29
122.76
123.22
123.7
124.16
124.65
125.12
125.57
126.06
126.53
126.98
127.46
127.96
128.44
128.92
129.38
129.88
130.35
130.81
131.26
131.71
132.18
132.65
133.13
133.6
134.12
134.59
135.11
135.6
136.11
136.57
137.07
137.58
138.05
138.51
138.98
139.42
139.9
140.36
140.8
141.31
141.86
142.36
142.92
143.42
143.96
144.51
145.03
145.57
146.07
146.6
147.19
147.77
148.38
149.05
149.76
150.46
151.18
151.92
152.62
153.32
154.03
154.68
155.31
155.9
156.53
157.18
157.82
158.47
159.14
159.78
160.46
161.11
161.84
162.52
163.3
164.02
164.82
165.59
166.32
167.13
167.89
168.61
169.39
170.19
170.95
171.71
172.51
173.31
174.2
175.11
176.04
177.05
178.0
178.91
179.84
180.8
181.65
182.46
183.32
184.16
184.98
185.87
186.78
187.68
188.51
189.38
190.2
191.07
191.86
192.65
193.41
194.13
194.89
195.66
196.45
197.23
197.97
198.69
199.42
200.15
200.99
201.77
202.63
203.39
204.21
205.02
205.94
206.81
207.74
208.54
209.35
210.2
210.94
211.76
212.43
213.1
213.77
214.51
215.18
215.89
216.68
217.47
218.22
218.96
219.72
220.49
221.24
222.04
222.78
223.55
224.37
225.13
225.89
226.71
227.45
228.27
229.05
229.89
230.65
231.47
232.3
233.18
234.12
235.01
235.91
236.85
237.74
238.6
239.51
240.35
241.2
242.08
242.91
243.83
244.67
245.58
246.36
247.14
247.96
248.7
249.4
250.19
250.97
251.73
252.55
253.36
254.2
255.12
255.98
256.93
257.79
258.8
259.82
260.78
261.81
262.78
263.89
264.92
266.05
266.97
267.99
269.06
270.19
271.23
272.37
273.41
274.48
275.58
276.65
277.74
278.84
279.96
280.95
281.98
283.06
284.03
285.11
286.13
287.16
288.14
289.12
290.07
291.02
291.94
292.85
293.85
294.84
295.87
296.79
297.7
298.63
299.64
300.59
301.59
302.53
303.49
304.37
305.3
306.2
307.08
308.01
309.0
309.84
310.72
311.6
312.47
313.29
314.11
314.98
315.92
316.81
317.76
318.67
319.58
320.45
321.3
322.12
322.98
323.86
324.7
325.67
326.59
327.56
328.46
329.35
330.3
331.29
332.24
333.15
334.24
335.26
336.38
337.42
338.48
339.38
340.35
341.25
342.14
343.04
344.05
345.09
346.11
347.17
348.06
349.03
349.94
350.97
352.01
352.95
353.99
355.02
355.86
356.77
357.61
358.55
359.41
360.35
361.3
362.25
363.26
364.37
365.47
366.48
367.53
368.54
369.54
370.45
371.31
372.2
373.07
373.95
374.79
375.69
376.56
377.43
378.36
379.2
380.03
380.86
381.66
382.45
383.28
383.94
384.58
385.28
385.92
386.48
387.07
387.68
388.25
388.85
389.46
390.02
390.64
391.28
391.96
392.69
393.36
394.01
394.67
395.32
396.02
396.7
397.39
398.11
398.8
399.56
400.27
400.97
401.67
402.37
402.98
403.54
404.12
404.67
405.23
405.81
406.4
407.01
407.57
408.19
408.72
409.29
409.85
410.4
410.96
411.54
412.1
412.67
413.21
413.75
414.31
414.9
415.46
416.06
416.64
417.23
417.79
418.33
418.89
419.49
420.06
420.66
421.29
421.89
422.47
423.0
423.54
424.07
424.64
425.23
425.78
426.36
426.91
427.45
428.04
428.57
429.13
429.72
430.25
430.81
431.42
432.02
432.6
433.17
433.77
434.37
435.01
435.62
436.2
436.8
437.36
437.93
438.53
439.12
439.67
440.29
440.86
441.47
442.0
442.54
443.07
443.58
444.1
444.66
445.15
445.7
446.19
446.75
447.35
447.91
448.54
449.16
449.76
450.38
450.94
451.51
452.11
452.71
453.31
453.88
454.49
455.09
455.69
456.26
456.78
457.36
457.84
458.38
458.86
459.35
459.87
460.35
460.88
461.35
461.87
462.34
462.77
463.16
463.55
463.92
464.29
464.66
465.02
465.39
465.76
466.14
466.52
466.87
467.24
467.62
467.99
468.35
468.73
469.08
469.45
469.81
470.18
470.54
470.9
471.25
471.56
471.88
472.2
472.53
472.84
473.18
473.5
473.84
474.2
474.54
474.87
475.22
475.54
475.89
476.22
476.58
476.91
477.25
477.61
478.02
478.39
478.79
479.21
479.61
479.98
480.39
480.76
481.16
481.58
481.96
482.38
482.78
483.17
483.56
483.96
484.36
484.78
485.16
485.57
485.96
486.38
486.76
487.14
487.55
487.93
488.31
488.67
489.06
489.47
489.89
490.29
490.73
491.14
491.57
491.99
492.34
492.71
493.05
493.42
493.77
494.11
494.45
494.8
495.14
495.46
495.81
496.16
496.51
496.87
497.22
497.57
497.94
498.33
498.7
499.05
499.41
499.77
500.13
500.49
500.87
501.25
501.62
501.99
502.33
502.7
503.05
503.41
503.78
504.15
504.53
504.91
505.25
505.61
505.93
506.29
506.62
506.98
507.38
507.78
508.16
508.53
508.9
509.3
509.67
510.06
510.42
510.82
511.19
511.57
511.94
512.35
512.75
513.14
513.53
513.94
514.4
514.88
515.34
515.85
516.35
516.91
517.47
518.03
518.55
519.1
519.69
520.23
520.88
521.53
522.16
522.84
523.57
524.23
524.97
525.64
526.36
527.12
527.85
528.61
529.33
530.14
530.92
531.68
532.55
533.36
534.29
535.2
536.04
536.95
537.86
538.77
539.72
540.65
541.52
542.44
543.54
544.64
545.63
546.7
547.78
548.75
549.72
550.74
551.7
552.68
553.63
554.63
555.61
556.7
557.81
558.93
560.0
560.99
562.02
562.96
563.96
565.09
566.13
567.14
568.18
569.25
570.28
571.32
572.28
573.28
574.34
575.32
576.32
577.33
578.35
579.31
580.35
581.46
582.49
583.52
584.61
585.76
586.82
587.91
589.02
590.08
591.05
591.97
592.95
593.89
594.75
595.67
596.55
597.5
598.56
599.58
600.63
601.5
602.33
603.2
604.1
605.05
605.93
606.83
607.79
608.72
609.71
610.63
611.5
612.4
613.34
614.34
615.29
616.28
617.33
618.38
619.39
620.38
621.41
622.41
623.37
624.38
625.37
626.42
627.45
628.41
629.52
630.55
631.57
632.64
633.67
634.67
635.73
636.8
637.85
638.86
639.9
640.92
641.98
