1.02
2.45
3.97
5.49
7.02
8.56
10.26
11.97
13.53
15.07
16.56
18.02
19.54
20.99
22.39
23.89
25.55
27.18
28.77
30.43
32.09
33.61
35.16
36.76
38.26
39.74
41.13
42.55
43.9
45.34
46.79
48.19
49.61
51.07
52.56
54.06
55.46
56.91
58.31
59.72
61.12
62.73
64.27
65.85
67.4
68.88
70.4
72.02
73.62
75.22
76.77
78.32
79.86
81.34
82.85
84.41
85.96
87.51
89.07
90.64
92.02
93.44
95.01
96.5
98.07
99.61
101.15
102.62
104.06
105.46
106.87
108.43
109.96
111.41
112.82
114.23
115.81
117.45
119.29
121.35
123.09
124.67
126.24
127.84
129.43
131.04
132.66
134.28
135.91
137.53
139.11
140.7
142.21
143.66
145.1
146.62
148.06
149.53
151.0
152.52
154.03
155.48
156.99
158.53
160.03
161.61
163.1
164.57
166.04
167.49
169.04
170.5
171.94
173.39
174.83
176.26
177.74
179.22
180.72
182.2
183.71
185.2
186.64
188.13
189.6
190.99
192.34
193.85
195.46
197.0
198.63
200.28
201.95
203.64
205.26
206.91
208.57
210.33
211.94
213.54
215.12
216.68
218.25
219.89
221.54
223.21
224.88
226.56
228.18
229.78
231.48
233.1
234.67
236.26
237.8
239.38
241.03
242.63
244.26
245.92
247.8
249.56
251.19
252.76
254.37
255.97
257.71
259.56
261.22
262.79
264.33
266.04
267.79
269.51
271.2
272.96
274.55
276.19
277.83
279.57
281.42
283.33
285.17
286.99
288.88
290.74
292.58
294.43
296.31
298.21
300.15
302.05
303.67
305.17
306.79
308.35
309.92
311.73
313.64
315.45
317.02
318.58
320.15
321.66
323.15
324.73
326.27
327.86
329.44
330.94
332.39
333.89
335.41
336.93
338.52
340.12
341.65
343.13
344.59
346.0
347.4
349.05
350.57
352.03
353.43
354.84
356.49
358.38
360.28
