0.28
0.63
1.02
1.39
1.75
2.12
2.48
2.85
3.23
3.59
3.98
4.35
4.73
5.13
5.5
5.87
6.26
6.65
7.04
7.41
7.79
8.17
8.57
8.95
9.31
9.69
10.07
10.45
10.84
11.23
11.6
11.97
12.36
12.76
13.16
13.54
13.94
14.32
14.69
15.07
15.44
15.8
16.17
16.56
16.93
17.28
17.65
18.02
18.4
18.8
19.18
19.55
19.92
20.29
20.63
21.0
21.35
21.68
22.03
22.39
22.78
23.16
23.53
23.9
24.31
24.72
25.15
25.56
25.95
26.37
26.79
27.19
27.57
27.95
28.36
28.77
29.21
29.61
30.03
30.44
30.87
31.27
31.68
32.1
32.48
32.87
33.24
33.61
33.99
34.38
34.78
35.17
35.55
35.95
36.35
36.77
37.17
37.54
37.89
38.26
38.65
39.01
39.38
39.75
40.1
40.44
40.78
41.13
41.49
41.84
42.19
42.55
42.9
43.25
43.58
43.91
44.27
44.64
44.99
45.35
45.7
46.07
46.43
46.8
47.16
47.51
47.84
48.19
48.54
48.9
49.24
49.61
49.94
50.31
50.66
51.0
51.38
51.75
52.15
52.54
52.92
53.33
53.71
54.09
54.55
55.0
55.46
55.95
56.44
56.92
57.39
57.85
58.31
58.79
59.25
59.72
60.2
60.67
61.13
61.54
61.94
62.35
62.74
63.12
63.51
63.88
64.27
64.66
65.04
65.4
65.82
66.21
66.6
67.02
67.4
67.8
68.2
68.62
69.05
69.52
69.97
70.4
70.85
71.32
71.77
72.22
72.67
73.1
73.55
74.02
74.46
74.83
75.23
75.62
76.01
76.39
76.78
77.15
77.54
77.93
78.32
78.71
79.09
79.47
79.87
80.25
80.61
80.97
81.35
81.74
82.12
82.48
82.86
83.26
83.66
84.04
84.44
84.82
85.21
85.6
85.97
86.37
86.74
87.13
87.52
87.92
88.31
88.68
89.08
89.47
89.87
90.26
90.61
91.0
91.34
91.7
92.03
92.39
92.73
93.08
93.45
93.83
94.23
94.62
95.02
95.4
95.77
96.13
96.5
96.89
97.29
97.67
98.07
98.46
98.84
99.25
99.62
100.0
100.39
100.76
101.16
101.54
101.91
102.26
102.62
103.0
103.35
103.7
104.07
104.42
104.78
105.12
105.47
105.84
106.18
106.52
106.88
107.29
107.68
108.05
108.44
108.85
109.24
109.59
109.96
110.35
110.7
111.05
111.41
111.79
112.13
112.48
112.82
113.19
113.52
113.87
114.24
114.64
115.03
115.43
115.81
116.2
116.62
117.03
117.48
117.92
118.39
118.82
119.29
119.74
120.19
120.64
121.07
121.5
121.9
122.34
122.72
123.1
123.49
123.89
124.29
124.68
125.05
125.45
125.84
126.25
126.63
127.03
127.44
127.85
128.24
128.63
129.03
129.44
129.85
130.25
130.65
131.05
131.44
131.86
132.28
132.67
133.1
133.48
133.89
134.28
134.68
135.09
135.5
135.91
136.33
136.75
137.15
137.54
137.91
138.31
138.72
139.12
139.5
139.9
140.31
140.71
141.07
141.47
141.83
142.22
142.59
142.96
143.32
143.66
144.03
144.39
144.75
145.1
145.48
145.86
146.25
146.62
147.0
147.37
147.73
148.07
148.43
148.8
149.17
149.53
149.9
150.29
150.65
151.01
151.38
151.77
152.14
152.53
152.9
153.27
153.65
154.04
154.42
154.78
155.15
155.49
155.87
156.25
156.61
157.0
157.39
157.78
158.16
158.53
158.91
159.28
159.66
160.04
160.44
160.85
161.24
161.61
161.99
162.36
162.74
163.1
163.46
163.83
164.2
164.58
164.96
165.33
165.68
166.05
166.4
166.78
167.13
167.5
167.9
168.3
168.67
169.04
169.41
169.79
170.15
170.5
170.88
171.23
171.59
171.94
172.31
172.68
173.05
173.4
173.76
174.12
174.49
174.84
175.2
175.57
175.92
176.27
176.63
177.01
177.37
177.75
178.12
178.49
178.86
179.23
179.59
179.97
180.34
180.72
181.09
181.46
181.84
182.21
182.58
182.96
183.33
183.72
184.08
184.45
184.82
185.2
185.57
185.92
186.28
186.65
187.03
187.39
187.75
188.13
188.5
188.86
189.23
189.6
189.98
190.38
190.8
191.2
191.59
191.97
192.34
192.72
193.11
193.48
193.86
194.27
194.68
195.08
195.46
195.85
196.23
196.62
197.01
197.41
197.81
198.22
198.63
199.13
199.64
200.1
200.59
201.08
201.5
201.94
202.37
202.78
203.23
203.66
204.06
204.44
204.85
205.26
205.68
206.09
206.49
206.92
207.34
207.75
208.16
208.58
209.01
209.47
209.9
210.34
210.77
211.22
211.69
212.14
212.59
213.02
213.5
213.96
214.43
214.92
215.39
215.87
216.35
216.85
217.33
217.78
218.26
218.72
219.2
219.66
220.15
220.6
221.08
221.55
221.95
222.37
222.81
223.21
223.64
224.05
224.47
224.89
225.33
225.74
226.15
226.57
226.97
227.37
227.8
228.2
228.58
229.0
229.38
229.78
230.22
230.63
231.05
231.48
231.87
232.28
232.69
233.07
233.47
233.87
234.28
234.68
235.08
235.47
235.86
236.27
236.66
237.03
237.44
237.81
238.22
238.59
238.99
239.39
239.83
240.24
240.67
241.04
241.43
241.82
242.23
242.64
243.06
243.45
243.85
244.27
244.66
245.05
245.47
245.92
246.41
246.88
247.35
247.8
248.28
248.76
249.15
249.57
249.98
250.38
250.78
251.2
251.6
252.0
252.38
252.78
253.18
253.58
253.98
254.38
254.8
255.19
255.59
255.98
256.38
256.8
257.18
257.58
257.98
258.4
258.78
259.2
259.58
260.0
260.4
260.82
261.22
261.63
262.01
262.41
262.8
263.17
263.58
263.96
264.34
264.74
265.15
265.59
266.05
266.49
266.91
267.37
267.8
268.22
268.65
269.1
269.52
269.93
270.34
270.77
271.22
271.69
272.13
272.54
272.96
273.37
273.76
274.15
274.56
274.96
275.39
275.79
276.2
276.6
277.01
277.42
277.84
278.28
278.7
279.11
279.52
279.98
280.46
280.95
281.42
281.89
282.37
282.85
283.33
283.8
284.28
284.72
285.18
285.61
286.06
286.52
287.0
287.47
287.94
288.42
288.89
289.36
289.83
290.3
290.75
291.23
291.67
292.15
292.59
293.05
293.53
293.99
294.44
294.89
295.35
295.84
296.32
296.78
297.26
297.75
298.22
298.71
299.19
299.66
300.16
300.64
301.11
301.58
302.05
302.51
302.89
303.28
303.67
304.05
304.43
304.82
305.18
305.59
305.98
306.4
306.8
307.18
307.58
307.96
308.35
308.74
309.14
309.54
309.93
310.32
310.68
311.02
311.38
311.74
312.12
312.48
312.84
313.18
313.54
313.92
314.29
314.68
315.07
315.46
315.86
316.24
316.65
317.03
317.43
317.81
318.2
318.59
318.99
319.38
319.76
320.16
320.53
320.9
321.28
321.67
322.06
322.42
322.78
323.16
323.55
323.95
324.33
324.73
325.12
325.51
325.89
326.28
326.68
327.08
327.47
327.87
328.26
328.66
329.06
329.45
329.84
330.24
330.61
330.95
331.33
331.67
332.05
332.39
332.78
333.13
333.5
333.9
334.26
334.66
335.04
335.42
335.78
336.16
336.54
336.94
337.34
337.75
338.14
338.53
338.93
339.34
339.75
340.13
340.49
340.87
341.27
341.66
342.05
342.41
342.77
343.14
343.53
343.88
344.24
344.6
344.98
345.32
345.66
346.01
346.37
346.72
347.07
347.41
347.83
348.22
348.63
349.06
349.47
349.85
350.21
350.57
350.95
351.31
351.67
352.04
352.41
352.76
353.1
353.44
353.8
354.15
354.49
354.85
355.26
355.64
356.04
356.5
356.97
357.43
357.89
358.39
358.87
359.33
359.83
360.31
360.78
361.25
361.73
362.21
362.69
363.17
363.65
