0.3
0.68
1.04
1.43
1.8
2.18
2.56
2.96
3.33
3.7
4.06
4.42
4.78
5.17
5.52
5.89
6.26
6.64
7.04
7.42
7.78
8.16
8.58
9.0
9.39
9.8
10.2
10.6
11.02
11.39
11.78
12.16
12.55
12.91
13.29
13.67
14.03
14.39
14.77
15.15
15.5
15.87
16.25
16.66
17.09
17.52
17.92
18.31
18.67
19.02
19.37
19.71
20.03
20.37
20.71
21.05
21.39
21.76
22.15
22.52
22.87
23.24
23.62
24.02
24.4
24.76
25.16
25.52
25.9
26.3
26.66
27.05
27.44
27.81
28.21
28.61
29.0
29.37
29.76
30.16
30.59
31.02
31.47
31.89
32.27
32.63
32.99
33.38
33.74
34.15
34.52
34.95
35.34
35.77
36.22
36.65
37.06
37.51
37.97
38.42
38.88
39.33
39.78
40.21
40.68
41.13
41.57
42.01
42.45
42.87
43.31
43.75
44.19
44.67
45.13
45.57
46.04
46.5
46.95
47.42
47.89
48.35
48.81
49.25
49.71
50.17
50.63
51.11
51.56
52.04
52.51
52.96
53.41
53.87
54.34
54.81
55.3
55.75
56.2
56.65
57.09
57.55
58.01
58.46
58.92
59.4
59.89
60.35
60.85
61.34
61.82
62.33
62.8
63.3
63.76
64.25
64.74
65.23
65.71
66.21
66.61
67.05
67.43
67.84
68.25
68.63
69.03
69.45
69.85
70.25
70.63
71.05
71.45
71.83
72.22
72.6
72.96
73.34
73.73
74.12
74.48
74.86
75.25
75.64
76.0
76.38
76.79
77.18
77.55
77.92
78.31
78.68
79.05
79.37
79.7
80.02
80.36
80.72
81.08
81.44
81.82
82.18
82.53
82.89
83.26
83.61
83.96
84.32
84.68
85.05
85.42
85.81
86.18
86.58
86.96
87.32
87.7
88.08
88.45
88.8
89.17
89.55
89.95
90.32
90.71
91.08
91.45
91.83
92.23
92.59
92.99
93.35
93.74
94.11
94.49
94.88
95.26
95.65
96.03
96.41
96.78
97.13
97.5
97.89
98.24
98.57
98.92
99.28
99.63
99.97
100.3
100.66
100.99
101.32
101.63
101.97
102.31
102.62
102.95
103.28
103.64
103.99
104.33
104.7
105.09
105.46
105.85
106.22
106.6
107.0
107.36
107.74
108.09
108.48
108.84
109.2
109.59
109.95
110.31
110.7
111.06
111.42
111.82
112.21
112.63
113.06
113.51
113.94
114.36
114.79
115.21
115.6
115.99
116.38
116.77
117.16
117.55
117.92
118.31
118.7
119.11
119.5
119.88
120.23
120.61
120.97
121.36
121.72
122.1
122.46
122.86
123.26
123.65
124.02
124.42
124.82
125.24
125.62
126.02
126.43
126.84
127.2
127.6
127.96
128.36
128.73
129.08
129.46
129.84
130.23
130.65
131.04
131.43
131.83
132.25
132.63
133.01
133.42
133.79
134.18
134.55
134.94
135.33
135.71
136.06
136.44
136.8
137.17
137.56
137.9
138.23
138.56
138.92
139.25
139.58
139.94
140.31
140.67
141.01
141.37
141.73
142.06
142.39
142.74
143.09
143.46
143.8
144.16
144.51
144.84
145.19
145.55
145.9
146.25
146.6
146.96
147.32
147.67
148.03
148.39
148.75
149.1
149.46
149.81
150.16
150.51
150.86
151.21
151.56
151.9
152.25
152.59
152.94
153.3
153.68
154.04
154.39
154.73
155.08
155.42
155.77
156.13
156.48
156.83
157.18
157.53
157.89
158.24
158.6
158.94
159.29
159.65
159.99
160.33
160.71
161.06
161.42
161.76
162.13
162.47
162.83
163.17
163.52
163.88
164.22
164.57
164.92
165.27
165.62
165.99
166.35
166.71
167.07
167.43
167.78
168.14
168.5
168.85
169.21
169.56
169.9
170.26
170.6
170.95
171.3
171.65
172.0
172.35
172.7
173.05
173.41
173.76
174.12
174.48
174.83
175.18
175.52
175.89
176.26
176.62
176.96
177.3
177.66
178.0
178.37
178.7
179.07
179.41
179.78
180.12
180.48
180.82
181.17
181.51
181.87
182.22
182.57
182.91
183.27
183.62
183.98
184.32
184.67
185.02
185.37
185.72
186.07
186.44
186.8
187.16
187.51
187.87
188.22
188.58
188.93
189.29
189.65
190.0
190.35
190.68
191.03
191.42
191.77
192.17
192.55
192.93
193.29
193.69
194.09
194.51
194.91
195.29
195.69
196.11
196.52
196.94
197.38
197.8
198.19
198.59
198.98
199.36
199.74
200.15
200.52
200.91
201.32
201.69
202.08
202.47
202.88
203.25
203.65
204.08
204.49
204.88
205.3
205.7
206.13
206.54
206.93
207.37
207.79
208.24
208.66
209.08
209.53
209.96
210.37
210.8
211.23
211.66
212.11
212.53
212.95
213.4
213.83
214.25
214.67
215.12
215.54
215.99
216.44
216.86
217.28
217.72
218.12
218.52
218.92
219.31
219.7
220.07
220.46
220.87
221.26
221.63
222.02
222.41
222.81
223.21
223.56
223.95
224.3
224.68
225.07
225.45
225.86
226.24
226.6
226.98
227.36
227.71
228.09
228.45
228.84
229.2
229.57
229.96
230.38
230.78
231.17
231.56
231.97
232.36
232.76
233.18
233.58
233.98
234.36
234.77
235.16
235.56
235.96
236.37
236.8
237.19
237.56
237.97
238.34
238.76
239.17
239.61
240.01
240.45
240.86
241.26
241.66
242.07
242.49
242.87
243.25
243.61
243.99
244.36
244.75
245.11
245.5
245.87
246.26
246.65
247.03
247.38
247.75
248.12
248.52
248.89
249.26
249.64
250.02
250.42
250.83
251.23
251.64
252.02
252.4
252.77
253.16
253.54
253.91
254.26
254.64
254.99
255.34
255.71
256.09
256.51
256.92
257.32
257.73
258.16
258.55
258.95
259.35
259.77
260.17
260.55
260.95
261.35
261.77
262.16
262.53
262.9
263.3
263.69
264.08
264.51
264.92
265.31
265.72
266.14
266.54
266.93
267.31
267.71
268.11
268.52
268.94
269.39
269.81
270.24
270.71
271.17
271.62
272.09
272.53
272.98
273.44
273.89
274.33
274.81
275.26
275.82
276.38
276.95
277.53
278.09
278.65
279.32
279.95
280.58
281.22
281.88
282.5
283.22
283.94
284.62
285.35
286.08
286.82
287.51
288.22
288.99
289.69
290.41
291.16
291.88
292.63
293.47
294.25
295.04
295.86
296.63
297.47
298.36
299.18
300.02
300.79
301.64
302.43
303.24
303.96
304.74
305.52
306.24
306.99
307.75
308.51
309.33
310.09
310.84
311.62
312.27
312.92
313.66
314.41
315.15
315.89
316.6
317.34
318.07
318.82
319.7
320.55
321.37
322.12
322.92
323.68
324.43
325.24
326.03
326.8
327.6
328.37
329.16
329.89
330.67
331.36
332.05
332.75
333.45
334.11
334.78
335.46
336.16
336.89
337.66
338.34
339.06
339.75
340.49
341.15
341.84
342.52
343.22
343.96
344.68
345.5
346.28
347.02
347.81
348.61
349.36
350.14
350.92
351.7
352.52
