1.04
4.05
7.03
10.2
13.28
16.24
19.44
22.53
25.51
28.61
31.88
34.95
37.72
40.45
43.13
45.9
48.67
51.1
53.87
56.65
59.39
62.32
65.23
67.66
70.0
72.21
73.72
75.25
76.76
78.3
79.69
81.07
82.52
83.95
85.42
87.06
88.79
90.32
91.83
93.34
94.88
96.4
97.87
99.28
100.65
101.96
103.27
104.69
106.21
107.62
108.94
110.31
111.81
113.5
115.27
117.15
118.69
120.22
121.72
123.25
124.81
126.31
127.68
129.07
130.64
132.24
133.78
135.32
136.84
138.22
139.59
141.0
142.39
143.8
145.19
146.59
148.02
149.46
150.85
152.24
153.68
155.08
156.47
157.89
159.28
160.7
162.12
163.51
164.91
166.35
167.77
169.2
170.59
171.99
173.4
174.82
176.26
177.65
179.06
180.47
181.87
183.26
184.67
186.07
187.51
188.93
190.34
191.73
193.28
194.9
196.49
198.18
199.73
201.31
202.87
204.48
206.12
207.9
209.76
211.58
213.4
215.13
216.85
218.55
220.27
222.01
223.58
225.06
226.6
228.08
229.56
231.17
232.75
234.35
235.95
237.55
239.17
240.85
242.49
243.99
245.5
247.02
248.51
250.01
251.63
253.16
254.63
256.09
257.72
259.35
260.95
262.5
264.07
265.71
267.3
268.94
270.71
272.53
274.32
276.16
277.97
279.95
282.49
285.35
288.22
291.15
294.24
298.01
301.63
304.73
307.75
310.83
314.01
316.95
319.9
322.91
326.02
329.15
332.04
334.78
337.65
340.48
343.21
346.38
