0.15
0.51
0.86
1.22
1.59
1.96
2.32
2.66
3.03
3.4
3.77
4.13
4.51
4.91
5.3
5.68
6.07
6.45
6.82
7.19
7.57
7.96
8.34
8.73
9.13
9.55
9.95
10.35
10.73
11.15
11.54
11.94
12.33
12.73
13.14
13.53
13.93
14.33
14.74
15.14
15.54
15.93
16.33
16.74
17.16
17.61
18.04
18.47
18.89
19.32
19.75
20.19
20.61
21.03
21.46
21.88
22.31
22.76
23.18
23.58
24.01
24.41
24.78
25.18
25.57
25.96
26.34
26.74
27.14
27.54
27.96
28.37
28.77
29.2
29.64
30.09
30.51
30.93
31.33
31.75
32.14
32.54
32.94
33.35
33.77
34.17
34.59
34.99
35.4
35.84
36.25
36.66
37.07
37.48
37.9
38.33
38.75
39.16
39.57
39.98
40.4
40.81
41.22
41.64
42.05
42.45
42.87
43.26
43.67
44.08
44.5
44.92
45.34
45.77
46.19
46.58
46.99
47.37
47.78
48.17
48.54
48.93
49.35
49.77
50.2
50.61
51.02
51.43
51.81
52.22
52.63
53.05
53.48
53.9
54.31
54.73
55.18
55.6
56.03
56.45
56.89
57.3
57.72
58.14
58.57
58.99
59.41
59.83
60.26
60.7
61.15
61.59
62.04
62.48
62.89
63.3
63.72
64.13
64.53
64.93
65.35
65.75
66.17
66.59
67.02
67.47
67.9
68.31
68.74
69.16
69.57
69.99
70.4
70.82
71.24
71.67
72.09
72.52
72.93
73.34
73.74
74.14
74.54
74.95
75.35
75.73
76.15
76.54
76.95
77.37
77.8
78.22
78.63
79.05
79.47
79.9
80.33
80.75
81.15
81.55
81.95
82.37
82.77
83.16
83.56
83.97
84.4
84.83
85.27
85.68
86.09
86.49
86.89
87.32
87.72
88.13
88.54
88.95
89.36
89.78
90.18
90.59
91.0
91.43
91.83
92.26
92.67
93.1
93.51
93.92
94.33
94.75
95.16
95.58
96.01
96.42
96.83
97.23
97.63
98.04
98.47
98.9
99.32
99.73
100.12
100.53
100.94
101.37
101.8
102.21
102.62
103.04
103.46
103.88
104.32
104.74
105.15
105.55
105.97
106.4
106.81
107.22
107.66
108.06
108.49
108.91
109.33
109.74
110.17
110.57
110.98
111.38
111.82
112.25
112.7
113.13
113.59
114.03
114.45
114.9
115.33
115.79
116.22
116.66
117.09
117.53
118.0
118.43
118.91
119.35
119.81
120.29
120.73
121.21
121.67
