0.4
1.09
1.78
2.46
3.12
3.77
4.41
5.05
5.72
6.36
6.97
7.62
8.3
8.93
9.58
10.21
10.94
11.65
12.32
13.01
13.67
14.35
15.04
15.73
16.33
16.94
17.54
18.15
18.77
19.4
20.0
20.59
21.19
21.82
22.43
23.06
23.69
24.29
24.9
25.53
26.19
26.81
27.43
28.02
28.64
29.26
29.95
30.59
31.21
31.89
32.63
33.36
34.06
34.77
35.44
36.09
36.77
37.46
38.04
38.63
39.23
39.84
40.46
41.08
41.67
42.28
42.86
43.51
44.15
44.77
45.44
46.06
46.65
47.27
47.91
48.54
49.13
49.75
50.38
51.02
51.72
52.34
53.01
53.66
54.41
55.12
55.82
56.46
57.07
57.67
58.28
58.89
59.56
60.29
60.98
61.64
62.26
62.87
63.51
64.14
64.78
65.42
66.04
66.7
67.33
67.96
68.57
69.31
70.03
70.74
71.47
72.22
72.92
73.54
74.2
74.88
75.54
76.19
76.8
77.42
78.07
78.67
79.3
79.93
80.5
81.13
81.7
82.33
82.98
83.62
84.26
84.91
85.53
86.19
86.85
87.47
88.12
88.78
89.39
90.04
90.74
91.47
92.17
92.83
93.53
94.27
94.96
95.63
96.33
97.06
97.73
98.43
99.12
99.75
100.35
100.97
101.63
102.38
103.06
103.71
104.36
105.01
105.61
106.22
106.87
107.46
108.09
108.73
109.4
110.01
110.68
111.29
111.96
112.58
113.18
113.8
114.44
115.05
115.6
116.18
116.79
117.35
117.93
118.5
119.11
119.65
120.19
120.71
121.24
121.78
122.35
122.95
123.51
124.09
124.63
125.15
125.71
126.25
126.77
127.33
127.92
128.47
129.02
129.57
130.16
130.72
131.24
131.79
132.34
132.9
133.47
134.02
134.55
135.11
135.65
136.19
136.75
137.29
137.84
138.42
138.97
139.52
140.04
140.55
141.09
141.64
142.18
142.76
143.37
143.95
144.48
145.07
145.54
146.04
146.55
147.05
147.57
148.04
148.57
149.1
149.63
150.12
150.63
151.15
151.68
152.22
152.75
153.28
153.82
154.4
154.95
155.47
156.02
156.62
157.23
157.79
158.41
158.99
159.53
160.08
160.67
161.21
161.79
162.32
162.89
163.44
164.03
164.56
165.15
165.69
166.24
166.81
167.4
167.98
168.54
169.05
169.58
170.12
170.65
171.18
171.69
172.3
172.95
173.61
174.27
174.9
175.45
176.02
176.63
177.18
177.77
178.39
178.94
179.54
180.09
180.68
181.25
181.76
182.28
182.81
183.36
183.89
184.45
185.07
185.65
186.22
186.85
187.42
188.02
188.68
189.3
189.96
190.59
191.34
192.01
192.74
193.53
194.32
195.14
195.91
196.67
197.49
198.27
199.0
199.81
200.56
201.33
202.08
202.88
203.62
204.37
205.15
205.91
206.61
207.36
208.06
208.79
209.6
210.35
211.14
211.87
212.66
213.34
214.04
214.68
215.36
216.05
216.76
217.4
218.1
218.74
219.38
219.96
220.53
221.12
221.74
222.3
222.92
223.52
224.16
224.77
225.37
225.94
226.57
227.15
227.74
228.34
228.96
229.57
230.16
230.71
231.31
231.88
232.42
232.99
233.57
234.18
234.75
235.32
235.89
236.47
237.03
237.59
238.11
238.66
239.21
239.78
240.37
241.03
241.64
242.29
242.89
243.52
244.18
244.77
245.34
245.91
246.51
247.08
247.66
248.23
248.85
249.42
250.03
250.61
251.18
251.75
252.32
252.93
253.57
254.16
254.72
255.28
255.83
256.39
256.94
257.48
258.06
258.6
259.17
259.71
260.27
260.83
261.37
261.94
262.46
263.03
263.58
264.11
264.69
265.21
265.77
266.35
266.89
267.47
268.09
268.65
269.25
269.85
270.41
270.94
271.5
272.03
272.6
273.23
273.8
274.42
274.97
275.53
276.09
276.64
277.22
277.77
278.29
278.81
279.35
279.9
280.42
280.96
281.44
281.95
282.46
282.99
283.49
284.04
284.56
285.08
285.6
286.16
286.68
287.19
287.72
288.28
288.82
289.36
289.9
290.49
291.11
291.74
292.25
292.78
293.31
293.82
294.33
294.86
295.4
295.91
296.49
297.08
297.67
298.23
298.81
299.34
299.89
300.46
300.99
301.5
302.04
302.57
303.1
303.59
304.13
304.66
305.22
305.77
306.38
306.99
307.58
308.18
308.83
309.42
310.07
310.67
311.3
311.9
312.55
313.16
313.79
314.45
315.06
315.68
316.24
316.8
317.34
317.91
318.46
319.0
319.55
320.07
320.61
321.15
321.67
322.21
322.73
323.26
323.8
324.37
324.97
325.53
326.07
326.64
327.18
327.7
328.24
328.75
329.28
329.79
330.34
330.86
331.38
331.89
332.41
332.94
333.43
333.96
334.49
335.01
335.52
336.04
336.55
337.1
337.63
338.15
338.69
339.24
339.79
340.36
340.97
341.55
342.1
342.66
343.21
343.76
344.33
344.89
345.41
345.95
346.47
347.01
347.54
348.06
348.58
349.1
349.63
350.14
350.67
351.19
351.71
352.24
352.77
353.3
353.82
354.34
354.86
355.4
355.95
356.49
357.01
357.54
358.1
358.63
359.16
359.68
360.22
360.73
361.26
361.76
362.28
362.85
363.38
363.9
364.44
364.98
365.55
366.09
366.63
367.19
367.78
368.34
368.88
369.41
369.97
370.51
371.12
371.75
372.37
372.95
373.59
374.17
374.79
375.44
376.06
376.66
377.27
378.03
378.72
379.45
380.19
380.87
381.63
382.39
383.15
383.9
384.62
385.37
386.16
386.87
387.63
388.38
389.17
389.9
390.61
391.24
391.93
392.58
393.29
393.96
394.68
395.36
395.99
396.62
397.25
397.9
398.56
399.2
399.81
400.45
401.05
401.64
402.25
402.89
403.5
404.1
404.69
405.32
405.94
406.52
407.13
407.77
408.37
409.02
409.63
410.2
410.78
411.34
411.9
412.5
413.04
413.63
414.22
414.79
415.36
415.94
416.55
417.12
417.69
418.27
418.89
419.48
420.05
420.64
421.2
421.78
422.34
422.91
423.52
424.1
424.69
425.27
425.82
426.37
426.93
427.52
428.01
428.52
428.99
429.51
430.04
430.6
431.14
431.69
432.27
432.87
433.43
433.97
434.53
435.12
435.66
436.21
436.77
437.32
437.83
438.37
438.95
439.5
440.09
440.65
441.22
441.78
442.39
442.98
443.57
444.19
444.75
445.34
445.9
446.46
447.07
447.62
448.2
448.78
449.36
449.95
450.54
451.09
451.65
452.24
452.83
453.4
453.97
454.5
455.07
455.6
456.15
456.7
457.17
457.67
458.19
458.74
459.31
459.85
460.4
460.94
461.52
462.09
462.67
463.28
463.85
464.41
465.01
465.6
466.17
466.78
467.42
468.03
468.67
469.29
469.89
470.5
471.14
471.82
472.5
473.27
474.03
474.74
475.51
476.24
477.0
477.93
478.78
479.66
480.6
481.46
482.41
483.26
484.09
484.86
485.6
486.34
487.13
487.85
488.57
489.3
490.04
490.79
491.71
492.54
493.45
494.25
495.0
495.75
496.53
497.26
497.93
498.64
499.36
500.08
500.8
501.51
502.19
502.98
503.8
504.55
505.34
506.15
506.93
507.66
508.38
509.2
510.02
510.82
511.58
512.46
513.33
514.18
515.03
515.88
516.66
517.49
518.38
519.27
520.2
521.07
521.88
522.75
523.61
524.57
525.55
526.5
527.45
528.38
529.31
530.27
531.24
532.14
533.05
533.95
534.9
