1.08
3.77
6.36
8.92
11.61
14.34
16.96
19.4
21.82
24.28
26.94
29.94
32.62
35.43
38.03
40.45
42.85
45.43
47.91
50.99
53.66
56.45
58.88
61.64
64.13
66.7
69.31
72.22
74.85
77.42
79.94
82.97
85.52
88.12
90.73
93.91
97.06
99.74
102.38
105.83
108.88
111.96
114.42
116.78
119.1
121.23
123.5
125.69
127.92
130.16
132.29
134.28
136.36
138.49
140.54
142.76
145.07
147.04
149.1
151.14
153.27
155.65
158.41
161.21
163.89
166.72
169.43
172.28
174.9
177.71
180.9
184.44
187.91
191.01
194.05
197.02
200.01
203.42
206.91
210.33
213.68
216.76
219.77
222.64
225.74
228.96
232.41
235.32
238.39
241.03
243.53
245.9
248.23
250.6
252.93
255.28
257.47
259.7
261.93
264.12
266.35
268.65
270.93
273.26
275.52
277.76
279.89
281.94
284.03
286.15
288.27
290.48
293.13
295.9
298.8
301.67
304.48
307.57
310.07
312.54
315.05
317.34
319.54
321.67
323.81
326.06
328.23
330.33
332.4
334.49
336.54
338.68
340.96
343.19
345.4
347.54
349.62
351.7
353.81
355.94
358.1
360.22
362.27
364.44
366.35
368.35
370.5
372.94
375.43
378.04
380.84
383.89
386.78
389.34
391.93
394.68
397.51
400.44
402.89
405.32
407.76
410.2
412.48
414.78
417.11
419.43
421.76
424.09
426.36
428.61
430.77
432.87
435.11
437.3
439.49
441.79
444.18
446.47
448.76
451.08
453.4
455.6
457.81
460.02
462.42
465.0
467.42
469.88
472.51
475.5
478.77
482.39
485.6
488.55
491.7
494.99
497.92
500.79
503.79
506.92
510.01
513.28
516.71
520.19
523.6
