1.03
3.61
6.17
8.7
11.37
14.36
17.42
20.45
23.42
26.08
28.74
31.44
34.18
37.07
40.43
43.6
46.7
49.38
52.06
54.69
57.24
59.93
62.79
65.47
67.91
70.51
73.12
75.71
78.34
81.09
83.8
86.56
89.11
91.62
94.26
96.78
99.56
102.45
105.0
107.51
110.15
113.07
116.44
119.45
121.79
123.99
126.26
128.43
130.63
132.92
135.21
137.54
139.8
142.05
144.36
146.61
148.85
151.21
153.74
156.13
158.45
160.92
163.29
165.63
167.98
170.38
172.69
174.95
177.34
179.71
182.09
184.36
186.71
189.17
191.44
193.66
196.05
199.21
202.32
205.4
208.37
211.26
214.44
217.34
220.07
222.92
225.41
227.63
229.8
231.95
234.06
236.1
238.37
240.58
242.64
244.73
247.18
249.44
251.53
253.86
256.17
258.5
260.86
262.98
265.19
267.42
269.87
272.39
274.75
277.02
279.25
281.39
283.61
285.77
287.92
290.08
292.22
294.3
296.43
298.56
300.71
302.73
304.89
306.92
309.06
311.28
313.39
315.74
318.19
320.45
322.55
324.57
326.67
328.66
330.73
332.76
334.81
336.91
339.15
341.3
343.54
345.68
347.79
350.02
352.16
354.33
356.48
358.62
360.82
363.0
365.16
367.28
369.71
372.04
374.3
376.65
379.17
381.6
384.01
386.62
389.45
392.32
395.01
397.69
400.33
402.55
404.79
406.93
408.97
411.06
413.38
415.75
418.07
420.4
422.76
425.09
427.45
429.85
432.18
434.58
437.21
439.75
442.14
444.42
446.76
448.9
451.16
453.41
455.73
458.55
461.9
465.24
468.42
471.58
474.58
477.49
479.96
482.48
485.09
487.6
490.22
492.94
495.67
498.21
500.75
503.61
507.21
510.44
513.63
