0.38
1.04
1.69
2.3
2.96
3.61
4.25
4.89
5.5
6.14
6.78
7.42
8.08
8.7
9.34
10.02
10.64
11.38
12.06
12.8
13.59
14.38
15.16
15.93
16.67
17.42
18.21
18.82
19.49
20.1
20.8
21.46
22.11
22.77
23.43
24.07
24.74
25.42
26.08
26.76
27.44
28.07
28.74
29.43
30.09
30.79
31.44
32.12
32.8
33.52
34.19
34.88
35.59
36.32
37.08
37.98
38.78
39.63
40.44
41.22
41.97
42.73
43.52
44.22
44.84
45.46
46.08
46.72
47.38
48.05
48.72
49.39
50.04
50.73
51.41
52.07
52.7
53.38
54.04
54.7
55.37
55.99
56.65
57.25
57.88
58.54
59.22
59.93
60.62
61.32
62.04
62.81
63.52
64.21
64.84
65.47
66.09
66.69
67.34
67.93
68.55
69.18
69.84
70.51
71.18
71.83
72.48
73.12
73.75
74.41
75.05
75.71
76.35
77.01
77.68
78.35
79.05
79.75
80.42
81.09
81.76
82.43
83.08
83.8
84.53
85.25
85.89
86.56
87.19
87.84
88.45
89.11
89.71
90.35
90.99
91.63
92.3
92.94
93.6
94.26
94.91
95.51
96.16
96.78
97.45
98.1
98.85
99.57
100.33
101.07
101.79
102.46
103.14
103.75
104.39
105.01
105.62
106.24
106.86
107.51
108.12
108.72
109.4
110.16
110.9
111.61
112.25
112.86
113.45
114.05
114.68
115.28
115.87
116.45
117.06
117.68
118.28
118.88
119.46
120.07
120.66
121.22
121.79
122.34
122.87
123.42
124.0
124.57
125.15
125.69
126.27
126.8
127.36
127.91
128.44
129.0
129.55
130.1
130.64
131.19
131.77
132.34
132.92
133.49
134.04
134.62
135.21
135.79
136.37
136.94
137.54
138.12
138.7
139.25
139.8
140.35
140.88
141.45
142.06
142.63
143.2
143.78
144.37
144.92
145.47
146.03
146.61
147.17
147.71
148.27
148.86
149.43
150.03
150.6
151.22
151.8
152.4
153.05
153.66
154.32
154.95
155.52
156.14
156.72
157.3
157.86
158.45
159.05
159.71
160.33
160.93
161.51
162.11
162.69
163.29
163.85
164.43
165.02
165.64
166.23
166.79
167.39
167.99
168.56
169.17
169.77
170.39
170.98
171.54
172.11
172.69
173.26
173.82
174.39
174.96
175.54
176.12
176.71
177.34
177.94
178.5
179.09
179.71
180.31
180.9
181.48
182.09
182.67
183.22
183.78
184.37
184.96
185.52
186.12
186.71
187.31
187.9
188.52
189.18
189.8
190.35
190.88
191.44
191.99
192.56
193.1
193.66
194.25
194.84
195.44
196.06
196.65
197.27
197.84
198.46
199.12
199.82
200.46
201.1
201.73
202.33
202.99
203.59
204.22
204.89
205.5
206.17
206.91
207.61
208.37
209.09
209.78
210.51
211.27
212.05
212.82
213.61
214.45
215.23
215.91
216.62
217.35
218.06
218.72
219.36
220.07
220.82
221.49
222.2
222.95
223.61
224.31
224.85
225.42
225.97
226.53
227.09
227.64
228.17
228.72
229.25
229.81
230.34
230.89
231.41
231.95
232.49
232.99
233.54
234.06
234.57
235.07
235.59
236.11
236.66
237.21
237.79
238.38
238.93
239.51
240.05
240.58
241.1
241.61
242.14
242.65
243.16
243.67
244.2
244.74
245.31
245.85
246.41
246.92
247.42
247.92
248.39
248.93
249.45
249.97
250.5
251.0
251.54
252.13
252.7
253.27
253.86
254.44
255.01
255.58
256.18
256.74
257.35
257.93
258.51
259.09
259.69
260.26
260.86
261.36
261.87
262.4
262.98
263.52
264.09
264.64
265.19
265.73
266.29
266.85
267.42
267.96
268.5
269.07
269.59
270.18
270.74
271.3
271.83
272.4
273.01
273.56
274.14
274.76
275.34
275.92
276.48
277.03
277.59
278.16
278.72
279.26
279.8
280.32
280.84
281.39
281.93
282.49
283.04
283.62
284.17
284.71
285.24
285.78
286.34
286.88
287.38
287.92
288.46
288.99
289.54
290.08
290.6
291.14
291.67
292.22
292.76
293.27
293.79
294.31
294.85
295.38
295.91
296.43
296.97
297.49
298.03
298.56
299.11
299.64
300.17
300.72
301.26
301.76
302.23
302.73
303.28
303.83
304.36
304.89
305.42
305.91
306.42
306.92
307.43
307.94
308.51
309.07
309.59
310.15
310.72
311.29
311.82
312.33
312.86
313.4
313.93
314.51
315.12
315.77
316.36
316.98
317.63
318.2
318.81
319.35
319.9
320.46
321.0
321.54
322.06
322.56
323.07
323.56
324.08
324.58
325.1
325.63
326.14
326.67
327.17
327.68
328.17
328.67
329.17
329.7
330.22
330.73
331.21
331.73
332.24
332.76
333.26
333.78
334.29
334.82
335.35
335.86
336.37
336.92
337.48
338.08
338.65
339.16
339.7
340.23
340.76
341.3
341.85
342.4
342.96
343.54
344.07
344.59
345.13
345.69
346.21
346.73
347.26
347.8
348.37
348.92
349.47
350.02
350.57
351.09
351.63
352.16
352.68
353.23
353.78
354.33
354.88
355.4
355.93
356.48
357.01
357.52
358.07
358.63
359.19
359.72
360.26
360.83
361.36
361.9
362.45
363.01
363.55
364.09
364.65
365.21
365.68
366.18
366.73
367.28
367.89
368.47
369.07
369.72
370.41
370.96
371.5
372.04
372.59
373.14
373.74
374.31
374.92
375.48
376.08
376.66
377.28
377.92
378.58
379.18
379.79
380.36
380.96
381.59
382.16
382.76
383.4
384.01
384.65
385.25
385.89
386.63
387.33
387.95
388.57
389.21
389.8
390.42
391.08
391.7
392.34
393.04
393.69
394.33
395.01
395.7
396.33
397.0
397.7
398.41
399.05
399.7
400.33
400.99
401.51
402.03
402.56
403.11
403.66
404.22
404.79
405.32
405.89
406.41
406.93
407.44
407.96
408.48
408.98
409.48
409.99
410.5
411.07
411.62
412.16
412.74
413.38
413.99
414.56
415.14
415.73
416.35
416.91
417.53
418.08
418.69
419.26
419.83
420.41
421.0
421.56
422.18
422.77
423.32
423.93
424.48
425.09
425.64
426.24
426.85
427.46
428.11
428.72
429.28
429.86
430.41
430.98
431.56
432.18
432.76
433.37
433.96
434.59
435.2
435.79
436.49
437.22
437.92
438.52
439.16
439.76
440.37
440.96
441.53
442.14
442.73
443.28
443.85
444.43
445.01
445.58
446.15
446.76
447.31
447.83
448.36
448.91
449.47
450.01
450.57
451.17
451.71
452.3
452.84
453.42
453.96
454.51
455.08
455.63
456.18
456.72
457.28
457.84
458.37
458.93
459.5
460.16
460.83
461.56
462.28
463.02
463.78
464.49
465.25
466.08
466.84
467.63
468.43
469.21
469.99
470.79
471.59
472.34
473.15
473.88
474.6
475.37
476.14
476.89
477.68
478.35
479.1
479.75
480.48
481.17
481.84
482.5
483.13
483.78
484.45
485.09
485.75
486.33
486.95
487.61
488.26
488.89
489.52
490.23
490.94
491.63
492.3
492.95
493.59
494.26
494.94
495.68
496.33
496.98
497.59
498.23
498.85
499.46
500.08
500.76
501.45
502.12
502.83
503.6
504.33
505.02
505.78
506.53
507.26
508.02
508.81
509.61
510.45
511.27
512.04
512.83
513.65
514.45
515.27
516.07
516.83
517.67
518.47
519.23
520.07
