0.61
1.27
1.88
2.55
3.16
3.8
4.47
5.11
5.72
6.38
7.03
7.67
8.34
8.94
9.57
10.28
10.93
11.64
12.38
13.12
13.81
14.55
15.34
16.12
16.9
17.55
18.16
18.82
19.46
20.08
20.71
21.34
22.02
22.68
23.35
24.09
24.82
25.5
26.2
26.84
27.48
28.09
28.73
29.4
30.1
30.76
31.42
32.09
32.76
33.43
34.22
34.97
35.71
36.49
37.21
37.97
38.73
39.4
40.05
40.69
41.32
41.96
42.62
43.28
43.92
44.6
45.25
45.91
46.6
47.32
48.09
48.91
49.67
50.39
51.14
51.9
52.66
53.43
54.12
54.78
55.41
56.07
56.75
57.42
58.06
58.74
59.41
60.07
60.74
61.41
62.1
62.81
63.56
64.33
65.09
65.91
66.66
67.33
67.98
68.63
69.26
69.93
70.63
71.28
72.01
72.71
73.38
74.1
74.84
75.57
76.21
76.82
77.46
78.12
78.78
79.45
80.08
80.76
81.47
82.15
82.85
83.53
84.22
84.9
85.62
86.38
87.13
87.86
88.65
89.37
90.04
90.66
91.29
91.92
92.61
93.3
94.02
94.76
95.5
96.17
96.86
97.61
98.3
99.04
99.78
100.55
101.25
102.02
102.75
103.46
104.21
105.05
105.92
106.76
107.66
108.49
109.35
110.18
111.0
111.85
112.66
113.42
114.21
114.98
115.78
116.57
117.22
117.84
118.5
119.14
119.77
120.42
121.07
121.68
122.3
122.91
123.55
124.17
124.77
125.41
126.08
126.72
127.34
127.96
128.6
129.19
129.8
130.4
131.04
131.67
132.32
132.96
133.65
134.28
134.87
135.46
136.07
136.68
137.26
137.86
138.46
139.09
139.68
140.29
140.86
141.49
142.11
142.72
143.3
143.92
144.58
145.23
145.88
146.57
147.21
147.81
148.4
149.02
149.61
150.22
150.82
151.45
152.09
152.77
153.41
154.03
154.67
155.31
155.95
156.62
157.24
157.83
158.41
159.02
159.63
160.23
160.84
161.48
162.12
162.73
163.34
163.99
164.6
165.23
165.88
166.5
167.14
167.75
168.38
169.05
169.69
170.3
170.95
171.61
172.24
172.84
173.47
174.12
174.72
175.29
175.89
176.47
177.06
177.63
178.18
178.76
179.35
179.98
180.59
181.23
181.83
182.44
183.08
183.75
184.37
185.0
185.67
186.29
186.9
187.46
188.03
188.62
189.21
189.79
190.35
190.99
191.63
192.27
192.9
193.56
194.16
194.72
195.31
195.9
196.52
197.1
197.7
198.34
198.98
199.63
200.28
200.96
201.62
202.31
203.02
203.72
204.36
204.97
205.63
206.3
206.91
207.59
208.24
208.86
209.51
210.17
210.85
211.48
212.11
212.81
213.5
214.18
214.86
215.49
216.16
216.78
217.46
218.17
218.86
219.49
220.14
220.8
221.62
222.41
223.25
224.04
224.84
225.58
226.36
227.19
228.1
229.01
229.86
230.65
231.41
232.24
232.91
233.62
234.37
235.04
235.77
236.49
237.18
237.77
238.39
239.09
239.77
240.4
241.09
241.82
242.47
243.2
243.87
244.56
245.26
245.91
246.59
247.31
247.99
248.61
249.27
249.96
250.62
251.27
251.91
252.6
253.21
253.81
254.43
255.09
255.72
256.33
256.95
257.64
258.29
258.92
259.56
260.23
260.88
261.51
262.2
262.93
263.63
264.27
264.89
265.54
266.21
266.93
267.58
268.24
268.9
269.59
270.26
270.93
271.59
272.26
272.93
273.58
274.22
274.97
275.73
276.38
276.99
277.58
278.19
278.84
279.46
280.08
280.67
281.3
281.92
282.55
283.18
283.79
284.4
285.04
285.63
286.25
286.89
287.51
288.14
288.76
289.35
290.0
290.66
291.29
291.91
292.57
293.23
293.89
294.6
295.26
295.85
296.43
297.05
297.67
298.27
298.87
299.52
300.18
300.81
301.42
302.03
302.62
303.21
303.81
304.46
305.07
305.62
306.18
306.73
307.32
307.88
308.43
309.02
309.6
310.14
310.66
311.2
311.76
312.33
312.92
313.56
314.17
314.71
315.24
315.83
316.39
316.94
317.48
318.06
318.65
319.21
319.75
320.28
320.84
321.4
321.97
322.53
323.08
323.62
324.15
324.71
325.25
325.86
326.47
327.08
327.69
328.28
328.89
329.45
330.02
330.61
331.22
331.81
332.38
332.99
333.56
334.17
334.78
335.43
336.03
336.67
337.24
337.8
338.41
339.01
339.66
340.35
340.96
341.59
342.17
342.78
343.38
343.97
344.54
345.11
345.71
346.31
346.91
347.49
348.06
348.65
349.23
349.84
350.43
351.02
351.63
352.28
352.89
353.5
354.09
354.73
355.31
355.88
356.45
357.03
357.61
358.22
358.81
359.38
359.95
360.52
361.08
361.61
362.1
362.63
363.22
363.83
364.45
365.09
365.69
366.3
366.91
367.51
368.12
368.71
369.32
369.9
370.51
371.16
371.77
372.32
372.87
373.42
373.98
374.53
375.08
375.65
376.18
376.75
377.29
377.84
378.39
378.94
379.5
380.08
380.64
381.17
381.74
382.38
382.99
383.5
384.02
384.59
385.15
385.72
386.27
386.84
387.37
387.93
388.47
389.06
389.66
390.22
390.8
391.42
391.99
392.57
393.28
393.97
394.58
395.17
395.78
396.42
397.06
397.7
398.36
399.05
399.74
400.46
401.23
401.97
402.67
403.49
404.24
405.05
405.86
406.63
407.48
408.28
409.09
409.87
410.72
411.55
412.4
413.17
414.01
414.81
415.65
416.47
417.21
418.02
418.79
419.58
420.33
421.12
421.89
422.72
423.48
424.26
425.08
425.87
426.62
427.44
428.12
428.82
429.52
430.2
430.88
431.61
432.29
432.92
433.59
434.27
434.93
435.56
436.19
436.85
437.51
438.22
438.84
439.51
440.12
440.72
441.35
441.97
442.62
443.26
443.98
444.67
445.32
446.04
446.71
447.42
448.17
448.85
449.53
450.24
450.94
451.59
452.26
452.94
453.66
454.32
454.96
455.59
456.24
456.9
457.56
458.23
458.78
459.38
459.95
460.52
461.12
461.75
462.34
462.93
463.54
464.12
464.73
465.35
465.97
466.62
467.24
467.88
468.58
469.23
469.96
470.65
471.38
472.04
472.67
473.31
474.02
474.73
475.42
476.06
476.75
477.45
478.12
478.78
479.47
480.12
480.87
481.62
482.21
482.82
483.41
484.01
484.64
485.32
485.96
486.61
487.24
487.91
488.55
489.2
489.87
490.52
491.24
491.88
492.58
493.25
493.92
494.63
495.27
495.97
496.61
497.27
497.89
498.57
499.19
499.85
500.42
501.02
501.57
502.17
502.81
503.39
504.03
504.62
505.23
505.84
506.46
507.03
507.65
508.21
508.81
509.44
510.03
510.64
511.21
511.84
512.42
513.04
513.69
514.42
515.13
515.8
516.44
517.11
517.8
518.48
519.15
519.78
520.45
521.22
521.96
522.74
523.48
524.27
525.01
525.78
526.55
527.28
528.22
529.11
530.02
530.95
531.94
532.88
533.82
534.71
535.59
536.53
537.37
538.16
539.12
540.13
540.91
541.68
542.55
543.42
544.28
545.24
546.21
547.16
548.04
549.01
549.99
550.94
551.89
552.76
553.64
554.51
555.41
556.3
557.08
557.87
558.65
559.47
560.22
561.01
561.85
562.65
563.42
564.25
565.05
565.85
566.61
567.41
568.22
