1.03
3.84
6.4
8.94
11.64
14.54
17.54
20.07
22.67
25.5
28.08
30.75
33.43
36.48
39.41
41.97
44.59
47.32
50.35
52.88
55.4
58.06
60.74
63.55
66.65
69.25
72.0
74.84
78.11
80.76
83.53
86.38
89.36
91.91
94.75
98.55
102.39
105.91
109.34
112.66
115.76
118.49
121.07
123.54
126.08
128.55
131.03
133.64
136.68
139.88
143.18
146.56
149.01
151.45
154.03
156.61
159.02
161.48
163.98
166.49
169.04
171.6
174.11
176.47
178.76
181.25
184.36
187.45
190.55
193.6
196.51
198.97
201.61
204.2
206.62
209.03
211.47
214.17
217.34
220.79
224.04
227.17
230.65
233.62
236.46
239.08
241.78
244.56
247.31
249.95
252.57
255.09
257.64
260.23
262.92
265.53
268.24
270.93
273.57
275.72
277.38
279.05
280.67
282.32
284.02
285.62
287.27
289.1
290.86
292.56
294.29
296.03
297.66
299.31
301.01
302.62
304.15
305.62
307.12
308.62
310.13
311.56
313.12
314.7
316.18
317.68
319.2
320.65
322.2
323.79
325.25
326.88
328.46
330.02
331.6
333.15
334.77
336.67
339.02
341.58
343.97
346.3
348.64
351.01
353.49
355.59
357.9
360.24
362.63
365.08
367.51
369.89
372.31
374.52
376.74
378.93
381.18
383.49
385.72
387.93
390.22
392.58
395.17
397.7
400.45
403.33
405.97
408.55
411.08
413.76
416.46
419.58
422.71
425.86
428.82
431.58
434.27
436.85
439.48
441.97
444.69
447.4
450.24
452.88
456.24
459.75
462.93
466.19
469.44
472.66
476.75
480.39
482.81
485.32
487.9
490.62
493.83
497.25
500.79
504.39
507.92
511.63
515.57
518.92
521.96
525.02
528.22
532.05
536.14
539.33
542.55
546.2
549.93
553.63
557.86
