0.0
0.37
0.77
1.17
1.55
1.93
2.35
2.75
3.13
3.53
3.94
4.31
4.7
5.11
5.49
5.89
6.27
6.68
7.06
7.48
7.88
8.27
8.67
9.05
9.46
9.84
10.23
10.62
11.02
11.4
11.82
12.21
12.6
13.02
13.4
13.78
14.17
14.56
14.93
15.33
15.73
16.1
16.47
16.86
17.27
17.66
18.08
18.47
18.88
19.28
19.67
20.06
20.47
20.86
21.27
21.7
22.09
22.51
22.9
23.28
23.68
24.08
24.46
24.84
25.23
25.63
26.03
26.41
26.79
27.18
27.58
27.95
28.33
28.71
29.08
29.51
29.91
30.31
30.74
31.14
31.53
31.92
32.33
32.71
33.11
33.51
33.89
34.29
34.69
35.07
35.48
35.87
36.23
36.62
37.01
37.39
37.8
38.18
38.54
38.94
39.31
39.67
40.05
40.42
40.78
41.16
41.57
41.95
42.34
42.71
43.08
43.48
43.86
44.24
44.62
45.02
45.4
45.76
46.16
46.54
46.95
47.34
47.71
48.1
48.49
48.86
49.25
49.64
50.02
50.42
50.79
51.16
51.54
51.93
52.31
52.67
53.06
53.42
53.8
54.18
54.57
54.95
55.36
55.79
56.18
56.56
56.93
57.32
57.68
58.05
58.42
58.79
59.15
59.52
59.9
60.29
60.67
61.04
61.41
61.78
62.16
62.52
62.89
63.26
63.62
64.0
64.38
64.74
65.12
65.5
65.88
66.26
66.63
66.99
67.35
67.72
68.09
68.44
68.84
69.21
69.59
69.96
70.32
70.7
71.08
71.44
71.81
72.2
72.58
72.96
73.34
73.72
74.11
74.5
74.91
75.3
75.68
76.08
76.49
76.87
77.27
77.68
78.05
78.45
78.81
79.17
79.54
79.92
80.31
80.69
81.08
81.45
81.85
82.25
82.61
83.0
83.39
83.76
84.14
84.49
84.86
85.25
85.62
85.99
86.39
86.75
87.13
87.48
87.83
88.2
88.6
88.97
89.36
89.77
90.15
90.54
90.92
91.31
91.72
92.11
92.48
92.87
93.28
93.65
94.03
94.4
94.78
95.17
95.55
95.93
96.31
96.72
97.11
97.5
97.88
98.26
98.67
99.06
99.45
99.82
100.22
100.61
101.01
101.4
101.79
102.21
102.6
102.96
103.35
103.74
104.1
104.48
104.86
105.24
105.66
106.05
106.44
106.85
107.26
107.64
108.04
108.46
108.85
109.24
109.62
110.0
110.39
110.77
111.15
111.53
111.9
112.28
112.66
113.06
113.43
113.8
114.18
114.55
114.91
115.29
115.67
116.09
116.47
116.87
117.27
117.69
118.07
118.48
118.89
119.27
119.69
120.07
120.47
120.87
121.29
121.64
122.03
122.38
122.77
123.12
123.51
123.88
124.26
124.65
125.02
125.42
125.85
126.3
126.77
127.22
127.66
128.09
128.52
128.98
129.4
129.85
130.3
130.72
