1.55
2.74
3.93
5.1
6.27
7.48
8.66
9.84
11.01
12.19
13.4
14.55
15.72
16.86
18.08
19.3
20.46
21.68
22.89
24.07
25.23
26.41
27.57
28.7
29.9
31.13
32.33
33.5
34.68
35.85
37.01
38.18
39.3
40.42
41.56
42.7
43.86
45.0
46.15
47.33
48.48
49.63
50.78
51.93
53.05
54.18
55.35
56.54
57.68
58.78
59.9
61.03
62.15
63.26
64.36
65.5
66.62
67.71
68.83
69.96
71.07
72.19
73.33
74.49
75.68
76.87
78.04
79.16
80.31
81.44
82.61
83.75
84.85
85.97
87.16
88.37
89.54
90.71
91.89
93.05
94.2
95.35
96.51
97.68
98.87
100.22
102.01
103.74
105.45
107.25
109.05
110.77
112.47
114.17
115.87
117.68
119.44
121.07
122.76
124.43
126.28
128.51
