1.69
2.87
4.11
5.31
6.56
7.81
9.01
10.21
11.43
12.63
13.82
15.0
16.17
17.36
18.56
19.73
20.99
22.22
23.44
24.64
25.85
27.06
28.46
30.1
31.32
32.56
33.75
34.97
36.16
37.37
38.57
39.73
40.91
42.05
43.25
44.48
45.68
46.9
48.15
49.36
50.59
51.83
53.06
54.29
55.51
56.7
57.93
59.13
60.33
61.52
62.75
63.95
65.13
66.31
67.49
68.7
69.85
71.06
72.25
73.42
74.62
75.82
77.02
78.23
79.41
80.62
81.81
82.99
84.15
85.34
86.5
87.68
88.83
90.02
91.3
92.51
93.74
94.94
96.13
97.35
98.58
99.8
101.04
102.27
103.49
104.7
105.9
107.09
108.31
109.55
110.76
111.97
113.23
114.43
115.64
116.84
118.03
119.25
120.49
121.67
122.89
124.08
125.28
126.48
127.68
128.84
130.03
131.23
132.43
133.58
