0.4
0.83
1.28
1.7
2.08
2.48
2.88
3.3
3.71
4.12
4.5
4.91
5.32
5.72
6.14
6.56
6.98
7.39
7.82
8.23
8.62
9.02
9.41
9.82
10.22
10.63
11.04
11.45
11.84
12.24
12.64
13.03
13.42
13.83
14.22
14.61
15.01
15.4
15.79
16.18
16.57
16.96
17.36
17.78
18.17
18.57
18.94
19.34
19.74
20.14
20.56
20.99
21.4
21.82
22.22
22.63
23.04
23.44
23.84
24.25
24.65
25.06
25.46
25.85
26.26
26.67
27.07
27.46
27.86
28.27
28.66
29.05
29.45
29.87
30.31
30.72
31.12
31.54
31.95
32.37
32.76
33.16
33.55
33.98
34.38
34.77
35.17
35.57
35.96
36.37
36.77
37.17
37.58
37.98
38.38
38.77
39.16
39.53
39.93
40.32
40.72
41.1
41.48
41.85
42.27
42.66
43.05
43.47
43.87
44.26
44.69
45.09
45.47
45.88
46.31
46.7
47.11
47.53
47.95
48.36
48.76
49.16
49.57
50.0
50.39
50.81
51.22
51.63
52.05
52.45
52.85
53.26
53.68
54.1
54.49
54.9
55.31
55.72
56.11
56.5
56.92
57.34
57.74
58.13
58.54
58.93
59.34
59.74
60.14
60.54
60.93
61.33
61.74
62.13
62.54
62.96
63.35
63.76
64.15
64.54
64.94
65.35
65.73
66.12
66.51
66.91
67.31
67.7
68.11
68.5
68.91
69.39
69.85
70.25
70.66
71.06
71.45
71.86
72.26
72.65
73.03
73.42
73.82
74.23
74.62
75.02
75.43
75.83
76.22
76.61
77.03
77.45
77.85
78.24
78.62
79.03
79.42
79.82
80.22
80.62
81.01
81.42
81.82
82.2
82.59
83.0
83.37
83.77
84.16
84.55
84.96
85.35
85.72
86.12
86.51
86.9
87.3
87.69
88.06
88.46
88.84
89.23
89.63
90.03
90.41
90.77
91.15
91.54
91.93
92.31
92.73
93.13
93.54
93.94
94.33
94.73
95.15
95.55
95.93
96.33
96.75
97.16
97.56
97.98
98.37
98.78
99.19
99.6
100.02
100.43
100.85
101.24
101.67
102.07
102.49
102.89
103.28
103.69
104.1
104.5
104.89
105.3
105.69
106.11
106.51
106.89
107.3
107.7
108.11
108.5
108.94
109.35
109.78
110.17
110.58
110.97
111.36
111.77
112.19
112.6
113.03
113.44
113.84
114.24
114.64
115.05
115.46
115.85
116.24
116.64
117.06
117.46
117.86
118.24
118.64
119.06
119.48
119.91
120.33
120.73
121.15
121.58
122.01
122.43
122.85
123.27
123.68
124.09
124.48
124.9
125.29
125.69
126.08
126.49
126.9
127.29
127.68
128.06
128.45
128.84
129.25
129.64
130.04
130.43
130.84
131.24
131.65
132.05
132.44
132.82
133.2
133.59
133.98
