0.53
1.07
1.56
2.08
2.58
3.06
3.55
4.01
4.49
4.99
5.5
5.99
6.47
6.96
7.44
7.96
8.45
8.94
9.44
9.95
10.43
10.93
11.43
11.96
12.46
12.94
13.46
13.95
14.46
14.96
15.47
15.96
16.44
16.93
17.41
17.9
18.41
18.9
19.39
19.88
20.36
20.84
21.35
21.83
22.32
22.81
23.3
23.79
24.29
24.77
25.26
25.76
26.27
26.77
27.26
27.74
28.23
28.75
29.25
29.72
30.21
30.7
31.2
31.67
32.17
32.65
33.14
33.62
34.11
34.57
35.08
35.56
36.05
36.54
37.02
37.52
38.0
38.51
39.02
39.5
39.99
40.45
40.95
41.43
41.94
42.42
42.91
43.39
43.91
44.39
44.9
45.38
45.86
46.36
46.85
47.34
47.84
48.34
48.8
49.28
49.77
50.25
50.74
51.21
51.71
52.2
52.69
53.18
53.68
54.17
54.67
55.17
55.65
56.15
56.63
57.11
57.6
58.08
58.58
59.06
59.55
60.03
60.54
61.03
61.49
62.0
62.47
62.97
63.45
63.94
64.43
64.93
65.41
65.91
66.38
66.88
67.37
67.87
68.37
68.88
69.36
69.84
70.33
70.82
71.3
71.8
72.27
72.78
73.27
73.76
74.28
74.77
75.27
75.75
76.23
76.72
77.23
77.72
78.21
78.69
79.17
79.67
80.15
80.65
81.14
81.64
82.13
82.62
83.09
83.6
84.1
84.59
85.08
85.58
86.09
86.57
87.05
87.55
88.05
88.53
89.03
89.52
90.0
90.49
90.97
91.45
91.94
92.43
92.91
93.4
93.89
94.42
94.94
95.52
96.18
96.91
97.59
98.34
98.97
99.64
100.29
100.93
101.57
102.21
