0.12
0.66
1.2
1.7
2.25
2.77
3.29
3.82
4.36
4.88
5.43
5.94
6.49
7.03
7.61
8.16
8.7
9.23
9.78
10.36
10.91
11.43
11.95
12.47
13.02
13.57
14.17
14.76
15.31
15.85
16.38
16.91
17.44
17.98
18.57
19.16
19.69
20.25
20.79
21.32
21.84
22.38
22.94
23.46
24.0
24.55
25.08
25.61
26.16
26.68
27.23
27.79
28.33
28.87
29.43
30.0
30.52
31.07
31.63
32.17
32.7
33.25
33.78
34.32
34.86
35.38
35.92
36.42
36.96
37.51
38.05
38.62
39.15
39.69
40.24
40.78
41.3
41.85
42.37
42.91
43.44
43.98
44.52
45.06
45.6
46.13
46.71
47.28
47.82
48.37
49.0
49.62
50.18
50.72
51.25
51.79
52.34
52.88
53.44
53.97
54.53
55.05
55.61
56.16
56.72
57.25
57.8
58.33
58.89
59.42
60.01
60.59
61.12
61.64
62.2
62.75
63.31
63.85
64.41
64.95
65.47
66.01
66.55
67.06
67.62
68.17
68.75
69.27
69.8
70.35
70.9
71.43
71.98
72.55
73.09
73.61
74.15
74.7
75.25
75.78
76.32
76.86
77.41
77.95
78.49
79.02
79.56
80.09
80.61
81.15
81.69
82.23
82.78
83.31
83.89
84.42
84.95
85.48
86.02
86.55
87.12
87.69
88.24
88.75
89.3
89.81
90.35
90.9
91.45
91.97
92.54
93.07
93.61
94.15
94.7
95.24
95.77
96.32
96.84
97.38
97.93
98.47
99.01
99.53
100.07
100.63
101.18
101.75
102.3
102.85
103.4
103.95
104.48
105.03
105.55
106.09
106.63
107.17
107.71
108.25
108.79
109.36
109.91
110.45
111.0
111.56
112.26
112.94
113.49
114.03
114.58
115.12
115.67
116.23
116.77
117.33
117.89
118.42
118.99
119.54
120.08
120.62
121.21
121.75
122.31
122.86
123.42
123.98
124.53
125.09
125.7
126.27
126.81
127.36
127.9
128.46
129.0
129.54
130.08
130.62
131.17
131.72
132.26
132.81
133.35
133.89
134.45
135.01
135.57
136.13
136.71
137.26
137.81
138.37
138.94
139.49
140.06
140.62
141.22
141.79
142.4
143.03
143.71
144.43
145.24
146.24
147.18
148.06
148.88
149.73
150.68
151.6
152.61
153.52
154.48
155.44
