0.49
0.99
1.49
1.99
2.5
3.04
3.54
4.0
4.48
4.97
5.46
5.92
6.4
6.9
7.41
7.93
8.44
8.95
9.53
10.13
10.64
11.14
11.61
12.09
12.61
13.13
13.66
14.21
14.74
15.26
15.77
16.28
16.81
17.33
17.84
18.37
18.88
19.39
19.92
20.46
20.96
21.49
21.99
22.51
23.01
23.51
24.03
24.56
25.11
25.61
26.15
26.7
27.22
27.71
28.22
28.74
29.23
29.74
30.26
30.79
31.28
31.78
32.3
32.82
33.32
33.81
34.32
34.8
35.29
35.8
36.35
36.87
37.36
37.88
38.38
38.89
39.4
39.92
40.45
40.99
41.53
42.08
42.57
43.08
43.6
44.09
44.67
45.23
45.77
46.29
46.82
47.37
47.89
48.41
48.92
49.44
49.96
50.52
51.11
51.65
52.21
52.74
53.26
53.78
54.3
54.8
55.33
55.86
56.38
56.88
57.4
57.93
58.43
58.94
59.46
59.97
60.51
61.03
61.53
62.04
62.56
63.08
63.62
64.13
64.63
65.2
65.81
66.38
66.93
67.46
67.95
68.47
68.99
69.5
70.03
70.55
71.09
71.64
72.15
72.66
73.17
73.69
74.2
74.71
75.21
75.73
76.27
76.78
77.29
77.78
78.3
78.83
79.38
79.89
80.43
80.95
81.46
81.97
82.5
83.03
83.55
84.05
84.55
85.06
85.62
86.14
86.71
87.27
87.78
88.29
88.8
89.31
89.81
90.31
90.83
91.35
91.86
92.35
92.84
93.36
93.85
94.33
94.85
95.33
95.82
96.35
96.88
97.42
97.92
98.44
98.94
99.45
99.97
100.48
101.01
101.55
102.08
102.61
103.11
103.63
104.16
104.68
105.21
105.76
106.31
106.86
107.41
107.98
108.5
109.01
109.53
110.07
110.61
111.15
111.74
112.28
112.81
113.34
113.87
114.4
114.94
115.45
115.98
116.51
117.02
117.53
118.07
118.6
119.1
119.59
120.13
120.65
121.15
121.68
122.22
122.75
123.28
123.84
124.44
125.01
125.56
126.12
126.71
127.31
127.84
128.38
128.97
129.57
130.13
130.75
131.42
132.04
132.57
133.11
133.67
134.19
134.73
135.27
135.85
136.39
136.93
137.46
138.01
138.56
139.15
139.68
140.25
140.83
141.42
142.05
142.65
143.25
143.85
