0.45
0.96
1.43
1.92
2.43
2.95
3.49
4.01
4.54
5.08
5.62
6.14
6.67
7.21
7.75
8.26
8.79
9.35
9.95
10.56
11.09
11.6
12.14
12.66
13.18
13.75
14.37
14.93
15.55
16.12
16.67
17.22
17.78
18.34
18.93
19.48
20.03
20.56
21.13
21.66
22.18
22.72
23.29
23.85
24.42
24.96
25.55
26.09
26.64
27.2
27.78
28.32
28.9
29.45
30.03
30.57
31.12
31.67
32.24
32.79
33.32
33.87
34.44
34.98
35.55
36.09
36.63
37.16
37.7
38.24
38.81
39.37
39.9
40.44
41.0
41.52
42.03
42.57
43.11
43.66
44.22
44.77
45.32
45.85
46.37
46.91
47.48
48.05
48.65
49.2
49.79
50.34
50.88
51.4
51.96
52.47
52.99
53.52
54.05
54.56
55.09
55.61
56.15
56.72
57.24
57.77
58.33
58.88
59.41
59.92
60.47
61.0
61.52
62.05
62.57
63.07
63.59
64.1
64.64
65.16
65.71
66.24
66.77
67.28
67.82
68.33
68.87
69.4
69.9
70.43
70.93
71.45
72.0
72.5
73.0
73.47
73.96
74.47
75.0
75.53
76.03
76.56
77.08
77.62
78.14
78.65
79.17
79.73
80.26
80.77
81.29
81.82
82.36
82.91
83.49
84.04
84.57
85.1
85.63
86.2
86.73
87.31
87.85
88.43
88.97
89.54
90.11
90.71
91.28
91.83
92.36
92.9
93.42
93.96
94.49
95.06
95.57
96.08
96.59
97.14
97.65
98.2
98.72
99.27
99.76
100.28
100.81
101.36
101.88
102.4
102.93
103.49
104.02
104.54
105.06
105.59
106.11
106.67
107.19
107.75
108.27
108.8
109.38
109.98
110.59
111.11
111.62
112.15
112.7
113.23
113.73
114.27
114.78
115.29
115.82
116.35
116.84
117.36
117.89
118.44
119.02
119.53
120.07
120.63
121.17
121.68
122.21
122.75
123.25
123.76
124.31
124.87
125.44
125.95
126.5
127.05
127.57
128.11
128.73
129.38
129.99
130.5
131.04
131.61
132.13
132.66
133.22
133.87
134.46
135.1
135.7
136.31
136.94
137.56
138.13
138.71
139.3
139.92
140.47
141.01
141.59
142.13
142.82
143.43
144.11
144.91
145.67
146.58
147.41
148.32
149.14
149.96
150.72
151.54
152.32
153.09
153.84
