0.21
0.5
0.79
1.08
1.36
1.66
1.96
2.26
2.56
2.86
3.16
3.46
3.77
4.07
4.36
4.67
4.98
5.3
5.6
5.91
6.23
6.53
6.83
7.14
7.44
7.74
8.04
8.36
8.67
8.98
9.29
9.63
9.97
10.29
10.61
10.94
11.28
11.61
11.94
12.28
12.61
12.94
13.26
13.59
13.92
14.24
14.55
14.87
15.18
15.49
15.8
16.1
16.42
16.74
17.06
17.39
17.71
18.04
18.35
18.68
19.01
19.32
19.63
19.94
20.26
20.57
20.88
21.19
21.52
21.86
22.18
22.52
22.85
23.17
23.5
23.82
24.15
24.48
24.8
25.13
25.45
25.77
26.08
26.41
26.72
27.03
27.34
27.66
27.98
28.3
28.61
28.93
29.25
29.58
29.9
30.22
30.54
30.85
31.17
31.49
31.8
32.11
32.42
32.73
33.04
33.35
33.66
33.97
34.29
34.59
34.9
35.22
35.53
35.84
36.15
36.46
36.77
37.09
37.41
37.73
38.04
38.36
38.69
39.04
39.39
39.72
40.05
40.37
40.71
41.04
41.36
41.69
42.01
42.34
42.67
43.0
43.33
43.65
43.97
44.28
44.61
44.92
45.25
45.59
45.94
46.29
46.61
46.93
47.24
47.57
47.88
48.21
48.52
48.85
49.16
