0.05
0.36
0.68
0.99
1.29
1.61
1.91
2.23
2.52
2.83
3.12
3.43
3.74
4.05
4.35
4.66
4.97
5.27
5.57
5.87
6.18
6.48
6.77
7.08
7.37
7.68
7.97
8.3
8.62
8.93
9.25
9.58
9.9
10.22
10.54
10.88
11.2
11.53
11.85
12.2
12.52
12.85
13.17
13.52
13.83
14.14
14.43
14.73
15.04
15.34
15.63
15.95
16.27
16.6
16.94
17.28
17.61
17.94
18.27
18.6
18.93
19.24
19.55
19.86
20.18
20.49
20.79
21.1
21.45
21.78
22.13
22.48
22.8
23.14
23.48
23.82
24.15
24.47
24.81
25.15
25.48
25.81
26.13
26.44
26.77
27.09
27.41
27.74
28.06
28.4
28.72
29.04
29.37
29.69
30.0
30.33
30.66
30.99
31.32
31.65
31.99
32.32
32.65
32.99
33.31
33.63
33.94
34.27
34.59
34.91
35.22
35.53
35.85
36.16
36.47
36.78
37.09
37.39
37.7
38.01
38.32
38.64
38.97
39.29
39.61
39.91
40.22
40.53
40.85
41.17
41.5
41.81
42.14
42.45
42.77
43.1
43.4
43.71
44.03
44.33
44.64
44.95
45.26
45.57
45.88
46.2
46.51
46.83
47.16
47.47
47.79
48.12
48.43
48.76
49.07
49.4
49.72
50.03
