0.0
0.31
0.63
0.95
1.28
1.6
1.91
2.24
2.55
2.86
3.17
3.49
3.8
4.12
4.44
4.75
5.07
5.39
5.7
6.02
6.33
6.64
6.94
7.26
7.57
7.88
8.19
8.52
8.84
9.15
9.47
9.79
10.12
10.47
10.79
11.12
11.46
11.79
12.12
12.47
12.81
13.14
13.47
13.81
14.14
14.47
14.78
15.09
15.4
15.72
16.02
16.34
16.65
16.96
17.29
17.62
17.94
18.27
18.6
18.92
19.24
19.56
19.86
20.18
20.49
20.8
21.11
21.41
21.73
22.05
22.39
22.72
23.05
23.38
23.7
24.01
24.33
24.65
24.97
25.3
25.63
25.96
26.27
26.6
26.91
27.23
27.55
27.87
28.2
28.52
28.84
29.16
29.48
29.8
30.12
30.44
30.76
31.07
31.39
31.71
32.04
32.35
32.67
33.0
33.32
33.62
33.93
34.24
34.55
34.87
35.18
35.49
35.8
36.1
36.4
36.7
37.01
37.33
37.64
37.95
38.26
38.56
38.88
39.2
39.53
39.84
40.17
40.48
40.8
41.12
41.44
41.76
42.09
42.41
42.72
43.05
43.36
43.69
44.01
44.33
44.65
44.97
45.28
45.6
45.93
46.23
46.55
46.86
47.16
47.47
47.78
48.1
48.4
48.72
49.02
49.33
49.64
49.95
50.27
50.58
50.88
