0.09
0.38
0.69
0.99
1.29
1.58
1.88
2.18
2.49
2.78
3.07
3.36
3.66
3.94
4.23
4.52
4.82
5.11
5.39
5.68
5.97
6.26
6.55
6.84
7.14
7.43
7.72
8.01
8.3
8.6
8.91
9.22
9.52
9.84
10.15
10.46
10.77
11.07
11.37
11.68
11.98
12.28
12.59
12.89
13.2
13.52
13.81
14.11
14.42
14.72
15.02
15.3
15.6
15.88
16.18
16.47
16.76
17.05
17.33
17.63
17.95
18.26
18.56
18.87
19.18
19.48
19.78
20.08
20.37
20.67
20.97
21.28
21.58
21.88
22.19
22.51
22.82
23.13
23.44
23.74
24.05
24.37
24.68
24.99
25.3
25.6
25.91
26.22
26.53
26.85
27.16
27.46
27.76
28.06
28.37
28.67
28.97
29.27
29.57
29.86
30.16
30.46
30.76
31.05
31.34
31.63
31.93
32.22
32.52
32.82
33.12
33.42
33.72
34.01
34.31
34.62
34.92
35.22
35.52
35.82
36.12
36.42
36.73
37.06
37.38
37.7
38.02
38.33
38.63
38.94
39.25
39.56
39.88
40.19
40.49
40.8
41.09
41.4
41.71
42.02
42.33
42.64
42.94
43.23
43.54
43.83
44.14
44.47
44.78
45.1
45.43
45.75
46.06
46.39
46.71
47.02
47.34
47.67
