0.11
0.42
0.71
1.02
1.32
1.61
1.92
2.23
2.56
2.87
3.2
3.52
3.84
4.15
4.48
4.8
5.12
5.44
5.75
6.08
6.4
6.71
7.03
7.36
7.68
8.0
8.32
8.65
8.97
9.29
9.63
9.97
10.3
10.62
10.94
11.27
11.61
11.94
12.27
12.6
12.93
13.25
13.57
13.89
14.21
14.53
14.86
15.18
15.5
15.81
16.13
16.46
16.78
17.1
17.42
17.74
18.06
18.38
18.69
19.01
19.33
19.66
19.99
20.32
20.67
20.98
21.32
21.65
21.98
22.31
22.63
22.95
23.27
23.59
23.91
24.23
24.56
24.88
25.2
25.5
25.81
26.12
26.43
26.75
27.06
27.37
27.67
27.99
28.32
28.64
28.95
29.27
29.62
29.94
30.26
30.59
30.91
31.24
31.55
31.89
32.22
32.54
32.87
33.19
33.54
33.86
34.19
34.52
34.84
35.17
35.5
35.83
36.15
36.46
36.78
37.1
37.42
37.75
38.06
38.39
38.7
39.02
39.34
39.67
39.99
40.31
40.63
40.94
41.26
41.58
41.91
42.22
42.54
42.86
43.18
43.5
43.82
44.13
44.44
44.75
45.07
45.38
45.68
46.0
46.31
46.62
46.94
47.27
47.59
47.9
48.22
48.54
48.87
49.18
49.51
