0.52
1.11
1.65
2.16
2.66
3.21
3.73
4.21
4.72
5.25
5.77
6.25
6.78
7.31
7.81
8.36
8.88
9.35
9.88
10.35
10.85
11.38
11.87
12.38
12.95
13.55
14.11
14.66
15.26
15.82
16.34
16.89
17.47
18.01
18.53
19.09
19.64
20.17
20.67
21.23
21.73
22.26
22.82
23.37
23.88
24.39
24.93
25.44
25.98
26.47
26.98
27.45
27.98
28.46
28.95
29.47
30.0
30.51
30.98
31.48
31.98
32.47
32.96
33.46
33.95
34.42
34.89
35.37
35.85
36.32
36.74
37.12
37.52
37.93
38.32
38.74
39.12
39.54
39.92
40.33
40.72
41.14
41.52
41.92
42.33
42.74
43.14
43.54
43.92
44.33
44.73
45.11
45.5
45.89
46.28
46.67
47.05
47.46
47.85
48.24
48.61
49.01
49.39
49.78
50.17
50.57
50.96
51.34
51.74
52.14
52.52
52.92
53.3
53.7
54.09
54.48
54.86
55.26
55.64
56.03
56.42
56.81
57.2
57.58
58.0
58.4
58.79
59.18
59.6
59.99
60.41
60.82
61.26
61.67
62.12
62.53
62.96
63.41
63.82
64.21
64.64
65.04
65.45
65.86
66.26
66.67
67.16
67.64
68.24
68.94
69.6
70.25
70.94
71.62
72.26
72.93
73.6
74.31
74.94
75.59
76.29
76.92
77.55
78.22
78.83
79.49
80.13
80.75
81.39
82.06
82.67
83.27
83.92
84.53
85.16
85.73
86.31
86.92
87.49
88.09
88.7
89.25
89.85
90.4
90.96
91.5
92.09
92.65
93.19
93.75
94.31
94.89
95.46
96.02
96.6
97.3
97.96
98.52
99.11
99.67
100.22
100.77
101.33
101.84
102.38
102.92
103.47
104.03
104.57
105.07
105.62
106.15
106.64
107.16
107.67
108.17
108.64
109.14
109.67
110.15
110.69
111.28
111.88
112.49
113.08
113.71
114.32
114.92
115.52
116.16
116.75
117.35
117.96
118.59
119.21
119.82
120.42
121.04
121.68
122.29
122.95
123.56
124.2
124.81
125.43
126.02
126.62
127.2
127.82
128.46
129.14
129.81
130.44
131.12
131.72
132.38
133.0
133.6
134.19
134.78
135.36
135.97
136.63
137.32
137.98
138.57
139.16
139.75
140.34
140.96
141.63
142.32
143.03
143.71
144.44
145.11
145.78
146.42
147.02
147.64
148.25
148.89
149.51
150.13
150.69
151.23
151.76
152.38
152.99
153.56
154.16
154.79
155.36
155.99
156.56
157.19
157.76
158.38
159.06
159.69
160.39
161.19
161.97
162.91
163.86
164.73
165.63
166.66
167.62
168.65
169.61
170.56
171.54
172.55
173.55
174.44
175.42
176.32
177.23
178.18
179.14
179.97
180.81
181.67
182.51
183.37
184.19
185.05
185.95
186.79
187.64
188.47
189.32
190.14
190.99
191.84
192.68
193.5
194.35
195.14
195.95
196.71
197.48
198.26
198.97
199.73
200.47
201.17
201.9
202.54
203.09
203.64
204.2
204.79
205.3
205.81
206.33
206.84
207.33
207.84
208.39
208.91
209.43
210.03
210.65
211.26
211.76
212.3
212.83
213.36
213.88
214.4
214.9
215.44
216.01
216.59
217.23
217.84
218.47
219.06
219.71
220.33
220.92
221.57
222.17
222.8
223.41
224.1
224.8
225.5
226.17
226.9
227.67
228.31
228.95
229.56
230.2
230.87
231.5
232.15
232.77
233.45
234.14
234.78
235.55
236.26
237.01
237.81
238.61
239.43
240.2
240.98
241.73
242.59
243.46
244.33
245.12
245.96
246.83
247.68
248.55
249.31
250.11
250.93
251.85
252.83
253.77
254.62
255.55
256.38
257.24
257.94
258.66
259.32
260.03
260.76
261.48
262.15
262.9
263.57
264.29
265.03
265.7
266.41
267.08
267.72
268.36
268.94
269.55
270.18
270.8
271.38
271.92
272.47
273.03
273.62
274.17
274.76
275.34
275.88
276.4
276.93
277.5
278.11
278.71
279.28
279.88
280.44
280.92
281.46
281.95
282.45
282.99
283.55
284.09
284.68
285.26
285.85
286.43
286.99
287.59
288.15
288.72
289.26
289.79
290.33
290.86
291.42
291.98
292.57
293.04
293.52
293.99
294.49
294.96
295.43
295.96
296.5
297.0
297.52
298.05
298.55
299.06
299.57
300.1
300.61
301.1
301.57
302.07
302.53
303.02
303.51
303.97
304.45
304.95
305.43
305.91
306.39
306.87
307.33
307.85
308.39
308.92
309.44
309.93
310.48
310.97
311.5
312.05
312.61
313.14
313.71
314.25
314.85
315.42
315.98
316.5
317.07
317.61
318.14
318.67
319.22
319.76
320.35
320.9
321.5
322.04
322.57
323.13
323.64
324.18
324.72
325.24
325.76
326.33
326.85
327.41
327.95
328.47
329.01
329.54
330.1
330.68
331.21
331.78
332.33
332.9
333.48
334.04
334.58
335.13
335.72
336.28
336.82
337.39
337.95
338.5
339.09
339.66
340.22
340.79
