1.1
5.25
9.43
13.75
18.0
22.24
26.46
30.5
34.41
38.07
41.2
44.32
47.47
50.56
53.69
56.79
59.98
62.81
65.86
68.93
71.61
74.3
76.91
79.49
82.05
84.52
87.45
90.4
93.74
97.29
100.76
104.02
107.16
110.02
112.49
114.92
117.34
119.81
122.28
124.81
127.18
129.81
132.35
134.78
137.32
139.75
142.32
145.11
147.64
150.13
152.98
156.09
159.47
162.91
166.65
170.54
174.03
177.64
181.53
185.04
188.46
191.83
195.13
198.25
201.51
204.78
208.78
212.83
216.88
220.95
225.08
229.15
233.14
237.0
240.97
245.11
249.15
252.82
257.23
261.17
264.28
267.32
270.17
272.47
274.75
276.92
279.27
281.46
283.54
285.85
288.14
290.32
292.57
295.19
297.73
300.15
303.34
306.9
310.77
314.62
318.5
322.56
326.84
331.2
335.39
