0.43
1.07
1.71
2.37
3.03
3.71
4.33
5.01
5.6
6.16
6.75
7.37
8.01
8.68
9.35
10.03
10.63
11.26
11.91
12.54
13.15
13.84
14.5
15.15
15.84
16.57
17.33
18.11
18.78
19.47
20.23
20.99
21.74
22.49
23.25
23.98
24.69
25.42
26.15
26.87
27.63
28.42
29.26
30.02
30.83
31.59
32.3
33.06
33.73
34.43
35.15
35.87
36.53
37.19
37.82
38.51
39.17
39.85
40.56
41.27
41.98
42.67
43.42
44.19
44.98
45.84
46.88
47.96
48.99
49.92
50.82
51.74
52.61
53.45
54.31
55.12
55.9
56.72
57.54
58.32
59.02
59.73
60.47
61.21
61.94
62.64
63.39
64.12
64.9
65.69
66.49
67.21
67.9
68.58
69.26
70.0
70.68
71.38
72.06
72.78
73.49
74.22
74.98
75.77
76.56
77.31
78.05
78.76
79.5
80.23
80.96
81.72
82.39
83.13
83.8
84.5
85.19
85.88
86.5
87.17
87.87
88.55
89.18
89.91
90.62
91.34
92.02
92.78
93.49
94.18
94.92
95.66
96.34
96.95
97.55
98.15
98.78
99.38
100.02
100.68
101.33
101.96
102.61
103.29
103.94
104.56
105.26
105.92
106.59
107.28
107.97
108.69
109.35
109.99
110.7
111.37
112.07
112.78
113.48
114.2
114.84
115.47
116.12
116.8
117.53
118.21
118.91
119.59
120.28
120.94
121.64
122.35
123.08
123.75
124.45
125.17
125.89
126.58
127.26
127.94
128.62
129.35
130.01
130.68
131.34
131.95
132.6
133.28
133.98
134.7
135.38
136.09
136.82
137.58
138.28
138.98
139.72
140.37
141.09
141.73
142.42
143.17
143.9
144.64
145.38
146.11
146.88
147.65
148.45
149.18
149.98
150.72
151.42
152.17
152.86
153.55
154.29
155.01
155.66
156.32
157.0
157.71
158.4
159.09
159.8
160.53
161.21
161.89
162.63
163.42
164.22
164.93
165.7
166.47
167.19
167.96
168.69
169.4
170.12
170.86
171.58
172.33
173.04
173.81
174.49
175.25
175.91
176.59
177.3
177.98
178.69
179.45
180.2
180.9
181.59
182.33
183.05
183.86
184.66
185.42
186.19
187.01
187.78
188.55
189.35
190.13
190.88
