0.09
0.64
1.17
1.73
2.28
2.79
3.33
3.88
4.39
4.87
5.38
5.92
6.51
7.07
7.61
8.17
8.72
9.28
9.82
10.38
10.91
11.48
12.03
12.57
13.13
13.75
14.33
14.88
15.4
15.93
16.47
17.03
17.58
18.13
18.66
19.2
19.72
20.24
20.78
21.31
21.92
22.49
23.07
23.68
24.26
24.83
25.42
26.07
26.75
27.38
27.97
28.51
29.05
29.59
30.16
30.69
31.24
31.8
32.45
33.07
33.61
34.15
34.69
35.24
35.79
36.34
36.91
37.42
37.95
38.49
39.02
39.56
40.09
40.69
41.27
41.88
42.52
43.13
43.71
44.32
45.01
45.66
46.35
46.98
47.56
48.07
48.59
49.09
49.59
50.11
50.61
51.14
51.64
52.13
52.64
53.15
53.66
54.15
54.64
55.16
55.66
56.14
56.65
57.14
57.64
58.13
58.61
59.12
59.62
60.1
60.6
61.08
61.57
62.06
62.56
63.07
63.57
64.12
64.7
65.26
65.75
66.25
66.75
67.25
67.76
68.26
68.76
69.25
69.76
70.26
70.74
71.23
71.71
72.2
72.69
73.19
73.68
74.2
74.69
75.18
75.68
76.18
76.69
77.24
77.74
78.28
78.8
79.34
79.86
80.42
80.94
81.46
82.03
82.62
83.2
83.84
84.47
85.09
85.62
86.18
86.72
87.25
87.78
88.32
88.87
89.41
89.97
90.51
91.04
91.59
92.19
92.77
93.3
93.85
94.37
94.9
95.45
95.99
96.54
97.06
97.58
98.1
98.62
99.15
99.68
100.28
100.83
101.39
102.02
102.62
103.2
103.79
104.43
105.09
105.71
106.3
106.82
107.37
107.91
108.46
109.0
109.54
110.1
110.74
111.35
111.87
112.41
112.92
113.46
114.0
114.53
115.09
115.61
116.12
116.63
117.13
117.65
118.19
118.8
119.36
119.98
120.59
121.22
121.83
122.48
123.07
123.72
124.3
124.86
125.43
126.0
126.57
127.15
127.77
128.37
129.01
129.59
130.19
130.81
131.38
131.98
132.58
133.22
133.8
134.43
135.02
135.66
136.24
136.85
137.46
138.08
138.72
139.32
139.97
140.59
141.21
141.8
142.45
143.04
