0.28
0.64
1.02
1.42
1.79
2.17
2.55
2.92
3.3
3.69
4.06
4.44
4.82
5.21
5.61
5.99
6.37
6.77
7.15
7.52
7.9
8.3
8.69
9.08
9.48
9.87
10.26
10.62
11.0
11.4
11.78
12.15
12.54
12.92
13.3
13.66
14.06
14.45
14.85
15.22
15.57
15.92
16.27
16.61
16.97
17.32
17.73
18.2
18.68
19.16
19.65
20.13
20.61
21.07
21.49
21.9
22.32
22.73
23.13
23.55
23.97
24.4
24.83
25.27
25.7
26.1
26.48
26.88
27.29
27.7
28.1
28.51
28.91
29.31
29.73
30.14
30.54
30.93
31.33
31.73
32.13
32.54
32.94
33.35
33.72
34.11
34.51
34.89
35.26
35.64
36.03
36.4
36.78
37.17
37.57
37.98
38.42
38.84
39.26
39.66
40.04
40.44
40.87
41.27
41.67
42.08
42.49
42.89
43.29
43.7
44.09
44.48
44.88
45.31
45.75
46.17
46.59
47.0
47.41
47.81
48.24
48.64
49.04
49.44
49.85
50.24
50.63
51.03
51.45
51.83
52.24
52.64
53.04
53.43
53.86
54.26
54.65
55.06
55.46
55.86
56.28
56.69
57.13
57.54
57.97
58.38
58.8
59.23
59.64
60.08
60.5
60.91
61.34
61.75
62.17
62.58
63.01
63.41
63.83
64.23
64.63
65.02
65.4
65.81
66.16
66.49
66.84
67.22
67.62
68.01
68.4
68.79
69.19
69.58
70.0
70.37
70.77
71.15
71.55
71.94
72.33
72.72
73.11
73.49
73.86
74.25
74.62
75.0
75.37
75.74
76.11
76.48
76.88
77.27
77.65
78.05
78.46
78.84
79.24
79.62
80.01
80.39
80.78
81.17
81.57
81.97
82.36
82.73
83.12
83.49
83.9
84.32
84.74
85.12
85.51
85.89
86.29
86.7
87.13
87.59
88.03
88.44
88.85
89.28
89.72
90.16
90.6
91.04
91.48
91.9
92.31
92.73
93.19
93.62
94.09
94.52
94.95
95.37
95.77
96.18
96.6
97.01
97.4
97.8
98.21
98.62
99.02
99.43
99.85
100.26
100.67
101.08
101.48
101.89
102.32
102.75
103.19
103.65
104.09
104.52
104.92
105.33
105.72
106.13
106.52
106.91
107.3
107.69
108.08
108.46
108.84
109.22
109.61
109.97
110.31
110.67
111.04
111.39
111.77
112.16
112.53
112.92
113.31
113.69
114.09
114.49
114.9
115.27
115.66
116.06
116.44
116.83
117.23
117.64
118.03
118.42
118.81
119.19
119.57
119.94
120.3
120.67
121.07
121.45
121.83
122.2
122.58
122.95
123.33
123.73
124.14
124.53
124.93
125.32
125.7
126.06
126.42
126.8
127.2
127.57
127.94
128.33
128.71
129.08
129.48
129.89
130.29
130.69
131.08
131.48
131.87
132.26
132.65
133.05
133.44
133.83
134.22
134.59
135.0
135.39
135.76
136.16
136.55
136.94
137.33
137.73
138.11
138.51
138.88
139.27
139.65
140.04
140.43
140.84
141.22
141.61
141.98
142.37
142.75
143.11
143.51
143.9
144.29
144.69
145.06
145.47
145.84
146.25
146.63
147.06
147.46
147.87
148.31
148.72
149.16
149.6
150.03
150.45
150.85
151.25
151.66
152.08
152.48
152.89
153.3
153.7
154.09
154.48
154.88
155.26
155.67
156.04
156.39
156.76
157.13
157.52
157.9
158.28
158.67
159.05
159.45
159.84
160.24
160.64
161.04
161.44
161.84
162.23
162.6
162.99
163.38
163.76
164.13
164.52
164.89
165.27
165.66
166.07
166.44
166.85
167.23
167.61
167.97
168.37
168.73
169.12
169.58
170.01
170.46
170.89
171.29
171.72
172.14
172.54
172.94
173.35
173.78
174.21
174.62
175.03
175.43
175.82
176.2
176.59
176.99
177.38
177.78
178.18
178.6
179.0
179.39
179.78
180.18
180.56
180.97
181.37
181.77
182.16
182.56
182.96
183.34
183.72
184.12
184.52
184.9
185.3
185.7
186.15
186.6
187.04
187.47
187.87
188.28
188.7
189.11
189.52
189.94
190.36
190.78
191.19
191.63
192.04
192.46
192.87
193.29
193.72
194.17
194.57
194.99
195.39
195.8
196.19
196.61
197.01
197.4
197.79
198.18
198.6
198.99
199.38
199.8
200.19
200.62
201.01
201.4
201.8
202.22
202.62
203.02
203.41
203.81
204.21
204.62
205.0
205.41
205.81
206.24
206.64
207.07
207.47
207.9
208.31
208.72
209.15
209.58
209.99
210.41
210.82
211.25
211.66
212.09
212.48
212.89
213.29
213.69
214.08
214.47
214.86
215.22
215.56
215.92
216.31
216.72
217.1
217.5
217.9
218.3
218.7
219.12
219.51
219.91
220.3
220.71
221.09
221.48
221.86
222.25
222.63
223.01
223.39
223.76
224.14
224.52
224.9
225.28
225.65
226.04
226.43
226.82
227.22
227.61
228.0
228.39
228.77
229.15
229.52
229.91
230.32
230.73
231.12
231.51
231.89
232.27
232.64
233.03
233.44
233.83
234.2
234.6
234.97
235.34
235.73
236.17
236.62
237.06
237.48
237.9
238.33
238.78
239.21
239.65
240.08
240.51
240.93
241.34
241.76
242.19
242.64
243.07
243.5
243.91
244.34
244.77
245.21
245.66
246.13
246.63
247.11
247.54
247.95
248.36
248.76
249.17
249.57
249.99
250.39
250.81
251.21
251.63
252.03
252.47
252.89
253.3
253.7
254.11
254.52
254.95
255.36
255.78
256.2
256.6
257.02
257.41
257.81
258.21
258.62
259.03
259.44
259.84
260.24
260.64
261.06
261.46
261.88
262.27
262.68
263.08
263.49
263.9
264.31
264.71
265.11
265.52
265.91
266.33
266.72
267.13
267.51
267.92
268.31
268.71
269.09
269.5
269.88
270.28
270.67
271.05
271.44
271.83
272.22
272.61
273.0
273.4
273.79
274.17
274.57
274.95
275.36
275.76
276.15
276.55
276.94
277.33
277.74
278.12
278.51
278.9
279.28
279.66
280.04
280.42
280.81
281.19
281.59
281.98
282.39
282.81
283.29
283.74
284.19
