1.78
3.29
4.81
6.37
7.9
9.47
11.0
12.53
14.05
15.56
16.96
18.67
20.25
21.9
23.54
25.26
26.87
28.5
30.13
31.72
33.34
34.88
36.39
37.98
39.66
41.26
42.88
44.48
45.99
47.6
49.23
50.82
52.42
54.06
55.73
57.53
59.22
60.9
62.57
64.22
65.81
67.41
68.98
70.68
72.31
73.86
75.37
76.87
78.45
80.01
81.57
83.11
84.72
86.28
88.02
89.71
91.47
93.18
94.94
96.59
98.2
99.84
101.47
103.18
104.92
106.51
108.07
109.61
111.04
112.53
114.08
115.66
117.23
118.81
120.31
121.83
123.33
124.92
126.42
127.94
129.47
131.08
132.65
134.21
135.76
137.32
138.87
140.42
141.97
143.5
145.05
146.63
148.31
150.02
151.7
153.29
154.87
156.56
158.27
159.84
161.43
162.99
164.51
166.06
167.61
169.14
170.88
172.53
174.21
175.81
177.37
178.99
180.55
182.16
183.72
185.29
187.03
188.7
190.36
192.03
193.95
195.59
197.2
198.79
200.4
202.01
203.61
205.22
206.86
208.53
210.21
211.87
213.49
215.08
216.71
218.3
219.9
221.47
223.0
224.51
226.03
227.6
229.14
230.72
232.26
233.82
235.34
237.06
238.77
240.5
242.2
243.9
245.65
247.53
249.16
250.8
252.45
254.1
255.77
257.4
259.02
260.63
262.26
263.89
265.5
267.11
268.69
270.27
271.82
273.39
274.95
276.54
278.11
279.65
281.17
282.79
