0.22
0.58
0.95
1.33
1.71
2.08
2.45
2.8
3.17
3.54
3.91
4.29
4.68
5.07
5.48
5.87
6.25
6.64
7.02
7.42
7.81
8.2
8.62
9.02
9.46
9.88
10.29
10.66
11.04
11.43
11.8
12.18
12.59
12.97
13.36
13.75
14.15
14.53
14.88
15.25
15.62
16.01
16.37
16.75
17.12
17.48
17.84
18.23
18.58
18.95
19.32
19.71
20.08
20.45
20.82
21.17
21.55
21.95
22.35
22.74
23.13
23.57
23.97
24.41
24.82
25.24
25.63
26.02
26.42
26.83
27.26
27.68
28.11
28.52
28.91
29.34
29.74
30.12
30.52
30.92
31.32
31.74
32.13
32.54
32.93
33.32
33.71
34.1
34.51
34.9
35.29
35.68
36.05
36.44
36.84
37.24
37.69
38.1
38.53
38.98
39.41
39.82
40.24
40.66
41.09
41.49
41.89
42.3
42.73
43.14
43.54
43.99
44.45
44.88
45.35
45.78
46.24
46.68
47.11
47.55
47.98
48.42
48.86
49.32
49.76
50.19
50.62
51.05
51.48
51.93
52.36
52.77
53.22
53.63
54.07
54.49
54.94
55.36
55.79
56.22
56.68
57.12
57.56
57.99
58.4
58.84
59.29
59.73
60.17
60.61
61.06
61.5
61.96
62.42
62.88
63.36
63.8
64.28
64.72
65.18
65.62
66.07
66.51
66.97
67.4
67.85
68.28
68.75
69.22
69.68
70.12
70.59
71.01
71.45
71.89
72.29
72.67
73.07
73.5
73.95
74.39
74.83
75.26
75.68
76.11
76.53
76.96
77.38
77.8
78.24
78.67
79.11
79.54
79.96
80.38
80.81
81.22
81.65
82.08
82.49
82.88
83.28
83.66
84.05
84.44
84.84
85.27
85.68
86.08
86.48
86.86
87.25
87.65
88.02
88.44
88.84
89.24
89.63
90.02
90.4
90.78
91.18
91.63
92.1
92.59
93.05
93.51
93.98
94.46
94.92
95.41
95.89
96.35
96.82
97.28
97.73
98.23
98.71
99.2
99.72
100.2
100.66
101.1
101.54
101.99
102.45
102.88
103.31
103.75
104.2
104.62
105.06
105.5
105.92
106.35
106.78
107.22
107.65
108.11
108.58
109.03
109.51
109.97
110.41
110.84
111.27
111.72
112.16
112.6
113.03
113.45
113.86
114.26
114.65
115.04
115.43
115.82
116.24
116.65
117.07
117.49
117.91
118.32
118.73
119.14
119.54
119.94
120.36
120.76
121.18
121.62
122.04
122.45
122.86
123.28
123.7
124.12
124.55
125.0
125.43
125.85
126.28
126.7
127.11
127.52
127.93
128.34
128.75
129.17
129.57
129.99
130.41
130.81
131.24
131.69
132.13
132.56
132.98
133.41
133.82
134.23
134.63
135.05
135.44
135.84
136.23
136.64
137.05
137.47
137.88
138.31
138.76
139.18
139.6
140.01
140.43
140.85
141.26
141.7
142.1
142.49
142.89
143.3
143.7
144.11
144.49
144.92
145.33
145.75
146.15
146.59
147.01
147.42
147.83
148.28
148.7
149.12
149.55
150.0
150.42
150.83
151.24
151.67
152.09
152.49
152.9
153.3
153.69
154.1
154.49
154.9
155.28
155.69
156.08
156.5
156.9
157.29
157.7
158.09
158.5
158.9
159.27
159.66
160.07
160.45
160.85
161.24
161.63
162.02
162.41
162.8
163.19
163.57
163.95
164.35
164.73
165.1
165.49
165.86
166.23
166.63
167.01
167.37
167.75
168.14
168.53
168.92
169.31
169.71
170.11
170.5
170.89
171.28
171.69
172.1
172.53
172.94
173.35
173.72
174.09
174.49
174.87
175.24
175.63
176.04
176.43
176.81
177.21
177.58
177.98
178.38
178.81
179.22
179.62
180.02
180.41
180.82
181.24
181.67
182.1
182.5
182.9
183.27
183.64
184.03
184.43
184.85
185.25
185.67
186.07
186.49
186.9
187.32
187.75
188.17
188.62
189.05
189.47
189.86
190.27
190.67
191.05
191.46
191.83
192.23
192.65
193.03
193.43
193.82
194.21
194.6
195.0
195.41
195.82
196.21
196.61
197.01
197.4
197.81
198.22
198.61
198.99
199.37
199.76
200.15
200.55
200.94
201.34
201.77
202.18
202.57
202.99
203.42
203.85
204.27
204.68
205.09
205.49
205.89
206.3
206.71
207.16
207.58
208.02
208.47
208.9
209.33
209.76
210.18
210.59
211.01
211.42
211.81
212.22
212.66
213.08
213.52
213.96
214.39
214.81
215.22
215.64
216.07
216.5
216.92
217.34
217.75
218.16
218.58
219.02
219.46
219.9
220.36
220.78
221.22
221.64
222.04
222.46
222.89
223.35
223.8
224.26
224.7
225.16
225.61
226.05
226.49
226.96
227.4
227.86
228.29
228.76
229.21
229.66
230.1
230.56
231.0
231.43
231.87
232.33
232.77
233.17
233.55
233.95
234.37
234.8
235.22
235.64
236.05
236.48
236.91
237.35
237.77
238.2
238.63
239.05
239.48
239.89
240.3
240.73
241.14
241.57
241.99
242.42
242.81
243.2
243.59
243.97
244.36
244.77
245.21
245.63
246.05
246.43
246.81
247.22
247.61
248.0
248.42
248.84
249.24
249.63
250.03
250.42
250.82
251.24
251.65
252.09
252.59
253.07
253.54
254.01
254.5
254.98
255.45
255.93
256.43
256.89
257.35
257.84
258.37
258.91
259.43
259.91
260.36
260.84
261.29
261.77
262.21
262.67
263.1
263.53
263.94
264.38
264.81
265.24
265.66
266.11
266.53
266.95
267.38
267.83
268.25
268.69
269.13
269.58
270.0
270.42
270.85
271.31
271.74
272.17
272.61
273.06
273.51
273.95
274.39
274.82
275.26
275.67
276.1
276.54
276.97
277.43
277.84
278.27
278.71
279.14
279.57
280.02
280.45
280.9
281.34
281.78
282.2
282.64
283.08
283.54
283.97
284.42
284.85
285.3
285.73
286.16
286.6
287.05
287.48
287.9
288.29
288.72
289.11
289.55
289.95
290.39
290.79
291.22
291.64
292.07
292.47
292.88
293.26
293.61
293.98
294.36
294.74
295.11
295.46
295.83
296.2
296.59
296.98
297.36
297.76
298.14
298.52
298.91
299.3
299.69
300.1
300.49
300.85
301.23
301.61
302.01
