3.48
6.25
8.61
11.04
13.36
15.21
16.74
18.23
19.69
21.19
22.73
24.4
26.02
27.67
29.33
30.91
32.53
34.1
35.67
37.24
38.98
40.65
42.3
43.99
45.78
47.54
49.32
51.05
52.76
54.49
56.22
58.11
59.93
61.81
63.8
65.62
67.4
69.22
71.01
72.94
74.82
76.53
78.23
79.96
81.65
83.28
84.83
86.47
88.02
89.63
91.18
93.05
94.91
96.82
98.7
100.66
102.44
104.2
105.92
107.64
109.49
111.27
113.02
114.64
116.26
117.9
119.53
121.18
122.86
124.54
126.28
127.93
129.56
131.23
132.97
134.62
136.23
137.87
139.59
141.26
142.88
144.48
146.15
147.83
149.55
151.24
152.9
154.49
156.08
157.7
159.26
160.68
161.97
163.26
164.72
166.23
167.77
169.31
170.89
172.52
174.09
175.63
177.2
178.81
180.41
182.11
183.63
185.25
186.9
188.62
190.27
191.83
193.42
195.0
196.6
198.45
200.12
201.77
203.42
205.07
206.71
208.46
210.17
211.81
213.52
215.21
216.91
218.57
220.35
222.02
223.79
225.6
227.4
229.2
230.99
232.78
234.59
236.47
238.19
239.88
241.57
243.19
244.76
246.42
247.99
249.62
251.24
253.07
254.97
256.89
258.64
260.35
262.2
263.93
265.66
267.37
269.13
270.84
272.6
274.38
276.1
277.83
279.56
281.33
283.06
284.84
286.6
288.29
289.95
291.63
293.3
295.04
296.58
298.13
299.68
301.39
