1.78
3.34
4.83
6.38
8.02
9.71
11.34
12.9
14.56
16.12
17.67
19.27
20.93
22.59
24.24
25.86
27.5
29.16
30.76
32.37
33.96
35.56
37.1
38.64
40.25
41.83
43.41
45.0
46.78
48.54
50.22
51.89
53.62
55.34
57.09
58.89
60.61
62.31
64.1
65.85
67.57
69.3
71.04
72.77
74.48
76.16
77.85
79.59
81.31
82.91
84.53
86.14
87.74
89.39
91.14
92.98
94.82
96.67
98.63
100.48
102.22
103.97
105.72
107.43
109.25
110.98
112.72
114.39
116.1
117.83
119.47
121.09
122.73
124.37
126.05
127.66
129.39
130.97
132.61
134.25
135.95
137.55
139.19
140.84
142.47
144.12
145.76
147.37
148.96
150.57
152.15
153.75
155.35
157.01
158.66
160.34
162.0
163.66
165.32
166.98
168.67
170.4
172.03
173.6
175.18
176.82
178.49
180.07
181.79
183.43
185.04
186.68
188.37
189.99
191.62
193.27
194.86
196.44
198.05
199.73
201.33
202.93
204.43
206.14
207.9
209.57
211.34
213.02
214.71
216.52
218.4
220.13
221.85
223.62
225.36
227.07
228.77
230.49
232.2
234.05
235.8
237.52
239.26
241.1
242.95
244.57
246.21
247.83
249.46
251.23
252.98
254.82
256.63
258.41
260.28
262.12
263.88
265.6
267.35
269.09
270.77
272.53
274.21
275.95
277.64
279.37
281.11
282.85
284.59
286.3
288.06
289.76
291.39
293.0
294.6
296.28
297.95
299.58
