0.22
0.6
1.0
1.39
1.78
2.17
2.55
2.93
3.34
3.71
4.13
4.54
4.93
5.36
5.77
6.16
6.59
6.99
7.4
7.8
8.23
8.66
9.06
9.49
9.94
10.37
10.79
11.21
11.63
12.03
12.47
12.89
13.3
13.71
14.13
14.56
14.97
15.38
15.76
16.13
16.5
16.89
17.29
17.68
18.05
18.44
18.86
19.28
19.69
20.08
20.49
20.91
21.33
21.75
22.17
22.6
23.03
23.45
23.87
24.25
24.66
25.05
25.46
25.87
26.29
26.71
27.12
27.51
27.92
28.33
28.74
29.17
29.58
29.98
30.38
30.77
31.16
31.57
31.98
32.37
32.77
33.18
33.58
33.97
34.37
34.78
35.18
35.57
35.96
36.35
36.74
37.11
37.5
37.87
38.24
38.64
39.05
39.45
39.86
40.26
40.66
41.06
41.46
41.84
42.24
42.62
43.02
43.42
43.83
44.22
44.61
45.01
45.45
45.89
46.35
46.79
47.21
47.66
48.09
48.55
48.95
49.39
49.81
50.22
50.64
51.05
51.47
51.9
52.32
52.76
53.18
53.63
54.04
54.49
54.92
55.35
55.77
56.19
56.63
57.1
57.54
57.98
58.43
58.9
59.33
59.77
60.2
60.62
61.02
61.44
61.86
62.32
62.75
63.21
63.64
64.11
64.54
64.98
65.41
65.86
66.29
66.72
67.15
67.58
68.0
68.44
68.87
69.31
69.74
70.18
70.61
71.05
71.48
71.93
72.35
72.77
73.2
73.62
74.04
74.48
74.89
75.31
75.73
76.16
76.58
77.0
77.43
77.86
78.28
78.71
79.14
79.6
80.03
80.46
80.87
81.3
81.72
82.12
82.52
82.92
83.32
83.73
84.13
84.53
84.93
85.33
85.74
86.14
86.55
86.95
87.33
87.75
88.16
88.58
88.99
89.39
89.8
90.21
90.67
91.15
91.6
92.07
92.52
92.99
93.43
93.89
94.36
94.83
95.32
95.78
96.23
96.68
97.14
97.63
98.12
98.64
99.11
99.59
100.04
100.48
100.91
101.36
101.8
102.23
102.66
103.08
103.54
103.97
104.42
104.85
105.3
105.72
106.17
106.59
107.03
107.44
107.89
108.36
108.79
109.26
109.71
110.14
110.56
110.99
111.42
111.85
112.3
112.72
113.16
113.57
113.99
114.4
114.83
115.27
115.68
116.11
116.54
116.99
117.41
117.84
118.26
118.66
119.07
119.48
119.88
120.29
120.68
121.1
121.52
121.93
122.33
122.74
123.15
123.56
123.97
124.38
124.82
125.24
125.65
126.05
126.45
126.84
127.25
127.66
128.09
128.53
128.95
129.4
129.8
130.2
130.58
130.98
131.39
131.8
132.21
132.61
133.03
133.43
133.83
134.25
134.68
135.11
135.52
135.95
136.37
136.77
137.15
137.55
137.97
138.39
138.79
139.2
139.6
140.02
140.42
140.84
141.26
141.67
142.08
142.47
142.9
143.31
143.71
144.13
144.57
144.98
145.39
145.77
146.17
146.58
146.98
147.38
147.78
148.18
148.58
148.95
149.37
149.77
150.17
150.57
150.97
151.36
151.76
152.16
152.55
152.95
153.36
153.76
154.15
154.56
154.96
155.35
155.77
156.18
156.59
157.01
157.42
157.83
158.23
158.64
159.08
159.48
159.92
160.34
160.75
161.18
161.6
162.0
162.43
162.85
163.27
163.66
164.08
164.48
164.89
165.32
165.73
166.15
166.57
166.99
167.43
167.85
168.25
168.68
169.12
169.56
169.97
170.41
170.86
171.28
171.72
172.16
172.62
173.06
173.49
173.91
174.36
174.78
175.18
175.58
175.99
176.4
176.82
177.25
177.68
178.09
178.5
178.9
179.28
179.68
180.08
180.51
180.92
181.36
181.8
182.21
182.66
183.06
183.44
183.84
184.24
184.65
185.05
185.47
185.89
186.29
186.69
187.1
187.52
187.94
188.38
188.79
189.21
189.61
190.0
190.4
190.81
191.22
191.62
192.03
192.45
192.87
193.27
193.67
194.07
194.48
194.87
195.26
195.67
196.06
196.45
196.84
197.22
197.64
198.06
198.46
198.89
199.31
199.73
200.12
200.52
200.92
201.33
201.73
202.14
202.56
203.01
203.47
203.93
204.38
204.83
205.27
205.71
206.16
206.63
207.04
207.47
207.9
208.32
208.75
209.16
209.58
210.02
210.45
210.91
211.34
211.77
212.19
212.63
213.03
213.45
213.88
214.29
214.72
215.15
215.56
216.05
216.51
216.99
217.46
217.96
218.4
218.85
219.27
219.7
220.13
220.55
220.98
221.43
221.85
222.29
222.73
223.2
223.63
224.08
224.51
224.96
225.37
225.81
226.23
226.67
227.07
227.51
227.92
228.36
228.77
229.21
229.63
230.07
230.5
230.94
231.36
231.79
232.19
232.57
232.93
233.31
233.71
234.12
234.53
234.96
235.39
235.81
236.25
236.68
237.11
237.53
237.97
238.39
238.83
239.26
239.7
240.13
240.55
240.95
241.33
241.74
242.13
242.54
242.95
243.34
243.77
244.17
244.58
244.99
245.4
245.81
246.22
246.6
247.03
247.44
247.84
248.25
248.65
249.06
249.47
249.92
250.33
250.77
251.23
251.68
252.12
252.55
252.99
253.43
253.89
254.35
254.83
255.28
255.73
256.18
256.64
257.09
257.53
257.98
258.42
258.89
259.34
259.8
260.28
260.76
261.23
261.7
262.13
262.57
263.01
263.45
263.88
264.32
264.75
265.18
265.61
266.05
266.46
266.91
267.36
267.79
268.23
268.66
269.1
269.52
269.93
270.35
270.78
271.21
271.66
272.11
272.54
272.98
273.39
273.8
274.22
274.66
275.09
275.52
275.95
276.38
276.79
277.23
277.65
278.08
278.52
278.94
279.37
279.8
280.23
280.67
281.11
281.55
281.98
282.41
282.86
283.3
283.72
284.16
284.59
285.03
285.46
285.89
286.31
286.73
287.17
287.61
288.07
288.51
288.94
289.36
289.77
290.16
290.58
290.99
291.39
291.81
292.21
292.6
293.01
293.41
293.82
294.22
294.61
295.04
295.45
295.88
296.29
296.72
297.13
297.55
297.96
298.38
298.78
299.19
299.59
300.0
