0.29
0.65
1.03
1.43
1.8
2.18
2.56
2.94
3.31
3.69
4.07
4.47
4.85
5.22
5.59
5.99
6.39
6.79
7.2
7.61
8.0
8.4
8.81
9.21
9.65
10.05
10.49
10.87
11.25
11.61
12.0
12.39
12.77
13.13
13.49
13.88
14.26
14.64
14.99
15.33
15.65
16.0
16.37
16.72
17.09
17.45
17.83
18.21
18.6
19.0
19.39
19.76
20.16
20.56
20.95
21.34
21.74
22.14
22.52
22.92
23.32
23.72
24.13
24.53
24.94
25.33
25.73
26.12
26.52
26.93
27.34
27.74
28.14
28.52
28.92
29.32
29.72
30.15
30.56
31.0
31.41
31.8
32.18
32.57
32.97
33.35
33.75
34.14
34.52
34.93
35.31
35.7
36.09
36.5
36.93
37.34
37.75
38.15
38.56
38.97
39.4
39.84
40.3
40.72
41.18
41.59
42.01
42.4
42.79
43.2
43.6
44.0
44.39
44.77
45.15
45.54
45.94
46.36
46.76
47.16
47.54
47.94
48.36
48.74
49.17
49.62
50.03
50.48
50.89
51.33
51.77
52.17
52.6
53.02
53.46
53.89
54.31
54.73
55.14
55.59
56.0
56.46
56.89
57.34
57.81
58.25
58.69
59.15
59.59
60.04
60.49
60.94
61.41
61.84
62.28
62.71
63.16
63.6
64.01
64.44
64.88
65.3
65.73
66.16
66.6
67.02
67.48
67.94
68.42
68.85
69.29
69.72
70.14
70.56
70.98
71.42
71.84
72.24
72.69
73.13
73.57
74.02
74.47
74.92
75.35
75.77
76.19
76.63
77.06
77.5
77.91
78.34
78.79
79.21
79.64
80.05
80.49
80.91
81.34
81.78
82.22
82.64
83.07
83.5
83.9
84.28
84.7
85.09
85.49
85.88
86.28
86.69
87.11
87.56
87.99
88.39
88.78
89.17
89.57
89.97
90.38
90.79
91.19
91.59
91.98
92.38
92.77
93.2
93.66
94.14
94.6
95.06
95.54
95.99
96.45
96.91
97.38
97.83
98.32
98.81
99.29
99.77
100.27
100.72
101.2
101.67
102.13
102.58
103.02
103.47
103.92
104.36
104.8
105.25
105.69
106.11
106.55
106.99
107.43
107.88
108.3
108.74
109.16
109.6
110.03
110.46
110.88
111.32
111.79
112.24
112.69
113.12
113.58
114.02
114.47
114.9
115.34
115.77
116.17
116.58
116.98
117.4
117.81
118.24
118.68
119.09
119.52
119.95
120.4
120.83
121.23
121.63
122.02
122.41
122.81
123.22
123.66
124.12
124.56
124.97
125.38
125.81
126.22
126.65
127.07
127.5
127.92
128.34
128.73
129.15
129.55
129.96
130.37
130.81
131.22
131.66
132.1
132.51
132.91
133.33
133.74
134.16
134.57
134.97
135.39
135.77
136.18
136.59
137.0
137.41
137.83
138.28
138.69
139.14
139.56
139.97
140.38
140.82
141.24
141.64
142.05
142.46
142.86
143.27
143.68
144.11
144.52
144.92
145.32
145.76
146.17
146.58
147.0
147.44
147.86
148.25
148.64
149.05
149.46
149.85
150.25
150.65
151.05
151.44
151.86
152.27
152.69
153.08
153.48
153.89
154.29
154.71
155.13
155.53
155.9
156.29
156.69
157.09
157.46
157.88
158.3
158.74
159.16
159.56
160.01
160.43
160.87
161.28
161.71
162.16
162.59
163.0
163.43
163.88
164.31
164.71
165.14
165.55
165.98
166.38
166.74
167.13
167.51
167.92
168.32
168.77
169.18
169.63
170.06
170.48
170.88
171.32
171.71
172.12
172.54
172.95
173.35
173.76
174.18
174.59
175.0
175.43
175.86
176.27
176.65
177.06
177.45
177.85
178.22
178.61
179.01
179.42
179.81
180.22
180.62
181.05
181.44
181.86
182.23
182.64
183.01
183.4
183.81
184.23
184.64
185.06
185.49
185.89
186.28
186.65
187.04
187.44
187.86
188.24
188.66
189.06
189.46
189.84
190.26
190.65
191.09
191.52
191.96
192.39
192.81
193.21
193.6
193.99
194.39
194.79
195.21
195.61
196.01
196.39
196.79
197.2
197.59
198.01
198.44
198.9
199.33
199.76
200.2
200.62
201.05
201.5
201.92
202.34
202.79
203.22
203.65
204.04
204.44
204.83
205.25
205.63
206.04
206.45
206.85
207.25
207.64
208.03
208.42
208.79
209.18
209.62
210.04
210.48
210.9
211.35
211.78
212.19
212.6
213.03
213.45
213.87
214.3
214.76
215.18
215.59
216.01
216.45
216.85
217.29
217.73
218.15
218.58
219.01
219.43
219.82
220.25
220.64
221.06
221.49
221.94
222.36
222.79
223.22
223.66
224.09
224.5
224.94
225.38
225.79
226.23
226.65
227.1
227.51
227.97
228.41
228.86
229.32
229.76
230.2
230.61
231.04
231.49
231.92
232.34
232.77
233.2
233.63
234.05
234.48
234.91
235.35
235.76
236.2
236.62
237.01
237.38
237.77
238.19
238.62
239.06
239.49
239.92
240.34
240.77
241.18
241.59
242.04
242.5
242.94
243.38
243.85
244.34
244.8
245.28
245.68
246.09
246.48
246.87
247.28
247.69
248.11
248.55
248.97
249.37
249.76
250.15
250.56
250.98
251.39
251.84
252.25
252.7
253.15
253.62
254.04
254.5
254.92
255.37
255.81
256.26
256.69
257.14
257.59
258.04
258.51
258.97
259.44
259.9
260.34
260.8
261.26
261.76
262.27
262.78
263.27
263.74
264.2
264.66
265.17
265.68
266.16
266.68
267.11
267.54
267.97
268.38
268.81
269.25
269.67
270.1
270.53
270.95
271.37
271.8
272.23
272.64
273.07
273.48
273.91
274.35
274.77
275.24
275.72
276.22
276.67
277.11
277.53
277.99
278.42
278.86
279.29
279.74
280.17
280.61
281.03
281.47
281.89
282.32
282.75
283.2
283.62
284.05
284.49
284.9
285.31
285.74
286.15
286.59
287.01
287.44
287.89
288.32
288.71
289.08
289.47
289.86
290.27
290.68
291.1
291.52
291.93
292.33
292.74
293.15
293.56
293.97
294.39
294.8
295.2
295.58
295.97
296.36
296.76
297.15
297.54
297.92
298.31
298.72
299.11
299.5
299.9
300.29
300.68
301.08
301.5
301.94
302.37
302.8
303.23
303.69
304.11
304.55
304.99
305.43
