1.0
2.56
4.06
5.58
7.19
8.8
10.49
12.0
13.49
15.02
16.53
18.02
19.6
21.24
22.89
24.53
26.11
27.73
29.31
31.0
32.56
34.13
35.7
37.33
38.97
40.72
42.38
44.0
45.54
47.24
48.94
50.66
52.4
54.09
55.8
57.58
59.32
60.98
62.7
64.43
66.14
67.93
69.71
71.41
73.13
74.92
76.83
78.55
80.28
82.0
83.79
85.48
87.1
88.78
90.37
91.98
93.65
95.53
97.37
99.28
101.19
103.01
104.8
106.54
108.29
110.03
111.78
113.57
115.34
116.98
118.67
120.39
122.01
123.66
125.37
127.06
128.73
130.36
132.09
133.73
135.38
137.0
138.68
140.37
142.04
143.68
145.32
146.99
148.63
150.24
151.86
153.47
155.12
156.98
158.74
160.43
162.16
163.87
165.53
167.12
168.76
170.42
172.11
173.75
175.43
177.06
178.61
180.21
181.85
183.39
185.06
186.64
188.23
189.83
191.51
193.2
194.78
196.38
198.0
199.75
201.49
203.21
204.83
206.45
208.03
209.61
211.34
213.02
214.75
216.44
218.15
219.82
221.5
223.21
224.93
226.65
228.4
230.19
231.91
233.63
235.38
237.32
239.05
240.76
242.5
244.34
246.08
247.68
249.37
250.97
252.67
254.49
256.26
258.03
259.89
261.76
263.73
265.77
268.17
270.71
273.26
274.97
276.66
278.41
280.16
281.88
283.61
285.3
287.01
288.76
290.67
292.32
293.97
295.57
297.15
298.71
300.28
301.93
303.69
