0.19
0.56
0.92
1.28
1.64
1.99
2.34
2.7
3.07
3.47
3.83
4.23
4.6
4.98
5.34
5.72
6.09
6.46
6.83
7.19
7.55
7.93
8.29
8.66
9.02
9.36
9.69
10.04
10.39
10.75
11.08
11.44
11.8
12.17
12.54
12.93
13.31
13.67
14.02
14.36
14.72
15.08
15.45
15.81
16.15
16.54
16.99
17.4
17.85
18.28
18.71
19.12
19.56
19.95
20.34
20.74
21.12
21.5
21.89
22.28
22.68
23.08
23.5
23.89
24.29
24.68
25.07
25.45
25.84
26.22
26.6
26.98
27.34
27.72
28.1
28.48
28.86
29.26
29.64
30.01
30.38
30.77
31.15
31.54
31.92
32.3
32.69
33.06
33.45
33.84
34.21
34.61
34.99
35.39
35.77
36.18
36.57
36.96
37.36
37.75
38.15
38.53
38.92
39.28
39.67
40.06
40.44
40.82
41.18
41.56
41.96
42.33
42.73
43.13
43.54
43.96
44.35
44.76
45.16
45.57
45.97
46.36
46.77
47.16
47.56
47.95
48.35
48.76
49.15
49.56
49.96
50.37
50.78
51.2
51.62
52.02
52.41
52.81
53.21
53.61
54.01
54.41
54.81
55.22
55.63
56.02
56.42
56.82
57.24
57.63
58.05
58.45
58.86
59.27
59.67
60.07
60.48
60.89
61.29
61.71
62.11
62.54
62.96
63.37
63.79
64.2
64.6
65.02
65.43
65.85
66.24
66.66
67.06
67.43
67.77
68.13
68.5
68.88
69.26
69.66
70.04
70.44
70.84
71.23
71.63
72.03
72.42
72.82
73.21
73.59
74.0
74.4
74.82
75.24
75.64
76.02
76.4
76.79
77.17
77.55
77.94
78.31
78.7
79.08
79.48
79.85
80.23
80.62
81.01
81.37
81.77
82.16
82.55
82.93
83.32
83.7
84.09
84.51
84.97
85.41
85.89
86.32
86.75
87.16
87.58
87.98
88.41
88.81
89.2
89.57
89.98
90.4
90.82
91.26
91.72
92.2
92.66
93.05
93.44
93.86
94.26
94.65
95.04
95.46
95.85
96.24
96.64
97.06
97.44
97.83
98.23
98.62
99.02
99.43
99.83
100.27
100.69
101.11
101.51
101.9
102.3
102.7
103.11
103.49
103.91
104.29
104.68
105.06
105.43
105.81
106.19
106.58
106.96
107.34
107.71
108.08
108.46
108.86
109.22
109.62
109.99
110.37
110.74
111.13
111.51
111.89
112.28
112.67
113.05
113.44
113.83
114.21
114.6
114.97
115.36
115.75
116.13
116.5
116.88
117.25
117.63
117.98
118.36
118.76
119.13
119.54
119.91
120.32
120.7
121.1
121.5
121.89
122.27
122.65
123.03
123.41
123.79
124.14
124.52
124.9
125.27
125.65
126.01
126.4
126.78
127.18
127.58
127.96
128.34
128.72
129.09
129.48
129.87
130.25
130.65
131.04
131.43
131.81
132.2
132.6
132.98
133.36
133.75
134.14
134.52
134.89
135.26
135.65
136.03
136.4
136.79
137.16
137.54
137.93
138.31
138.7
139.08
139.45
139.83
140.2
140.58
140.96
141.38
141.77
142.17
142.55
142.95
143.34
143.72
144.1
144.5
144.9
145.29
145.7
146.08
146.5
146.89
147.28
147.68
148.08
148.49
148.92
149.31
149.74
150.14
150.56
150.93
151.29
151.65
152.02
152.39
152.77
153.15
153.53
153.91
154.27
154.67
155.04
155.42
155.8
156.19
156.55
156.91
157.29
157.67
158.03
158.41
158.77
159.12
159.46
159.82
160.18
160.54
160.89
161.25
161.62
162.0
162.36
162.73
163.1
163.46
163.83
164.19
164.57
164.93
165.31
165.67
166.08
166.47
166.86
167.25
167.65
168.03
168.44
168.82
169.19
169.57
169.94
170.33
170.72
171.12
171.53
171.92
172.3
172.68
173.07
173.46
173.86
174.24
174.62
175.0
175.36
175.74
176.13
176.52
176.91
177.31
177.68
178.05
178.41
178.78
179.18
179.55
179.93
180.32
180.68
181.07
181.44
181.83
182.2
182.6
182.98
183.38
183.78
184.17
184.56
184.95
185.32
185.69
186.1
186.49
186.88
187.27
187.66
188.05
188.43
188.81
189.21
189.59
189.99
190.37
190.76
191.17
191.58
191.98
192.39
192.79
193.19
193.57
193.97
194.37
194.77
195.18
195.63
196.06
196.47
196.87
197.3
197.69
198.09
198.49
198.89
199.28
199.67
200.07
200.47
200.87
201.25
201.65
202.06
202.45
202.87
203.27
203.67
204.06
204.44
204.83
205.22
205.62
206.05
206.46
206.87
207.27
207.68
208.07
208.48
208.86
209.27
209.66
210.07
210.46
210.88
211.28
211.68
212.08
212.48
212.87
213.27
213.67
214.08
214.5
214.9
215.28
215.69
216.08
216.51
216.97
217.41
217.81
218.22
218.61
219.01
219.4
219.78
220.17
220.56
220.94
221.34
221.74
222.15
222.56
222.95
223.34
223.7
224.09
224.47
224.85
225.23
225.61
225.99
226.36
226.74
227.12
227.5
227.89
228.27
228.64
229.03
229.42
229.82
230.2
230.57
230.95
231.33
231.75
232.22
232.66
233.14
233.57
233.98
234.38
234.8
235.21
235.63
236.01
236.4
236.79
237.18
237.59
238.0
238.44
238.85
239.28
239.69
240.1
240.52
240.95
241.37
241.82
242.24
242.73
243.2
243.66
244.07
244.47
244.87
245.27
245.65
246.06
246.46
246.85
247.25
247.65
248.04
248.44
248.84
249.23
249.63
250.04
250.46
250.88
251.27
251.66
252.07
252.45
252.85
253.25
253.65
254.05
254.46
254.86
255.25
255.64
256.05
256.44
256.84
257.23
257.63
258.0
258.41
258.79
259.19
259.56
259.97
260.36
260.76
261.15
261.56
261.94
262.36
262.74
263.13
263.52
263.93
264.32
264.71
265.08
265.49
265.85
266.24
266.63
267.0
267.39
267.75
268.09
268.47
268.81
269.17
269.54
269.91
270.25
270.63
270.99
271.35
271.73
272.12
272.51
272.88
273.27
273.65
274.02
274.4
274.79
275.16
275.54
275.89
276.28
276.65
277.05
277.43
277.78
278.15
278.54
278.91
279.26
