1.46
2.87
4.25
5.71
7.18
8.66
10.04
11.43
12.92
14.36
15.8
17.49
19.56
21.12
22.67
24.29
25.83
27.34
28.85
30.38
31.91
33.45
34.98
36.56
38.15
39.67
41.18
42.69
44.16
45.75
47.36
48.93
50.58
52.2
53.96
55.62
57.23
58.85
60.47
62.1
63.78
65.43
67.06
68.68
70.43
72.03
73.59
75.24
76.78
78.31
79.85
81.37
82.93
84.5
86.32
87.98
89.57
91.24
92.87
94.47
96.06
97.66
99.22
100.9
102.5
104.09
105.61
107.21
108.85
110.36
111.89
113.43
114.96
116.5
117.98
119.53
121.09
122.65
124.14
125.64
127.17
128.72
130.24
131.8
133.35
134.88
136.39
137.92
139.45
140.95
142.55
144.1
145.69
147.42
149.22
150.93
152.39
153.9
155.41
156.91
158.41
159.81
161.24
162.72
164.19
165.68
167.24
168.82
170.33
171.91
173.45
174.99
176.51
178.05
179.55
181.06
182.6
184.16
185.7
187.26
188.81
190.36
191.97
193.57
195.18
196.87
198.49
200.07
201.65
203.27
204.82
206.45
208.07
209.65
211.27
212.87
214.49
216.08
217.8
219.39
220.93
222.55
224.08
225.61
227.11
228.64
230.19
231.72
233.14
234.79
236.39
237.99
239.69
241.37
243.04
244.66
246.25
247.84
249.41
250.87
252.45
254.04
255.63
257.22
258.78
260.35
261.94
263.51
265.07
266.62
268.18
269.73
271.34
272.88
274.39
275.88
277.42
