0.31
0.67
1.04
1.41
1.74
2.07
2.42
2.76
3.11
3.45
3.77
4.13
4.47
4.81
5.13
5.48
5.84
6.2
6.57
6.93
7.28
7.65
8.01
8.39
8.79
9.17
9.58
9.97
10.36
10.73
11.13
11.51
11.86
12.21
12.59
12.96
13.32
13.72
14.12
14.53
14.93
15.33
15.69
16.07
16.43
16.79
17.14
17.49
17.86
18.25
18.67
19.07
19.47
19.87
20.26
20.65
21.02
21.43
21.81
22.22
22.64
23.03
23.45
23.85
24.28
24.74
25.17
25.61
26.01
26.39
26.79
27.22
27.66
28.1
28.53
28.94
29.32
29.73
30.12
30.52
30.94
31.33
31.76
32.16
32.55
32.93
33.33
33.72
34.12
34.5
34.9
35.29
35.68
36.07
36.44
36.83
37.22
37.63
38.04
38.43
38.86
39.28
39.71
40.12
40.51
40.9
41.3
41.68
42.08
42.48
42.86
43.25
43.63
44.04
44.41
44.83
45.22
45.62
46.01
46.43
46.81
47.23
47.67
48.11
48.53
48.94
49.34
49.76
50.18
50.58
51.01
51.41
51.85
52.24
52.65
53.06
53.49
53.88
54.28
54.68
55.07
55.5
55.94
56.35
56.78
57.22
57.68
58.16
58.6
59.08
59.5
59.95
60.37
60.8
61.22
61.67
62.1
62.54
62.97
63.42
63.86
64.31
64.76
65.2
65.67
66.1
66.52
66.95
67.38
67.82
68.26
68.69
69.1
69.54
69.95
70.37
70.79
71.22
71.64
72.06
72.44
72.85
73.24
73.64
74.04
74.41
74.8
75.19
75.58
76.0
76.38
76.79
77.2
77.61
78.02
78.43
78.81
79.21
79.6
79.99
80.37
80.76
81.14
81.53
81.92
82.32
82.71
83.11
83.48
83.89
84.26
84.65
85.05
85.45
85.83
86.24
86.64
87.02
87.4
87.8
88.19
88.58
88.97
89.35
89.76
90.19
90.61
91.03
91.44
91.85
92.25
92.66
93.1
93.53
93.96
94.38
94.8
95.23
95.67
96.13
96.57
96.99
97.41
97.83
98.25
98.67
99.1
99.51
99.92
100.32
100.74
101.14
101.55
101.95
102.36
102.77
103.18
103.6
104.02
104.44
104.86
105.27
105.68
106.09
106.48
106.89
107.31
107.72
108.12
108.53
108.94
109.33
109.74
110.12
110.49
110.87
111.25
111.64
112.01
112.39
112.74
113.12
113.48
113.85
114.22
114.62
114.99
115.37
115.75
116.13
116.51
116.91
117.33
117.73
118.12
118.51
118.89
119.28
119.67
120.07
120.48
120.88
121.26
121.65
122.03
122.42
122.8
123.18
123.56
123.95
124.33
124.71
125.09
125.46
125.86
126.23
126.62
127.02
127.42
127.81
128.19
128.58
128.97
129.36
129.76
130.15
130.55
130.95
131.34
131.71
132.1
132.47
132.85
133.25
133.63
134.0
134.39
134.77
135.16
135.55
135.92
136.3
136.7
137.09
137.46
137.86
138.26
138.62
139.0
139.4
139.78
140.16
140.52
140.9
141.3
141.69
142.08
142.48
142.89
143.28
143.67
144.06
144.45
144.84
145.24
145.61
146.0
146.39
146.8
147.18
147.54
147.94
148.31
148.72
149.09
149.47
149.84
150.22
150.62
150.99
151.38
151.75
152.12
152.51
152.91
153.3
153.67
154.07
154.45
154.83
155.21
155.59
155.95
156.33
156.71
157.09
157.47
157.85
158.25
158.63
159.01
159.36
159.73
160.1
160.5
160.9
161.29
161.68
162.07
162.45
162.85
163.24
163.61
164.0
164.38
164.76
165.14
165.52
165.93
166.32
166.73
167.11
167.47
167.81
168.18
168.54
168.89
169.23
169.59
169.96
170.36
170.73
171.11
171.48
171.85
172.22
172.6
172.97
173.31
173.68
174.05
174.43
174.79
175.17
175.54
175.9
176.26
176.63
177.03
177.41
177.83
178.21
178.62
179.05
179.45
179.87
180.28
180.67
181.08
181.49
181.91
182.35
182.77
183.17
183.56
183.95
184.35
184.75
185.15
185.55
185.96
186.36
186.76
187.15
187.55
187.93
188.33
188.7
189.1
189.5
189.92
190.32
190.72
191.11
191.53
191.93
192.36
192.76
193.17
193.58
193.99
194.38
194.75
195.15
195.53
195.93
196.33
196.74
197.14
197.54
197.93
198.34
198.77
199.16
199.59
199.98
200.41
200.79
201.19
201.61
202.02
202.43
202.83
203.23
203.63
204.03
204.42
204.82
205.22
205.62
206.05
206.45
206.87
207.26
207.66
208.07
208.48
208.9
209.3
209.7
210.13
210.6
211.07
211.56
212.01
212.47
212.89
213.32
213.74
214.14
214.56
215.0
215.4
215.82
216.24
216.68
217.1
217.55
217.96
218.36
218.76
219.17
219.59
219.99
220.4
220.81
221.24
221.65
222.06
222.48
222.88
223.29
223.7
224.11
224.51
224.92
225.32
225.73
226.13
226.53
226.92
227.3
227.68
228.09
228.47
228.88
229.27
229.67
230.07
230.48
230.89
231.28
231.66
232.05
232.45
232.84
233.22
233.61
234.0
234.38
234.76
235.15
235.53
235.93
236.32
236.71
237.08
237.47
237.86
238.25
238.62
238.99
239.39
239.78
240.16
240.55
240.94
241.32
241.72
242.11
242.49
242.92
243.32
243.74
244.15
244.57
244.99
245.41
245.82
246.25
246.67
247.08
247.48
247.89
248.29
248.72
249.13
249.55
249.98
250.38
250.8
251.25
251.7
252.12
252.58
253.01
253.43
253.84
254.26
254.67
255.1
255.49
255.9
256.3
256.71
257.1
257.5
257.93
258.34
258.75
259.16
259.59
260.01
260.4
260.81
261.19
261.6
262.02
262.43
262.82
263.23
263.64
264.05
264.46
264.89
265.29
265.7
266.1
266.53
266.93
267.34
267.74
268.15
268.57
268.99
269.39
269.77
270.18
270.56
270.91
271.28
271.66
272.07
272.46
272.88
273.27
273.67
274.05
274.46
274.85
275.24
275.62
276.01
276.42
276.81
277.2
277.61
278.01
278.41
278.81
279.21
279.62
280.03
280.43
280.83
281.22
281.62
282.0
282.39
282.77
283.15
283.54
283.91
284.31
284.69
285.07
285.46
285.84
286.22
286.61
287.01
287.42
287.82
288.23
288.66
289.07
289.48
289.89
290.29
