2.06
3.49
5.04
6.56
8.0
9.57
11.12
12.59
14.12
15.69
17.13
18.57
19.97
21.43
23.03
24.73
26.41
28.11
29.73
31.32
32.93
34.5
36.06
37.63
39.27
40.89
42.48
44.16
45.91
47.67
49.34
51.0
52.64
54.27
55.94
57.69
59.49
61.21
62.97
64.75
66.51
68.25
69.95
71.64
73.23
75.0
76.59
78.22
79.8
81.33
82.9
84.47
86.03
87.6
89.14
90.6
92.24
93.95
95.67
97.4
99.1
100.73
102.35
104.01
105.74
107.51
109.14
110.68
112.22
114.21
115.74
117.32
118.89
120.47
122.02
123.56
125.09
126.62
128.18
129.75
131.33
132.85
134.38
135.91
137.45
139.0
140.52
142.07
143.66
145.23
146.79
148.31
149.82
151.38
152.9
154.45
155.95
157.47
159.0
160.5
162.06
163.6
165.13
166.72
168.17
169.58
171.1
172.59
174.05
175.78
177.4
179.04
180.64
182.34
183.95
185.54
187.14
188.69
190.31
191.92
193.57
195.14
196.74
198.5
200.19
201.8
203.42
205.02
206.66
208.26
210.12
212.01
213.73
215.39
217.09
218.76
220.39
222.06
223.69
225.51
227.1
228.67
230.28
231.86
233.41
234.94
236.51
238.04
239.58
241.13
242.9
244.57
246.24
247.89
249.54
251.25
253.01
254.67
256.29
257.92
259.58
261.19
262.81
264.45
266.09
267.73
269.38
271.02
272.66
274.25
276.01
277.61
279.21
280.82
282.38
283.91
285.45
287.0
288.65
