0.35
0.94
1.59
2.18
2.8
3.45
4.01
4.6
5.2
5.8
6.35
6.91
7.48
8.07
8.63
9.2
9.7
10.25
10.77
11.27
11.8
12.32
12.86
13.4
13.94
14.46
14.98
15.5
16.04
16.56
17.11
17.63
18.15
18.69
19.22
19.72
20.26
20.74
21.26
21.76
22.3
22.78
23.29
23.82
24.31
24.78
25.25
25.73
26.24
26.76
27.25
27.77
28.26
28.76
29.29
29.77
30.28
30.79
31.27
31.73
32.23
32.71
33.18
33.67
34.13
34.61
35.14
35.65
36.16
36.68
37.16
37.65
38.16
38.68
39.17
39.69
40.21
40.76
41.28
41.78
42.32
42.81
43.42
43.99
44.57
45.16
45.73
46.28
46.86
47.41
48.0
48.61
49.2
49.73
50.24
50.74
51.28
51.78
52.31
52.81
53.34
53.84
54.4
55.0
55.59
56.17
56.72
57.3
57.91
58.44
58.94
59.48
59.97
60.49
61.05
61.63
62.2
62.76
63.29
63.85
64.43
65.02
65.61
66.17
66.78
67.33
67.94
68.48
69.01
69.56
70.15
70.68
71.24
71.82
72.39
72.91
73.44
73.93
74.45
74.97
75.52
76.04
76.55
77.07
77.59
78.09
78.64
79.13
79.65
80.17
80.69
81.23
81.72
82.24
82.74
83.24
83.72
84.18
84.67
85.14
85.66
86.2
86.69
87.24
87.73
88.24
88.76
89.26
89.79
90.29
90.8
91.31
91.82
92.35
92.89
93.44
93.94
94.5
95.02
95.53
96.02
96.52
97.06
97.58
98.1
98.65
99.25
99.82
100.36
100.96
101.5
102.04
102.55
103.1
103.59
104.12
104.63
105.18
105.7
106.2
106.71
107.25
107.75
108.3
108.79
109.34
109.83
110.33
110.86
111.39
111.93
112.45
112.97
113.51
114.05
114.61
115.14
115.6
116.1
116.57
117.04
117.52
118.02
118.49
118.96
119.43
119.89
120.37
120.84
121.35
121.95
122.51
123.12
123.67
124.29
124.85
125.45
126.09
126.69
127.28
127.91
128.54
129.15
129.79
130.37
130.98
131.62
132.2
132.84
133.42
134.05
134.67
135.26
135.82
136.4
137.01
137.56
138.1
138.66
139.25
139.81
140.37
140.91
141.46
141.98
142.53
143.06
143.66
144.23
144.77
145.34
145.94
146.56
147.17
147.76
148.39
148.96
149.54
150.11
150.66
151.25
151.82
152.36
152.92
153.51
154.07
154.63
155.16
155.73
156.28
156.86
157.42
157.94
158.49
159.07
159.59
160.16
160.83
161.48
162.11
162.72
163.3
163.93
164.52
165.1
165.67
166.23
166.82
167.36
167.95
168.55
169.16
169.78
170.36
170.96
171.57
172.18
172.73
173.32
173.89
174.48
175.1
175.68
176.24
176.81
177.38
177.96
178.5
179.01
179.55
180.12
180.66
181.17
181.71
182.28
182.81
183.37
183.94
184.46
185.0
185.56
186.07
186.67
187.24
187.8
188.35
188.97
189.55
190.17
190.77
191.42
192.03
192.63
193.27
193.84
194.42
194.97
195.53
196.11
196.7
197.29
197.91
198.5
199.06
199.68
200.25
200.81
201.39
202.0
202.55
203.12
203.65
204.19
204.77
205.39
205.98
206.56
207.16
207.78
208.39
208.97
209.57
210.11
210.65
211.11
211.61
212.09
212.57
213.03
213.51
214.01
214.49
214.96
215.44
215.89
216.36
216.83
217.3
217.77
218.26
218.73
219.2
219.65
220.14
220.59
