0.81
1.7
2.58
3.39
4.16
4.96
5.77
6.53
7.31
8.11
8.82
9.56
10.33
11.15
11.96
12.72
13.54
14.33
15.1
15.84
16.62
17.46
18.24
19.05
19.81
20.6
21.39
22.22
22.97
23.78
24.59
25.34
26.18
26.95
27.76
28.54
29.34
30.18
30.86
31.59
32.32
32.95
33.57
34.19
34.75
35.33
35.9
36.45
37.07
37.63
38.23
38.86
39.46
40.03
40.59
41.2
41.75
42.3
42.83
43.38
43.92
44.5
45.04
45.61
46.17
46.75
47.32
47.93
48.54
49.15
49.72
50.3
50.89
51.44
52.0
52.59
53.16
53.74
54.28
54.84
55.43
56.1
56.74
57.37
58.03
58.7
59.36
59.99
60.61
61.26
61.99
62.67
63.36
64.08
64.73
65.44
66.08
66.77
67.43
68.12
68.7
69.26
69.83
70.41
71.03
71.59
72.19
72.77
73.37
73.98
74.54
75.16
75.75
76.3
76.87
77.43
78.0
78.55
79.09
79.6
80.15
80.71
81.28
81.84
82.4
82.96
83.53
84.11
84.66
85.27
85.84
86.49
87.12
87.75
88.37
89.04
89.66
90.31
90.84
91.38
91.94
92.49
93.04
93.62
94.18
94.75
95.35
95.91
96.47
97.04
97.62
98.21
98.83
99.42
99.98
100.52
101.08
101.63
102.19
102.77
103.33
103.87
104.46
105.01
105.53
106.09
106.63
107.19
107.75
108.32
108.88
109.44
110.01
110.6
111.14
111.69
112.24
112.8
113.33
113.9
114.45
115.04
115.6
116.14
116.7
117.32
117.91
118.47
119.06
119.68
120.25
120.79
121.34
121.88
122.39
122.91
123.47
123.97
124.44
124.91
125.39
125.88
126.39
126.85
127.37
127.93
128.51
129.07
129.6
130.2
130.77
131.31
131.91
132.61
133.25
133.92
134.59
135.31
135.98
136.65
137.38
138.06
138.69
139.31
139.97
140.58
141.17
141.8
142.4
142.97
143.59
144.17
144.76
145.32
145.87
146.46
147.05
147.64
148.25
148.84
149.41
149.99
150.59
151.23
151.84
152.44
153.01
153.59
154.14
154.7
155.28
155.86
156.46
157.03
157.66
158.26
158.84
159.43
160.09
160.72
161.38
161.99
162.7
163.42
164.13
164.91
165.65
166.43
167.22
167.97
168.67
169.33
169.97
170.63
171.25
171.9
172.47
173.0
173.52
174.04
174.56
175.13
175.66
176.21
176.75
177.33
177.86
178.41
178.98
179.53
180.06
180.6
181.15
181.72
182.26
182.83
183.35
183.91
184.48
185.06
185.62
186.14
186.72
187.21
187.76
188.25
188.79
189.32
189.81
190.36
190.87
191.4
191.89
192.42
192.93
193.48
193.97
194.52
195.02
195.55
196.08
196.61
197.15
197.68
198.21
198.76
199.26
199.8
200.37
200.92
201.44
201.99
202.57
203.09
203.64
204.19
204.76
205.31
205.91
206.45
207.03
207.62
208.19
208.76
209.3
209.87
210.44
211.06
211.66
212.33
212.96
213.6
214.24
214.86
215.48
216.14
216.83
217.47
218.15
218.88
219.57
220.2
220.86
221.48
222.15
222.8
223.47
224.14
224.86
225.53
226.24
226.96
227.68
228.39
229.15
229.86
230.6
231.35
232.11
232.83
233.55
234.27
235.01
235.78
