1.3
5.52
9.81
14.04
18.24
22.46
26.17
29.33
32.31
34.74
37.07
39.45
41.74
43.92
46.16
48.53
50.9
53.15
55.42
57.75
60.27
62.66
64.98
67.13
69.26
71.57
73.99
76.29
78.54
80.71
82.96
85.25
87.56
89.94
92.23
94.45
96.76
99.13
101.36
103.58
106.01
108.31
110.57
112.8
115.03
117.27
119.66
121.86
123.96
125.88
127.92
130.19
132.45
134.66
136.76
139.11
141.52
143.88
146.18
148.54
150.88
153.41
155.85
158.25
160.71
163.42
166.42
169.33
171.89
174.03
176.17
178.41
180.61
182.99
185.33
188.21
191.39
194.51
198.2
202.1
205.59
209.02
212.65
216.81
220.85
224.63
228.38
232.12
