3.24
5.98
8.4
10.65
12.95
15.46
17.91
20.68
23.0
25.63
28.32
30.81
33.38
35.96
38.29
40.52
42.77
45.31
47.85
50.41
52.71
55.48
58.87
62.35
65.63
68.89
71.76
74.29
76.81
79.15
81.35
83.47
85.48
87.41
89.31
91.25
93.19
95.11
97.33
99.52
101.71
103.81
105.71
107.62
109.51
111.48
113.49
115.37
117.27
119.3
121.22
123.23
125.04
126.83
128.62
130.43
132.32
134.25
136.26
138.24
140.3
142.19
144.04
145.87
147.69
149.48
151.26
153.05
154.86
156.76
158.72
160.63
162.58
164.52
166.49
168.5
170.46
172.6
174.76
176.9
179.03
181.38
184.15
187.1
190.11
193.06
196.41
199.73
203.44
207.31
211.14
214.84
218.35
221.17
223.97
226.66
229.39
231.76
234.11
236.16
238.44
240.46
242.41
244.33
246.28
248.2
250.15
252.07
254.05
256.35
258.53
260.77
263.02
265.33
267.64
269.48
271.31
273.11
274.94
276.85
278.7
280.57
282.42
284.16
285.98
287.8
289.65
291.51
293.42
295.79
298.14
300.44
302.7
304.96
307.13
309.31
311.34
313.31
315.41
317.44
319.61
322.0
324.32
326.7
329.22
332.36
335.63
