0.45
1.02
1.57
2.14
2.68
3.24
3.81
4.33
4.89
5.43
5.98
6.6
7.19
7.78
8.37
8.96
9.51
10.1
10.66
11.21
11.8
12.35
12.95
13.57
14.2
14.82
15.46
16.06
16.65
17.23
17.92
18.6
19.33
20.01
20.68
21.28
21.85
22.41
23.0
23.58
24.23
24.91
25.63
26.28
26.92
27.61
28.29
28.93
29.59
30.37
31.07
31.82
32.57
33.35
34.06
34.67
35.31
35.96
36.53
37.11
37.72
38.29
38.84
39.43
39.96
40.52
41.06
41.61
42.18
42.78
43.4
44.03
44.66
45.32
45.91
46.49
47.02
47.6
48.17
48.7
49.3
49.86
50.42
51.0
51.58
52.16
52.72
53.32
53.93
54.55
55.15
55.74
56.32
56.92
57.52
58.15
58.72
59.35
59.89
60.48
61.06
61.63
62.2
62.74
63.33
63.91
64.45
65.03
65.64
66.26
66.83
67.46
68.06
68.66
69.23
69.87
70.45
71.1
71.73
72.39
73.01
73.67
74.29
74.95
75.59
76.18
76.81
77.42
78.04
78.59
79.15
79.72
80.24
80.82
81.35
81.92
82.42
82.98
83.48
83.99
84.5
85.01
85.49
85.97
86.46
86.95
87.43
87.89
88.38
88.85
89.31
89.81
90.29
90.78
91.26
91.75
92.25
92.74
93.19
93.64
94.09
94.54
95.0
95.46
95.91
96.34
96.77
97.23
97.72
98.19
98.66
99.13
99.58
100.06
100.52
100.99
101.48
101.93
102.4
102.87
103.35
103.82
104.3
104.75
105.24
105.72
106.19
106.67
107.16
107.62
108.1
108.56
109.04
109.52
110.02
110.52
110.99
111.49
111.98
112.48
113.01
113.5
113.97
114.43
114.89
115.37
115.83
116.32
116.8
117.28
117.77
118.3
118.8
119.3
119.79
120.28
120.75
121.23
121.72
122.22
122.75
123.23
123.68
124.14
124.6
125.05
125.51
126.03
126.51
126.99
127.48
128.05
128.65
129.22
129.77
130.33
130.9
131.47
132.07
132.66
133.27
133.79
134.26
134.77
135.29
135.79
136.27
136.74
137.23
137.73
138.25
138.77
139.31
139.82
140.31
140.77
141.23
141.71
142.19
142.64
143.13
143.59
144.05
144.51
144.95
145.41
145.87
146.34
146.8
147.23
147.7
148.13
148.58
149.05
149.48
149.94
150.45
150.91
151.4
151.95
152.52
153.06
153.55
154.08
154.59
155.08
155.54
156.03
156.51
156.99
157.47
158.0
158.51
159.04
159.59
160.12
160.63
161.15
161.63
162.1
162.58
163.07
163.56
164.04
164.53
165.03
165.52
166.01
166.5
166.99
167.49
168.0
168.5
169.0
169.49
169.98
170.47
170.97
171.49
172.07
172.6
173.17
173.68
174.25
174.77
175.3
175.84
176.4
176.91
177.46
177.96
178.5
179.04
179.58
180.11
180.63
181.11
181.62
182.13
182.65
183.18
183.69
184.16
184.65
185.15
185.64
186.13
186.62
187.11
187.58
188.07
188.57
189.11
189.62
190.11
190.6
191.09
191.59
192.04
192.49
192.96
193.43
193.87
194.3
194.73
195.21
195.73
196.19
196.68
197.17
197.63
198.13
198.59
199.08
199.55
200.03
200.54
201.0
201.51
202.0
202.49
202.96
203.45
203.92
204.41
204.92
205.41
205.89
206.39
206.85
207.33
207.82
208.33
208.83
209.29
209.79
210.27
210.78
211.3
211.78
212.29
212.81
213.36
213.87
214.35
214.85
215.34
215.84
216.36
216.86
217.36
217.87
218.35
218.83
219.32
219.8
220.25
220.7
221.17
221.65
222.1
222.58
223.04
223.52
224.0
224.5
224.97
225.45
225.94
226.42
226.87
227.35
227.83
228.29
228.8
229.39
229.96
230.55
231.15
231.76
232.29
232.79
233.32
233.86
234.38
234.88
235.36
235.88
236.37
236.89
237.41
237.93
238.45
238.99
239.49
239.98
240.47
240.97
241.46
241.92
242.41
242.9
243.37
243.86
244.34
244.83
245.29
245.8
246.28
246.77
247.23
247.72
248.2
248.7
249.17
249.67
250.16
250.64
251.1
251.59
252.09
252.55
253.04
253.57
254.07
254.64
255.23
255.8
256.36
256.92
257.47
258.01
258.53
259.1
259.68
260.21
260.77
261.35
261.92
262.45
263.03
263.59
264.2
264.78
265.33
265.94
266.5
267.1
267.64
268.22
268.76
269.27
269.76
270.28
270.78
271.31
271.79
272.31
272.78
273.27
273.75
274.24
274.67
275.08
275.51
275.94
276.41
276.86
277.32
277.78
278.25
278.71
279.16
279.64
280.12
280.58
281.03
281.5
281.95
282.44
282.97
283.52
284.06
284.52
285.0
285.49
285.98
286.45
286.91
287.35
287.81
288.28
288.74
289.2
289.65
290.13
290.58
291.04
291.52
292.0
292.46
292.93
293.43
293.92
294.46
294.94
295.48
296.04
296.56
297.13
297.67
298.18
298.72
299.3
299.87
300.45
301.0
301.6
302.16
302.71
303.27
303.82
304.4
304.96
305.52
306.03
306.57
307.13
307.65
308.2
308.74
309.31
309.82
310.38
310.84
311.35
311.84
312.31
312.8
313.32
313.85
314.38
314.9
315.42
315.95
316.46
316.94
317.45
317.94
318.45
318.99
319.62
320.22
320.81
321.39
322.01
322.57
323.15
323.73
324.33
324.92
325.53
326.09
326.7
327.32
327.97
328.61
329.23
329.85
330.58
331.26
331.92
332.62
333.31
334.06
334.83
335.64
336.42
337.37
338.27
