1.0
2.09
3.02
4.04
4.98
5.87
6.79
7.63
8.52
9.38
10.24
11.1
11.89
12.69
13.5
14.35
15.15
15.91
16.74
17.52
18.29
19.1
19.95
20.92
22.01
23.11
24.19
25.32
26.34
27.32
28.38
29.24
30.2
31.06
31.99
32.91
33.94
34.88
35.85
36.96
38.09
39.17
40.27
41.28
42.21
43.3
44.41
45.45
46.49
47.61
48.71
49.72
50.81
51.88
52.89
53.94
55.05
56.12
57.2
58.35
59.43
60.47
61.56
62.65
63.74
64.85
65.88
66.75
67.66
68.68
69.78
70.78
71.88
72.98
74.07
75.2
76.17
77.22
78.29
79.28
80.25
81.26
82.18
83.21
84.2
85.2
86.24
87.28
88.22
89.26
90.35
91.37
92.3
93.21
94.11
94.98
95.9
96.73
97.5
98.34
99.23
100.07
100.94
101.82
102.8
103.88
104.89
105.85
106.85
107.89
108.85
109.88
110.75
111.7
112.58
113.49
114.35
115.32
116.23
117.2
118.31
119.35
120.43
121.52
122.67
123.72
124.82
125.81
126.82
127.86
128.83
129.87
130.85
131.88
132.98
134.03
135.07
136.08
137.1
138.11
139.21
140.35
141.4
142.52
143.44
144.44
145.35
146.31
147.24
148.25
149.18
150.17
151.1
152.06
153.06
154.14
155.14
156.11
157.08
158.11
159.07
160.01
161.0
162.13
163.17
164.26
165.31
166.36
167.4
168.5
169.55
170.59
171.64
172.67
173.76
174.78
175.71
176.62
177.58
178.5
179.52
180.58
181.62
182.66
183.69
184.73
185.68
186.7
187.62
188.62
189.52
190.46
191.36
192.33
193.13
193.93
194.69
195.5
196.32
197.1
197.91
198.71
199.49
200.31
201.19
201.98
202.82
203.63
204.51
205.34
206.28
207.24
208.21
209.11
210.09
211.05
211.88
212.76
213.52
214.33
215.1
215.87
216.67
217.47
218.17
218.94
219.65
220.39
221.13
221.88
222.65
223.36
224.11
224.86
225.55
226.24
226.93
227.64
228.36
229.08
229.84
230.62
231.42
232.12
232.86
233.6
234.42
235.2
235.99
236.76
237.57
238.34
239.18
240.06
240.84
241.65
242.46
243.26
243.96
244.71
245.44
246.25
247.01
247.81
248.74
249.78
250.73
251.7
252.76
253.81
254.85
255.84
256.84
257.85
258.83
259.82
260.77
261.76
262.85
263.82
264.72
265.59
266.47
267.42
268.29
269.15
270.12
271.11
272.08
272.99
274.01
274.95
275.92
276.9
277.83
278.71
279.66
280.57
281.48
282.54
283.67
284.78
285.79
286.83
287.89
288.96
289.9
290.91
291.95
292.92
293.87
294.91
295.83
296.93
297.91
298.96
299.99
301.04
302.13
303.08
304.09
305.07
306.18
307.19
308.3
309.32
310.35
311.46
312.46
313.51
314.6
315.66
316.68
317.61
318.55
319.52
320.47
321.4
322.41
323.35
324.41
325.43
326.5
327.57
328.59
329.57
330.52
331.55
332.38
333.3
334.13
335.0
335.94
336.89
337.88
338.78
339.73
340.62
341.54
342.45
343.45
344.42
345.38
346.32
347.26
348.34
349.33
350.36
351.39
352.45
353.45
354.53
355.45
356.46
357.4
358.33
359.34
360.3
361.35
362.33
363.33
364.33
365.22
366.14
367.07
367.95
368.87
369.79
370.68
371.61
372.55
373.54
374.47
375.42
376.41
377.33
378.31
379.2
380.03
380.9
381.81
382.64
383.56
384.47
385.33
386.26
387.14
387.93
388.72
389.55
390.34
391.11
391.94
392.71
393.53
394.34
395.11
395.97
396.98
397.95
398.91
399.88
400.92
401.86
402.89
403.82
404.91
406.0
407.15
408.2
409.31
410.38
411.5
412.51
413.6
414.62
415.69
416.66
417.56
418.48
419.31
420.13
421.02
421.85
422.76
423.73
424.69
425.7
426.58
427.37
428.16
428.98
429.81
430.7
431.6
432.44
433.35
434.24
435.14
436.03
436.84
437.64
438.43
439.2
439.98
440.76
441.52
442.29
443.04
443.82
444.65
445.55
446.41
447.28
448.19
449.04
450.02
451.01
451.94
452.91
453.92
454.86
455.81
456.76
457.75
458.67
459.63
460.75
461.79
462.94
463.97
464.96
466.04
467.02
468.1
469.17
470.28
471.29
472.38
473.49
474.52
475.45
476.39
477.33
478.31
479.27
480.19
481.18
482.12
483.02
483.79
484.6
485.4
486.22
487.02
487.78
488.62
