4.04
8.21
12.43
16.72
20.92
25.31
29.23
32.9
36.96
41.08
45.44
49.7
53.57
57.46
61.45
64.93
68.67
72.43
76.11
80.24
84.17
88.22
92.26
95.89
99.52
103.36
107.64
111.5
115.31
119.33
123.71
127.85
131.88
136.08
139.68
142.85
146.3
149.81
153.66
157.54
161.27
165.3
169.54
173.75
177.56
180.58
183.68
186.86
190.45
193.95
197.09
200.51
203.99
207.23
210.09
213.14
216.24
219.65
223.35
227.1
230.44
233.59
236.75
240.05
243.25
247.0
250.72
254.86
258.82
262.84
266.98
271.08
275.2
278.73
282.45
286.19
289.9
293.87
297.9
302.13
306.17
310.34
313.74
317.05
320.45
323.7
326.71
330.51
334.12
337.87
341.74
345.74
349.54
353.05
356.49
360.03
363.89
368.31
372.54
376.41
380.0
383.54
387.13
390.32
393.53
396.97
400.91
404.79
408.19
411.49
414.88
418.48
421.84
425.69
428.97
432.43
436.02
439.19
442.28
445.54
449.03
452.2
455.79
459.21
462.95
467.02
471.29
475.45
479.55
483.77
