3.31
6.22
8.87
11.57
14.48
17.56
20.83
23.88
26.39
28.96
31.55
34.5
37.13
39.8
42.4
45.0
47.64
50.23
52.82
55.69
58.85
61.85
64.19
66.47
68.75
71.27
73.93
76.46
78.65
80.81
82.98
85.73
88.59
91.34
93.87
96.29
98.66
101.07
103.87
106.77
109.23
111.95
114.66
117.21
119.47
121.63
123.92
126.79
129.7
132.58
135.09
137.63
140.1
142.46
144.65
146.88
149.06
151.2
153.29
155.65
158.0
160.33
162.63
164.91
167.43
169.84
172.2
174.7
177.42
180.13
183.08
185.92
188.72
191.72
194.65
197.59
200.84
203.96
206.56
209.06
211.43
213.77
216.22
218.69
221.19
223.65
226.26
228.96
231.36
234.21
237.03
239.48
242.1
244.96
247.67
250.24
252.58
254.86
257.29
259.79
261.99
264.24
266.22
268.23
270.14
272.06
274.01
275.92
277.89
280.25
282.87
285.54
287.92
290.4
293.06
295.83
298.45
301.03
303.59
306.08
308.35
310.98
313.64
316.26
318.74
321.12
323.62
326.04
328.48
330.87
333.27
335.71
338.68
341.37
344.12
346.95
349.86
352.73
355.37
357.89
360.2
362.4
364.44
366.54
368.74
370.97
373.19
375.36
377.64
380.02
382.36
384.7
387.27
389.85
392.2
394.6
397.55
400.55
403.78
406.89
409.67
