0.75
1.61
2.43
3.25
4.11
5.03
5.94
6.83
7.69
8.61
9.61
10.57
11.59
12.58
13.55
14.45
15.43
16.51
17.57
18.68
19.81
20.84
21.97
23.07
23.89
24.7
25.55
26.4
27.28
28.11
28.93
29.79
30.65
31.48
32.38
33.31
34.19
35.11
36.16
37.13
38.0
38.94
39.81
40.66
41.58
42.42
43.34
44.18
45.02
45.93
46.76
47.64
48.55
49.43
50.25
51.12
52.01
52.83
53.72
54.67
55.7
56.67
57.42
58.15
58.86
59.59
60.3
61.05
61.86
62.65
63.48
64.2
64.98
65.73
66.45
67.25
67.98
68.76
69.63
70.42
71.29
72.18
72.99
73.94
74.81
75.76
76.47
77.22
77.91
78.66
79.52
80.31
81.17
82.04
82.98
83.84
84.79
85.75
86.7
87.64
88.61
89.35
90.11
90.91
91.66
92.39
93.12
93.9
94.73
95.48
96.31
97.06
97.87
98.68
99.42
100.18
101.07
101.98
102.87
103.64
104.5
105.25
106.03
106.78
107.59
108.41
109.24
110.16
111.0
111.92
112.79
113.59
114.28
115.02
115.74
116.48
117.22
117.99
118.7
119.48
120.35
121.29
122.17
123.07
123.93
124.78
125.78
126.81
127.82
128.75
129.72
130.49
131.28
132.09
132.85
133.59
134.32
135.1
135.8
136.58
137.31
138.06
138.8
139.5
140.24
140.99
141.72
142.47
143.24
143.95
144.66
145.39
146.12
146.89
147.58
148.29
149.05
149.76
150.43
151.14
151.87
152.58
153.3
154.11
154.88
155.65
156.43
157.2
158.01
158.76
159.54
160.34
161.13
161.85
162.62
163.41
164.13
164.92
165.74
166.58
167.44
168.24
169.03
169.85
170.63
171.44
172.22
173.02
173.83
174.71
175.58
176.5
177.43
178.34
179.21
180.14
181.04
182.09
183.09
184.08
184.96
185.93
186.82
187.77
188.73
189.72
190.69
191.73
192.72
193.65
194.66
195.57
196.56
197.6
198.7
199.76
200.85
201.96
203.06
203.98
204.91
205.74
206.56
207.36
208.19
209.0
209.85
210.68
211.44
212.22
213.01
213.8
214.63
215.4
216.23
217.04
217.85
218.69
219.5
220.38
221.19
222.04
222.86
223.65
224.51
225.4
226.27
227.19
228.08
228.97
229.73
230.48
231.37
232.34
233.25
234.23
235.13
236.07
237.04
237.87
238.64
239.49
240.36
241.16
242.14
243.09
244.01
244.98
245.91
246.82
247.68
248.64
249.42
250.21
251.03
251.81
252.59
253.34
254.11
254.87
255.66
256.47
257.3
258.09
258.93
259.8
260.55
261.25
262.0
262.76
263.47
264.25
265.09
265.93
266.75
267.53
268.44
269.25
270.14
270.99
271.7
272.45
273.23
274.03
274.76
275.58
276.34
277.14
277.9
278.7
279.45
280.27
281.16
281.97
282.87
283.82
284.77
285.87
286.88
287.93
288.95
289.93
290.98
292.07
293.08
294.12
295.12
296.13
297.2
298.21
299.18
300.2
301.27
302.28
303.26
304.29
305.24
306.18
307.14
308.15
309.11
310.01
310.99
311.86
312.78
313.64
314.57
315.42
316.28
317.2
317.98
318.75
319.55
320.32
321.13
321.9
322.75
323.63
324.48
325.26
326.05
326.91
327.69
328.48
329.3
330.07
330.88
331.69
332.47
333.29
334.1
334.84
335.64
336.37
337.15
337.98
338.76
339.61
340.43
341.38
342.33
343.25
344.13
345.04
346.03
346.96
347.95
348.88
349.87
350.85
351.76
352.74
353.62
354.55
355.39
356.21
357.08
357.9
358.77
359.48
360.2
360.92
361.62
362.34
363.1
363.78
364.46
365.17
365.86
366.56
367.32
368.01
368.75
369.5
370.23
370.98
371.73
372.46
373.2
373.91
374.65
375.37
376.15
376.93
377.65
378.44
379.25
380.03
380.85
381.6
382.37
383.19
383.94
384.71
385.51
386.38
387.28
388.17
388.99
389.83
390.59
391.41
392.22
393.01
393.81
394.62
395.41
396.49
397.55
398.46
399.41
400.36
401.32
402.29
403.21
404.21
405.12
406.01
406.9
407.84
408.71
409.51
410.34
411.1
411.91
412.72
413.54
414.34
415.14
