0.49
4.82
9.11
12.9
16.66
20.23
23.2
26.23
29.49
32.69
36.3
40.47
44.21
47.32
50.47
53.62
57.25
60.64
63.98
67.99
72.31
75.89
79.13
82.55
86.06
89.29
92.3
95.35
98.59
102.11
106.17
109.99
113.09
115.69
118.35
121.06
124.37
128.04
132.27
136.08
140.17
144.24
148.4
152.76
155.66
158.18
160.72
163.54
166.66
170.25
173.79
177.85
182.22
186.29
190.28
194.08
198.35
202.57
206.46
210.43
214.62
218.6
222.84
227.04
230.94
234.53
237.53
240.18
242.5
245.17
248.1
251.21
254.22
257.13
259.97
263.06
266.13
269.01
272.17
275.31
278.51
281.63
284.81
