0.5
1.47
2.37
3.36
4.32
5.29
6.19
7.17
8.14
9.11
10.13
11.07
11.96
12.9
13.81
14.66
15.64
16.66
17.64
18.56
19.55
20.23
20.96
21.63
22.27
22.89
23.53
24.17
24.81
25.5
26.23
27.03
27.78
28.6
29.5
30.36
31.11
31.88
32.69
33.44
34.17
34.89
35.58
36.31
36.98
37.72
38.38
39.08
39.85
40.73
41.56
42.41
43.29
44.22
45.01
45.79
46.54
47.32
48.09
48.88
49.7
50.49
51.28
52.12
52.85
53.59
54.25
54.93
55.61
56.33
56.97
57.65
58.34
59.07
59.88
60.63
61.48
62.3
63.18
63.98
64.88
65.76
66.51
67.34
68.1
68.88
69.76
70.71
71.64
72.7
73.74
74.8
75.89
76.99
78.12
79.13
79.97
80.79
81.68
82.55
83.24
83.98
84.73
85.53
86.25
87.01
87.8
88.56
89.29
90.02
90.81
91.52
92.3
93.08
93.81
94.57
95.34
96.16
96.9
97.72
98.59
99.4
100.14
100.91
101.72
102.49
103.26
104.01
104.74
105.43
106.17
106.88
107.63
108.41
109.19
110.0
110.77
111.51
112.29
113.1
113.75
114.4
115.04
115.69
116.31
116.99
117.71
118.37
119.05
119.72
120.39
121.06
121.8
122.67
123.56
124.37
125.29
126.14
127.01
128.04
129.17
130.26
131.32
132.28
133.29
134.19
135.06
135.81
136.51
137.24
138.02
138.75
139.47
140.2
140.95
141.72
142.43
143.07
143.71
144.3
144.92
145.52
146.11
146.72
147.28
147.83
148.41
148.97
149.51
150.14
150.78
151.38
152.04
152.77
153.51
154.29
155.0
155.67
156.28
156.92
157.57
158.19
158.82
159.48
160.08
160.73
161.34
162.06
162.8
163.55
164.29
165.04
165.88
166.66
167.53
168.45
169.34
170.26
171.22
172.1
172.92
173.81
174.69
175.66
176.76
177.86
178.93
180.01
181.11
182.22
183.2
184.22
185.24
186.3
187.3
188.2
189.03
189.92
190.82
191.69
192.55
193.62
194.59
195.62
196.72
197.77
198.87
200.01
201.02
202.12
203.16
204.26
205.22
206.19
207.12
208.08
209.06
210.0
210.98
211.92
212.86
213.76
214.63
215.54
216.44
217.32
217.98
218.59
219.26
219.9
220.53
221.12
221.73
222.27
222.85
223.41
223.98
224.58
225.15
225.7
226.32
226.96
227.56
228.17
228.8
229.47
230.09
230.74
231.44
232.06
232.74
233.46
234.1
234.82
235.47
236.14
236.86
237.54
238.23
238.9
239.57
240.18
240.76
241.36
241.95
242.52
243.11
243.73
244.47
245.18
245.89
246.57
247.32
248.12
248.85
249.64
250.45
251.22
251.95
252.71
253.49
254.24
254.97
255.67
256.41
257.14
257.86
258.54
259.24
259.97
260.72
261.53
262.38
263.28
264.04
264.71
265.41
266.13
266.81
267.53
268.23
269.02
269.93
270.9
271.82
272.71
273.61
274.56
275.58
276.53
277.48
278.53
279.58
280.61
281.6
282.65
283.75
284.82
285.75
286.71
287.69
288.65
289.58
