0.500
1.470
2.370
3.360
4.320
5.290
6.190
7.170
8.140
9.110
10.130
11.070
11.960
12.900
13.810
14.660
15.640
16.660
17.640
18.560
19.550
20.230
20.960
21.630
22.270
22.890
23.530
24.170
24.810
25.500
26.230
27.030
27.780
28.600
29.500
30.360
31.110
31.880
32.690
33.440
34.170
34.890
35.580
36.310
36.980
37.720
38.380
39.080
39.850
40.730
41.560
42.410
43.290
44.220
45.010
45.790
46.540
47.320
48.090
48.880
49.700
50.490
51.280
52.120
52.850
53.590
54.250
54.930
55.610
56.330
56.970
57.650
58.340
59.070
59.880
60.630
61.480
62.300
63.180
63.980
64.880
65.760
66.510
67.340
68.100
68.880
69.760
70.710
71.640
72.700
73.740
74.800
75.890
76.990
78.120
79.130
79.970
80.790
81.680
82.550
83.240
83.980
84.730
85.530
86.250
87.010
87.800
88.560
89.290
90.020
90.810
91.520
92.300
93.070
93.810
94.570
95.350
96.160
96.900
97.720
98.590
99.400
100.140
100.910
101.720
102.490
103.260
104.010
104.740
105.430
106.170
106.880
107.630
108.410
109.190
110.000
110.770
111.510
112.290
113.100
113.740
114.400
115.040
115.690
116.310
116.990
117.710
118.370
119.050
119.720
120.390
121.060
121.800
122.670
123.560
124.370
125.290
126.140
127.010
128.040
129.170
130.260
131.320
132.280
133.290
134.190
135.060
135.810
136.510
137.240
138.020
138.750
139.470
140.200
140.950
141.720
142.430
143.070
143.710
144.300
144.920
145.520
146.110
146.720
147.280
147.830
148.410
148.970
149.510
150.140
150.780
151.380
152.040
152.770
153.510
154.290
155.000
155.670
156.280
156.920
157.570
158.190
158.820
159.480
160.080
160.730
161.340
162.060
162.800
163.550
164.290
165.040
165.880
166.660
167.530
168.450
169.340
170.260
171.220
172.100
172.920
173.810
174.690
175.660
176.760
177.860
178.930
180.010
181.110
182.220
183.200
184.220
185.240
186.300
187.300
188.200
189.030
189.920
190.820
191.690
192.550
193.620
194.590
195.620
196.720
197.770
198.870
200.010
201.020
202.120
203.160
204.260
205.220
206.190
207.120
208.080
209.060
210.000
210.980
211.920
212.860
213.760
214.630
215.540
216.440
217.320
217.980
218.590
219.260
219.900
220.530
221.120
221.730
222.270
222.850
223.410
223.980
224.580
225.150
225.700
226.320
226.960
227.560
228.170
228.800
229.470
230.090
230.740
231.440
232.060
232.740
233.460
234.100
234.820
235.470
236.140
236.860
237.540
238.230
238.900
239.570
240.180
240.760
241.360
241.950
242.520
243.110
243.730
244.470
245.180
245.890
246.570
247.320
248.120
248.850
249.640
250.450
251.220
251.950
252.710
253.490
254.240
254.970
255.670
256.410
257.140
257.860
258.540
259.240
259.970
260.720
261.530
262.380
263.280
264.040
264.710
265.410
266.130
266.810
267.530
268.230
269.020
269.930
270.900
271.820
272.710
273.610
274.560
275.580
276.530
277.480
278.530
279.580
280.610
281.600
282.650
283.750
284.820
285.750
286.710
287.690
288.650
289.580
