0.0
0.54
1.07
1.58
2.09
2.61
3.1
3.61
4.12
4.65
5.2
5.8
6.35
6.96
7.46
7.97
8.5
9.03
9.53
10.06
10.58
11.12
11.64
12.16
12.7
13.23
13.75
14.28
14.82
15.36
15.88
16.43
16.96
17.49
18.04
18.57
19.12
19.63
20.16
20.68
21.22
21.74
22.27
22.81
23.36
23.89
24.42
24.96
25.5
26.04
26.58
27.12
27.65
28.19
28.74
29.28
29.82
30.36
30.89
31.43
31.99
32.52
33.05
33.58
34.12
34.64
35.16
35.72
36.23
36.77
37.3
37.84
38.4
38.94
39.48
40.03
40.55
41.11
41.67
42.22
42.75
43.3
43.84
44.38
44.94
45.48
46.0
46.54
47.1
47.62
48.18
48.72
49.23
49.78
50.33
50.92
51.52
52.14
52.7
53.22
53.77
54.33
54.89
55.43
55.98
56.54
57.09
57.64
58.19
58.72
59.26
59.81
60.34
60.88
61.42
61.95
62.48
63.04
63.58
64.13
64.67
65.21
65.75
66.29
66.85
67.36
67.92
68.42
68.98
69.52
70.09
70.61
71.17
71.73
72.29
72.84
73.4
73.96
74.49
75.04
75.58
76.13
76.7
77.23
77.8
78.32
78.89
79.45
79.97
80.51
81.04
81.59
82.12
82.66
83.2
83.75
84.29
84.84
85.39
85.94
86.5
87.05
87.59
88.12
88.66
89.21
89.73
90.28
90.85
91.39
91.93
92.44
92.98
93.52
94.07
94.6
95.16
95.71
96.25
96.81
97.38
97.92
98.48
99.03
99.56
100.11
100.68
101.22
101.79
102.33
102.89
103.45
104.0
104.53
105.09
105.65
106.19
106.75
107.36
107.92
108.52
109.07
109.75
110.43
111.07
111.68
112.33
