0.45
1.34
2.24
3.16
4.11
5.08
6.06
7.06
8.06
9.07
10.0
11.02
12.06
13.07
14.03
15.05
16.07
17.15
18.24
19.3
20.42
21.5
22.45
23.39
24.36
25.36
26.27
27.32
28.25
29.25
30.23
31.25
32.26
33.2
34.14
35.14
36.19
37.16
38.14
38.92
39.73
40.54
41.33
42.11
42.9
43.72
44.47
45.18
45.84
46.52
47.21
47.99
48.73
49.53
50.31
50.93
51.54
52.15
52.77
53.46
54.13
54.78
55.5
56.27
57.1
57.89
58.64
59.34
60.06
60.81
61.59
62.28
62.97
63.64
64.3
64.97
65.56
66.21
66.8
67.45
68.06
68.69
69.36
69.97
70.67
71.39
72.15
72.83
73.47
74.12
74.83
75.55
76.29
77.05
77.83
78.54
79.32
80.05
80.85
81.72
82.57
83.41
84.3
85.13
86.05
86.88
87.77
88.66
89.54
90.43
91.36
92.33
93.25
94.35
95.46
96.53
97.64
98.75
99.78
100.82
101.76
102.75
103.75
104.77
105.83
106.82
107.73
108.67
109.69
110.7
111.64
112.69
113.66
114.62
115.59
116.58
117.53
118.61
119.61
120.63
121.58
122.46
123.41
124.18
124.97
125.8
126.56
127.32
128.09
128.81
129.62
130.37
131.18
131.93
132.78
133.67
134.51
135.36
136.21
137.05
137.84
138.65
139.48
140.27
141.08
141.86
142.65
143.44
144.27
145.01
145.82
146.54
147.33
148.07
148.86
149.58
150.38
151.09
151.8
152.55
153.32
154.05
154.85
155.59
156.27
156.92
157.58
158.2
158.85
159.57
160.32
161.05
161.76
162.45
163.18
163.93
164.64
165.32
165.99
166.7
167.45
168.16
168.88
169.59
170.3
171.04
171.76
172.52
173.24
173.88
174.54
175.23
175.83
176.45
177.08
177.68
178.31
179.03
179.79
180.49
181.23
181.9
182.63
183.34
184.03
184.75
185.48
186.15
186.81
187.5
188.17
188.88
189.56
190.25
190.94
191.63
192.3
193.0
193.68
194.34
194.95
195.62
196.23
196.89
197.59
198.28
199.04
199.84
200.59
201.33
202.12
202.86
203.64
204.36
205.16
205.85
206.54
207.22
207.94
208.67
209.37
210.09
210.7
211.37
212.01
212.63
213.26
213.94
214.56
215.2
215.86
216.51
217.12
217.71
218.32
218.95
219.6
220.22
220.85
221.57
222.25
222.93
223.58
224.25
225.01
225.71
226.5
227.26
228.02
228.8
229.61
230.36
231.15
231.88
232.65
233.41
234.2
234.96
235.78
236.6
237.49
238.33
239.12
239.96
240.73
241.52
242.35
243.21
244.06
244.84
245.63
246.49
247.25
248.13
249.02
249.88
250.7
251.57
252.47
253.35
254.24
255.03
255.85
256.69
257.62
258.52
259.42
260.28
261.26
262.16
263.09
264.05
265.0
265.96
266.88
267.82
268.7
269.52
270.44
271.28
272.14
273.07
273.96
274.83
275.71
276.62
277.48
