3.5
7.43
11.77
16.07
20.41
24.35
28.17
31.91
35.79
39.73
42.89
45.83
48.72
51.54
54.13
57.08
60.07
62.97
65.53
68.05
70.65
73.47
76.27
79.31
82.57
86.04
89.71
93.53
97.64
101.75
105.83
109.69
113.65
117.53
121.57
125.24
128.78
132.51
136.55
140.6
144.26
147.81
151.29
154.94
158.84
162.86
167.11
171.31
175.52
179.03
181.9
184.74
187.49
190.24
192.99
195.57
198.03
200.43
202.85
205.28
207.74
210.18
212.62
215.19
217.9
220.84
223.57
226.49
229.6
232.64
235.78
239.12
242.38
246.02
249.46
252.91
256.68
260.27
264.04
267.8
272.12
276.47
