0.0
1.01
1.98
3.04
4.03
4.94
5.95
6.86
7.83
8.8
9.79
10.72
11.65
12.54
13.43
14.36
15.25
16.26
17.33
18.44
19.37
20.26
21.19
22.12
23.04
24.03
25.01
26.05
27.19
28.27
29.37
30.45
31.52
32.54
33.6
34.71
35.74
36.88
37.9
39.0
40.01
41.1
42.04
43.08
44.02
45.03
46.02
47.0
47.79
48.45
49.12
49.77
50.48
51.21
51.94
52.63
53.27
53.94
54.64
55.29
56.03
56.72
57.43
58.13
58.86
59.64
60.38
61.08
61.82
62.57
63.38
64.15
64.83
65.52
66.22
66.92
67.63
68.32
69.03
69.7
70.33
71.03
71.71
72.39
73.09
73.73
74.41
75.13
75.78
76.39
77.04
77.71
78.36
79.02
79.6
80.24
80.8
81.4
81.97
82.56
83.11
83.69
84.24
84.82
85.42
86.02
86.64
87.23
87.83
88.42
88.96
89.55
90.1
90.7
91.26
91.87
92.44
93.0
93.64
94.23
94.83
95.47
96.1
96.69
97.31
97.96
98.57
99.2
99.79
100.41
101.06
101.66
102.27
102.9
103.56
104.19
104.79
105.42
106.13
106.87
107.55
108.28
109.0
109.66
110.36
111.06
111.85
112.61
113.38
114.18
114.95
115.62
116.37
117.05
117.76
118.5
119.22
119.94
120.66
121.4
122.1
122.8
123.56
124.24
125.0
125.71
126.4
127.16
127.87
128.56
129.27
129.91
130.58
131.29
131.93
132.62
133.27
133.83
134.42
134.99
135.6
136.16
136.76
137.31
137.92
138.47
139.1
139.79
140.47
141.15
141.79
142.49
143.12
143.8
144.49
145.21
145.91
146.57
147.26
147.97
148.63
149.38
150.17
150.91
151.72
152.48
153.2
153.96
154.75
155.48
156.25
157.04
157.76
158.52
159.32
160.07
160.82
161.51
162.27
163.0
163.7
164.46
165.18
166.03
166.87
167.67
168.44
169.18
169.98
170.78
171.53
172.3
173.14
173.9
174.7
175.55
176.4
177.14
177.9
178.64
179.4
180.2
180.96
181.72
182.46
183.26
184.06
184.82
185.67
186.44
187.28
188.1
188.86
189.68
190.48
191.25
192.07
192.81
193.6
194.32
195.11
195.84
196.62
197.44
198.16
198.93
199.7
200.45
201.16
201.92
202.62
203.37
204.19
204.94
205.71
206.53
207.31
208.21
209.04
209.88
210.76
211.53
212.35
213.09
213.88
214.6
215.4
216.13
216.91
217.7
218.59
219.4
220.2
221.07
221.86
222.7
223.59
224.41
225.25
226.13
227.01
227.85
228.78
229.8
230.82
231.86
232.87
233.93
234.94
236.04
237.05
238.09
239.1
240.2
241.19
242.26
243.26
244.29
245.33
246.36
247.32
248.45
249.49
250.57
251.68
252.81
253.84
254.96
256.08
257.1
258.15
259.15
260.26
261.19
262.2
263.13
263.99
264.81
265.65
266.48
267.3
268.15
268.97
269.84
270.66
271.55
272.5
273.46
274.36
275.32
276.2
277.18
278.1
279.02
279.92
280.9
281.8
282.79
283.76
284.75
285.72
286.81
287.85
288.94
290.09
291.16
292.27
293.33
294.4
295.51
296.59
