4.03
7.83
11.65
15.25
19.37
23.04
27.18
31.52
35.34
38.67
41.87
44.75
47.42
50.1
52.62
55.28
58.12
61.07
64.14
66.92
69.69
72.38
75.09
77.7
80.39
83.68
87.05
90.69
94.78
98.57
102.26
106.12
110.34
114.55
118.87
122.82
126.66
130.57
133.82
136.99
140.46
144.42
148.27
152.08
155.68
159.36
163.24
166.88
169.97
173.12
176.39
179.4
182.45
185.66
188.86
192.06
195.1
198.16
201.15
204.17
207.28
210.75
213.85
216.76
219.19
221.65
224.43
227.35
230.15
232.87
235.83
238.59
241.18
243.93
246.83
250.15
253.21
256.2
259.47
262.71
266.08
269.38
272.98
276.77
280.78
284.73
288.56
