0.12
0.56
0.97
1.42
1.86
2.3
2.72
3.16
3.61
4.04
4.5
4.93
5.36
5.78
6.18
6.58
6.99
7.39
7.8
8.21
8.6
9.02
9.44
9.85
10.25
10.67
11.11
11.53
11.97
12.38
12.8
13.21
13.64
14.07
14.52
14.95
15.35
15.76
16.18
16.58
16.98
17.39
17.84
18.3
18.74
19.2
19.66
20.11
20.56
21.02
21.5
21.96
22.41
22.85
23.27
23.72
24.16
24.62
25.12
25.61
26.08
26.54
26.96
27.4
27.84
28.3
28.76
29.25
29.72
30.18
30.64
31.1
31.56
32.02
32.49
32.93
33.41
33.96
34.48
34.98
35.52
36.12
36.71
37.28
37.85
38.4
38.99
39.53
40.08
40.62
41.17
41.74
42.32
42.84
43.41
43.95
44.5
45.03
45.58
46.11
46.64
47.22
47.74
48.28
48.83
49.35
49.91
50.39
50.91
51.39
51.86
52.33
52.81
53.28
53.75
54.23
54.69
55.16
55.63
56.11
56.6
57.08
57.53
58.0
58.49
58.93
59.38
59.8
60.24
60.68
61.12
61.54
61.97
62.37
62.8
63.22
63.65
64.09
64.52
64.93
65.37
65.77
66.2
66.62
67.05
67.46
67.87
68.3
68.73
69.15
69.58
70.05
70.51
70.99
71.49
71.97
72.46
72.93
73.42
73.9
74.38
74.87
75.33
75.78
76.23
76.67
77.12
77.57
78.02
78.49
78.93
79.38
79.84
80.27
80.72
81.17
81.64
82.08
82.51
82.94
83.36
83.79
84.23
84.66
85.11
85.55
86.01
86.48
86.93
87.41
87.86
88.34
88.84
89.31
89.78
90.24
90.72
91.18
91.65
92.1
92.53
92.98
93.45
93.88
94.34
94.82
95.29
95.78
96.26
96.74
97.22
97.69
98.17
98.65
99.17
99.67
100.16
100.64
101.15
101.65
102.15
102.62
103.13
103.6
104.12
104.6
105.11
105.64
106.12
106.63
107.16
107.68
108.19
108.68
109.17
109.69
110.19
110.69
111.21
111.73
112.24
112.76
113.3
113.79
114.3
114.77
115.21
115.65
116.12
116.55
117.01
117.45
117.9
118.35
118.8
119.26
119.75
120.26
120.73
121.17
121.59
122.03
122.51
123.05
123.55
124.1
124.57
125.05
125.51
125.95
126.42
126.88
127.35
127.79
128.27
128.73
129.17
129.6
130.03
130.45
130.87
131.3
131.74
132.16
132.57
133.0
133.41
133.8
134.21
134.63
135.05
135.46
135.87
136.26
136.69
137.07
137.47
137.87
138.28
138.71
139.15
139.57
140.01
140.43
140.89
141.31
141.77
142.2
142.65
143.07
143.52
143.95
144.39
144.83
145.28
145.71
146.19
146.65
147.09
147.55
148.03
148.47
148.9
149.34
149.79
150.23
150.68
151.15
151.59
152.04
152.46
152.89
153.33
153.75
154.18
154.61
155.06
155.52
155.95
156.42
156.87
157.31
157.77
158.21
158.68
159.16
159.64
160.14
160.6
161.04
161.47
161.91
162.36
162.81
163.25
163.72
164.16
164.61
165.04
165.48
165.91
166.37
166.81
167.33
167.82
168.33
168.85
169.37
169.84
170.3
170.76
171.2
171.66
172.14
172.6
173.06
173.5
173.96
174.42
174.88
175.35
175.81
176.26
176.69
177.11
177.52
177.97
178.39
178.82
179.24
179.68
180.11
180.55
180.98
181.41
181.86
182.31
182.73
183.2
183.65
184.09
184.56
185.02
185.47
185.92
186.4
186.86
187.29
187.72
188.13
188.57
189.01
189.44
189.89
190.33
190.76
191.21
191.64
192.08
192.55
193.01
193.47
193.91
194.37
194.84
195.33
195.8
196.27
196.73
197.2
197.66
198.14
198.71
199.23
199.76
200.35
200.95
201.5
202.11
202.67
203.2
203.71
204.25
204.8
205.34
205.89
206.43
207.0
207.54
208.07
208.58
209.12
209.67
210.21
210.79
211.36
211.93
212.48
213.04
213.61
214.17
214.74
215.34
215.89
216.39
216.88
217.38
217.87
218.34
218.83
219.32
219.8
220.28
220.75
221.21
221.7
222.16
222.61
223.07
223.54
223.99
224.41
224.85
225.29
225.71
226.15
226.57
227.0
227.41
227.82
228.24
228.67
229.12
229.55
229.96
230.39
230.8
231.23
231.64
232.06
232.48
232.9
233.35
233.77
234.2
234.62
235.07
235.59
236.08
236.59
237.08
237.56
238.06
238.56
239.03
239.51
240.01
240.48
240.94
241.38
241.84
242.3
242.76
243.24
243.7
244.14
244.6
245.05
245.51
245.95
246.39
246.86
247.31
247.75
248.2
248.65
249.09
249.53
249.98
250.46
250.92
251.38
251.83
252.27
252.71
253.17
253.63
254.12
254.59
255.06
255.52
256.0
256.45
256.92
257.38
257.82
258.28
258.76
259.24
259.71
260.17
260.64
261.11
261.61
262.09
262.56
263.05
263.53
264.0
264.51
265.0
265.48
265.95
266.44
266.95
267.43
267.93
268.42
268.92
269.41
269.87
270.37
270.89
271.38
271.86
272.39
272.9
273.41
273.9
274.39
274.9
275.4
275.88
276.39
276.89
277.38
277.91
278.39
278.88
279.33
279.82
280.28
280.71
281.17
281.61
282.07
282.52
283.0
283.44
283.92
284.36
284.85
285.32
285.79
286.26
286.73
287.17
287.63
288.07
288.53
288.97
289.38
289.82
290.25
290.71
291.16
291.61
292.04
292.48
292.94
293.38
293.84
294.35
294.89
295.39
295.89
296.38
296.88
297.38
297.84
298.33
298.83
299.32
299.77
300.24
300.71
301.19
301.64
302.11
302.58
303.03
303.45
303.91
304.33
304.8
305.24
305.7
306.14
306.58
307.03
307.48
307.94
308.4
308.88
309.34
309.83
310.29
310.79
311.32
311.82
312.32
312.84
313.38
313.9
314.44
314.99
315.51
315.99
316.51
317.0
317.52
317.99
318.48
318.96
319.48
319.94
320.43
320.89
321.33
321.79
322.27
322.73
323.17
323.59
324.02
324.46
324.87
325.31
325.74
326.18
326.62
327.08
327.54
328.0
328.46
328.91
329.39
329.87
330.38
330.86
331.36
331.83
332.33
332.8
333.29
333.75
