3.6
6.98
10.25
13.63
17.36
21.02
24.61
28.29
32.02
35.52
38.99
41.73
43.95
46.1
48.28
50.38
52.33
54.22
56.11
58.0
59.8
61.53
63.21
64.93
66.62
68.29
70.05
71.96
73.89
75.78
77.56
79.37
81.17
82.94
84.65
86.32
88.02
89.78
91.64
93.45
95.29
97.22
99.17
101.15
103.12
105.11
107.15
109.17
111.21
113.29
116.12
119.74
124.1
127.79
131.3
134.62
138.28
141.77
145.27
148.89
152.88
156.41
160.13
163.73
166.83
169.37
171.66
173.5
175.34
177.1
178.82
180.55
182.31
184.09
185.9
187.69
189.43
191.2
193.0
194.85
196.72
198.55
200.35
202.13
203.98
206.15
208.31
210.49
212.75
214.86
216.87
218.82
220.74
222.6
224.41
226.14
227.81
229.54
231.22
232.9
234.61
236.59
238.54
240.47
242.29
244.14
245.94
247.74
249.52
251.34
253.17
255.05
256.93
258.76
260.63
262.56
264.5
266.43
268.41
270.37
272.38
274.39
276.39
278.38
280.27
282.06
283.91
285.78
287.62
289.38
291.15
292.93
294.88
296.87
298.82
300.71
302.57
304.33
306.13
307.93
309.82
311.82
313.88
315.98
317.98
319.91
321.78
323.59
325.3
327.07
328.9
330.85
