0.08
0.53
0.97
1.43
1.87
2.31
2.76
3.21
3.65
4.1
4.55
4.98
5.41
5.86
6.29
6.73
7.19
7.63
8.07
8.49
8.92
9.35
9.79
10.21
10.65
11.09
11.52
11.96
12.4
12.81
13.24
13.69
14.12
14.57
15.01
15.46
15.89
16.32
16.75
17.19
17.62
18.07
18.5
18.96
19.41
19.85
20.29
20.73
21.17
21.61
22.05
22.44
22.85
23.28
23.69
24.08
24.51
24.95
25.38
25.82
26.3
26.76
27.22
27.65
28.09
28.53
28.96
29.4
29.85
30.3
30.76
31.21
31.67
32.12
32.55
33.0
33.45
33.9
34.33
34.74
35.18
35.61
36.05
36.49
36.96
37.41
37.84
38.31
38.76
39.21
39.65
40.08
40.54
40.98
41.43
41.87
42.31
42.76
43.21
43.63
44.08
44.52
44.96
45.38
45.83
46.24
46.69
47.11
47.53
47.96
48.41
48.84
49.3
49.73
50.18
50.63
51.16
51.66
52.13
52.67
53.17
53.67
54.18
54.71
55.23
55.72
56.21
56.72
57.23
57.72
58.19
58.68
59.2
59.69
60.16
60.67
61.23
61.75
62.23
62.7
63.19
63.66
64.14
64.6
65.07
65.53
66.03
66.52
67.03
67.5
67.96
68.42
68.85
69.32
69.77
70.22
70.66
71.11
71.55
72.0
72.49
72.94
73.46
73.95
74.44
74.92
75.4
75.89
76.38
76.88
77.35
77.84
78.31
78.76
79.2
79.65
80.11
80.55
81.0
81.48
82.0
82.47
82.98
83.45
83.93
84.45
84.92
85.38
85.84
86.3
86.75
87.2
87.66
88.1
88.56
89.04
89.48
89.95
90.37
90.79
91.22
91.71
92.19
92.68
93.16
93.61
94.07
94.52
94.99
95.46
95.95
96.49
97.0
97.47
97.95
98.42
98.89
99.35
99.81
100.25
100.72
101.17
101.63
102.1
102.63
103.15
103.64
104.12
104.59
105.09
105.57
106.06
106.52
107.02
107.51
108.01
108.48
108.99
109.49
109.99
110.47
110.96
111.48
111.98
112.44
112.95
113.42
113.89
114.37
114.83
115.3
115.78
116.25
116.67
117.07
117.49
117.94
118.41
118.88
119.34
119.78
120.25
120.69
121.15
121.6
122.06
122.51
122.95
123.39
123.84
124.29
124.76
125.2
125.67
126.11
126.59
127.04
127.51
127.96
128.41
128.85
129.29
129.75
130.2
130.65
131.12
131.57
132.02
132.46
132.93
133.36
133.8
134.25
134.67
135.07
135.5
135.94
136.39
136.84
137.27
137.71
138.18
138.62
139.07
139.53
140.01
140.45
140.91
141.35
141.8
142.29
142.76
143.24
143.73
144.22
144.68
145.15
145.62
146.09
146.57
147.03
147.5
147.98
148.44
148.89
149.35
149.8
150.27
150.71
151.18
151.61
152.07
152.51
152.96
153.42
153.9
154.35
154.86
155.35
155.88
156.4
156.91
157.41
157.86
158.31
158.78
159.25
159.72
160.18
160.65
161.13
161.61
162.08
162.53
163.03
163.49
163.98
164.47
164.92
165.35
165.82
166.25
166.72
167.15
167.6
168.06
168.55
169.04
169.52
169.99
170.46
170.97
171.46
172.02
172.56
173.11
173.62
174.11
174.6
175.06
175.56
176.01
176.47
176.92
177.4
177.85
178.3
178.73
179.19
179.64
180.09
180.53
180.96
181.4
181.86
182.29
182.73
183.17
183.61
184.04
184.48
184.92
185.35
185.77
186.19
186.62
187.06
187.5
187.93
188.36
188.8
189.24
189.69
190.13
190.59
191.03
191.48
191.94
192.38
192.83
193.28
193.72
194.18
194.63
195.11
195.57
195.98
196.4
196.81
197.23
197.7
198.16
198.62
199.08
199.53
200.01
200.52
200.99
201.48
201.93
202.41
202.86
203.32
203.76
204.19
204.63
205.07
205.51
205.98
206.43
206.88
207.31
207.77
208.23
208.66
209.11
209.55
210.0
210.44
210.87
211.31
211.76
212.19
212.65
213.07
213.53
213.96
214.38
214.82
215.23
215.67
216.1
216.55
216.99
217.43
217.88
218.33
218.78
219.23
219.67
220.12
220.63
221.18
221.7
222.2
222.72
223.23
223.78
224.3
224.78
225.27
225.78
226.28
226.78
227.24
227.75
228.27
228.76
229.24
229.75
230.29
230.78
231.26
231.73
232.2
232.66
233.14
233.62
234.12
234.6
235.06
235.54
236.04
236.51
236.97
237.46
237.91
238.38
238.83
239.29
239.74
240.19
240.63
241.11
241.63
242.09
242.61
243.1
243.59
244.08
244.54
245.04
245.53
246.02
246.51
247.01
247.48
247.93
248.38
248.83
249.29
249.73
250.18
250.67
251.19
251.67
252.16
252.65
253.12
253.62
254.1
254.57
255.02
255.48
255.93
256.38
256.83
257.3
257.76
258.23
258.69
259.15
259.61
260.05
260.51
261.0
261.51
262.03
262.5
262.95
263.42
263.86
264.33
264.79
265.26
265.8
266.3
266.83
267.32
267.79
268.27
268.75
269.22
269.67
270.16
270.63
271.17
271.68
272.18
272.69
273.17
273.66
274.17
274.69
275.18
275.64
276.09
276.57
277.02
277.53
278.04
278.54
279.04
279.53
280.02
280.49
281.0
281.5
281.98
282.47
282.94
283.41
283.87
284.36
284.84
285.31
285.81
286.35
286.9
287.43
287.89
288.38
288.86
289.34
289.83
290.3
290.77
291.24
291.7
292.18
292.69
293.23
293.73
294.18
294.62
295.08
295.52
295.96
296.39
296.85
297.28
297.73
298.16
298.59
299.03
299.47
299.92
300.35
300.85
301.39
301.9
302.39
302.89
303.4
303.93
304.45
304.93
305.42
305.95
306.44
306.89
307.37
307.83
308.31
308.77
309.25
309.7
310.15
310.62
311.1
311.58
312.04
312.52
312.98
313.44
313.89
314.35
314.82
315.28
315.74
316.19
316.66
317.09
317.5
317.94
318.38
318.85
319.29
319.77
320.22
320.67
321.14
321.6
322.06
322.55
323.03
323.52
324.02
324.52
324.99
325.49
326.02
326.58
327.12
327.63
328.11
328.56
329.03
329.46
329.93
330.38
330.82
331.26
331.71
332.16
332.6
333.05
333.5
333.97
334.43
334.9
335.36
335.81
336.27
336.72
337.19
337.71
338.18
338.71
339.19
339.7
