0.96
2.75
4.54
6.28
8.06
9.78
11.52
13.23
15.0
16.75
18.5
20.28
22.11
24.08
25.82
27.65
29.39
31.2
33.0
34.74
36.49
38.3
40.08
41.86
43.62
45.38
47.1
48.84
50.62
52.66
54.7
56.72
58.67
60.68
62.69
64.59
66.51
68.41
70.21
71.99
73.91
75.89
77.84
79.64
81.48
83.45
85.38
87.2
89.04
91.22
93.15
94.99
96.99
98.91
100.71
102.62
104.58
106.51
108.47
110.46
112.44
114.36
116.24
117.93
119.78
121.59
123.38
125.2
127.03
128.84
130.64
132.16
133.35
134.56
135.79
136.96
138.17
139.38
140.6
141.8
143.08
144.36
145.62
146.87
148.13
149.35
150.54
151.75
152.95
154.19
155.5
156.93
158.77
160.64
162.52
164.46
166.25
168.06
169.98
172.01
174.36
176.91
178.72
180.51
182.28
184.03
185.77
187.49
189.23
191.03
192.82
194.62
196.39
198.15
200.01
201.93
203.75
205.5
207.3
209.1
210.86
212.64
214.38
216.09
217.87
219.66
221.59
223.79
225.77
227.74
229.74
231.72
233.62
235.53
237.45
239.29
241.11
243.04
245.03
247.02
248.82
250.66
252.64
254.56
256.38
258.24
260.05
262.02
263.86
265.8
267.79
269.69
272.17
274.16
276.08
278.04
280.01
281.97
283.87
285.78
287.88
290.3
292.79
294.61
296.39
298.16
299.91
301.72
303.46
305.42
307.36
309.24
311.09
312.97
314.81
316.66
318.38
320.21
322.05
324.0
326.01
328.04
329.91
331.7
333.49
335.35
337.18
