0.99
2.67
4.39
6.02
7.64
9.28
10.9
12.53
14.19
15.76
17.36
18.94
20.72
22.57
24.33
26.15
27.95
29.88
31.63
33.34
34.96
36.61
38.27
39.93
41.8
43.75
45.87
48.02
50.12
52.05
53.99
55.87
57.72
59.47
61.2
62.94
64.64
66.32
67.97
69.67
71.6
73.55
75.4
77.27
79.11
80.91
82.61
84.36
86.14
87.93
89.67
91.48
93.28
95.04
96.84
99.18
102.82
106.43
110.04
113.73
117.61
121.11
124.59
127.97
131.32
134.95
138.64
142.39
145.93
148.72
151.24
153.03
154.84
156.65
158.44
160.16
161.9
163.68
165.51
167.72
170.02
171.72
173.44
175.12
176.81
178.51
180.17
181.85
183.55
185.22
186.9
188.62
190.36
192.11
193.89
195.79
197.93
200.11
202.3
204.58
206.75
208.93
211.07
213.19
215.15
217.14
219.02
220.85
222.6
224.37
226.07
227.77
229.46
231.28
233.33
235.29
237.22
238.97
240.77
242.58
244.33
246.02
247.88
249.64
251.42
253.15
254.96
256.77
258.57
260.29
261.93
263.75
265.6
267.43
269.26
271.08
272.86
274.65
276.58
278.52
280.26
281.98
283.67
285.32
286.99
288.72
290.45
292.37
294.24
296.0
297.77
299.44
301.17
302.88
304.75
306.62
308.65
310.77
313.04
315.33
317.66
319.6
321.39
323.19
325.15
