0.17
0.59
1.0
1.41
1.84
2.26
2.67
3.11
3.54
3.96
4.4
4.81
5.23
5.63
6.03
6.43
6.85
7.24
7.65
8.06
8.47
8.87
9.29
9.69
10.09
10.5
10.91
11.3
11.71
12.12
12.54
12.96
13.36
13.77
14.19
14.6
15.01
15.39
15.77
16.17
16.56
16.96
17.38
17.76
18.16
18.54
18.93
19.31
19.7
20.11
20.5
20.87
21.28
21.69
22.14
22.58
23.0
23.44
23.89
24.34
24.79
25.25
25.7
26.15
26.58
27.03
27.48
27.96
28.43
28.92
29.4
29.88
30.34
30.79
31.2
31.63
32.07
32.51
32.93
33.35
33.76
34.15
34.56
34.97
35.38
35.79
36.2
36.62
37.03
37.44
37.86
38.27
38.68
39.09
39.5
39.9
40.3
40.71
41.12
41.55
41.94
42.33
42.73
43.1
43.5
43.89
44.3
44.7
45.1
45.49
45.88
46.28
46.7
47.1
47.49
47.9
48.29
48.71
49.13
49.62
50.13
50.63
51.11
51.58
52.06
52.54
53.02
53.49
53.99
54.46
54.91
55.38
55.87
56.32
56.79
57.27
57.72
58.17
58.59
59.03
59.48
59.92
60.35
60.77
61.21
61.65
62.08
62.5
62.94
63.37
63.8
64.22
64.65
65.07
65.5
65.9
66.33
66.75
67.17
67.58
67.96
68.36
68.8
69.22
69.68
70.14
70.63
71.12
71.6
72.08
72.6
73.07
73.56
74.06
74.49
74.94
75.4
75.85
76.32
76.78
77.27
77.73
78.18
78.65
79.11
79.55
80.01
80.46
80.91
81.35
81.76
82.17
82.61
83.04
83.46
83.91
84.38
84.82
85.27
85.71
86.15
86.6
87.04
87.48
87.93
88.37
88.81
89.25
89.68
90.13
90.57
91.02
91.48
91.94
92.39
92.84
93.28
93.74
94.18
94.62
95.05
95.5
95.94
96.38
96.85
97.34
97.81
98.26
98.72
99.18
99.65
100.1
100.55
101.01
101.47
101.91
102.35
102.83
103.29
103.74
104.19
104.64
105.09
105.53
105.97
106.43
106.87
107.32
107.77
108.22
108.68
109.13
109.57
110.04
110.49
110.94
111.39
111.82
112.28
112.77
113.23
113.73
114.2
114.69
115.15
115.64
116.11
116.63
117.14
117.62
118.14
118.64
119.11
119.61
120.14
120.63
121.12
121.69
122.28
122.87
123.44
124.03
124.6
125.19
125.77
126.32
126.88
127.41
127.98
128.52
129.06
129.64
130.2
130.74
131.31
131.88
132.42
133.0
133.56
134.02
134.46
134.94
135.38
135.85
136.31
136.77
137.23
137.71
138.17
138.65
139.11
139.59
140.05
140.54
141.0
141.48
141.92
142.39
142.84
143.32
143.76
144.24
144.69
145.14
145.6
146.08
146.5
146.95
147.38
147.84
148.26
148.7
149.11
149.54
149.98
150.42
150.85
151.26
151.71
152.15
152.59
153.04
153.5
153.94
154.4
154.85
155.31
155.76
156.2
156.65
157.09
157.54
157.99
158.45
158.88
159.32
159.73
160.17
160.59
161.03
161.45
161.88
162.34
162.79
163.23
163.68
164.12
164.57
165.02
165.49
165.94
166.37
166.84
167.27
167.73
168.2
168.64
169.12
169.58
170.03
170.45
170.89
171.3
171.73
172.16
172.58
173.0
173.45
173.87
174.3
174.71
175.12
175.54
175.96
176.4
176.82
177.23
177.64
178.08
178.51
178.93
179.34
179.76
180.18
180.59
181.02
181.45
181.86
182.27
182.69
183.11
183.55
183.97
184.37
184.81
185.23
185.65
186.07
186.49
186.91
187.36
187.79
188.2
188.63
189.06
189.5
189.94
190.37
190.8
191.23
191.65
192.12
192.57
193.02
193.47
193.9
194.36
194.8
195.25
195.79
196.34
196.87
197.4
197.94
198.5
199.06
199.59
200.12
200.68
201.2
201.76
202.31
202.86
203.45
204.02
204.59
205.12
205.66
206.21
206.75
207.3
207.82
208.36
208.94
209.47
210.0
210.55
211.08
211.64
212.14
212.69
213.2
213.68
214.17
214.65
215.15
215.65
216.16
216.68
217.15
217.61
218.08
218.57
219.03
219.49
219.97
220.42
220.87
221.31
221.73
222.17
222.61
223.06
223.49
223.94
224.37
224.78
225.22
225.65
226.07
226.5
226.91
227.35
227.78
228.2
228.61
229.04
229.46
229.87
230.29
230.68
231.09
231.51
231.95
232.37
232.84
233.34
233.81
234.29
234.78
235.3
235.77
236.26
236.76
237.22
237.66
238.09
238.52
238.97
239.4
239.86
240.31
240.77
241.22
241.68
242.14
242.58
243.03
243.48
243.9
244.33
244.74
245.17
245.6
246.03
246.49
246.97
247.43
247.88
248.33
248.76
249.21
249.65
250.08
250.54
250.98
251.42
251.86
252.29
252.73
253.16
253.61
254.08
254.53
254.98
255.41
255.86
256.33
256.77
257.25
257.69
258.14
258.59
259.04
259.53
260.06
260.55
260.99
261.45
261.91
262.39
262.85
263.3
263.75
264.23
264.67
265.13
265.61
266.07
266.53
266.99
267.43
267.9
268.36
268.81
269.27
269.75
270.21
270.65
271.09
271.53
271.98
272.41
272.86
273.3
273.77
274.22
274.65
275.12
275.61
276.08
276.58
277.06
277.55
278.03
278.53
279.01
279.42
279.87
280.28
280.72
281.14
281.56
281.99
282.4
282.83
283.25
283.68
284.08
284.5
284.91
285.32
285.74
286.15
286.56
286.99
287.44
287.87
288.35
288.89
289.46
289.97
290.46
290.93
291.42
291.89
292.38
292.89
293.37
293.8
294.24
294.68
295.13
295.57
296.01
296.45
296.9
297.34
297.77
298.18
298.61
299.03
299.45
299.88
300.31
300.75
301.18
301.6
302.02
302.45
302.89
303.36
303.8
304.28
304.75
305.22
305.7
306.15
306.62
307.09
307.63
308.13
308.65
309.16
309.72
310.22
310.77
311.29
311.84
312.42
313.04
313.6
314.21
314.76
315.34
315.92
316.52
317.1
317.67
318.26
318.69
319.14
319.61
320.05
320.51
320.94
321.4
321.84
322.3
322.73
323.2
323.69
324.18
324.66
325.15
325.63
326.11
326.59
327.09
327.57
