0.99
4.53
7.98
11.29
14.68
18.0
21.6
25.12
28.69
32.38
35.85
38.26
40.35
42.17
43.94
45.7
47.43
49.17
51.03
52.96
54.9
56.78
58.6
60.44
62.3
64.14
65.97
67.87
69.67
71.46
73.25
75.04
76.86
78.62
80.4
82.35
84.26
86.09
87.89
89.85
91.78
93.72
95.65
97.88
100.64
104.29
108.12
111.99
115.8
119.26
122.82
126.55
130.1
133.73
137.3
141.13
144.72
148.25
151.86
155.46
159.01
162.77
166.25
170.0
172.66
174.93
176.74
178.56
180.42
182.18
183.84
185.49
187.21
188.89
190.61
192.33
194.09
195.82
197.59
199.45
201.56
203.95
205.91
207.71
209.54
211.35
213.13
214.91
216.82
218.73
220.55
222.44
224.35
226.13
227.87
229.69
231.53
233.4
235.27
237.07
238.89
240.63
242.33
244.11
245.9
247.62
249.52
251.44
253.23
255.1
257.05
258.94
260.79
262.67
264.66
266.54
268.43
270.31
272.15
273.95
275.77
277.48
279.28
281.15
282.96
284.7
286.42
288.14
289.86
291.61
293.31
295.05
296.82
298.65
300.46
302.25
304.16
305.95
307.72
309.44
311.14
312.86
314.58
316.29
318.02
319.84
321.56
323.5
325.41
327.18
328.89
330.57
332.25
