0.12
0.54
1.0
1.44
1.88
2.31
2.74
3.19
3.62
4.07
4.54
4.99
5.42
5.83
6.28
6.69
7.12
7.55
7.99
8.41
8.83
9.24
9.64
10.06
10.48
10.88
11.3
11.71
12.15
12.57
12.99
13.39
13.83
14.25
14.68
15.12
15.53
15.97
16.38
16.79
17.19
17.59
18.01
18.43
18.84
19.23
19.6
20.0
20.39
20.81
21.23
21.62
22.04
22.48
22.89
23.31
23.72
24.17
24.65
25.11
25.56
26.01
26.44
26.89
27.36
27.81
28.24
28.7
29.15
29.59
30.08
30.56
31.04
31.49
31.93
32.38
32.81
33.25
33.7
34.12
34.58
35.01
35.42
35.86
36.32
36.77
37.22
37.65
38.12
38.55
39.01
39.47
39.9
40.36
40.82
41.28
41.73
42.18
42.64
43.07
43.5
43.95
44.4
44.83
45.26
45.7
46.13
46.55
46.99
47.43
47.87
48.31
48.73
49.18
49.63
50.09
50.58
51.04
51.52
52.0
52.5
52.98
53.44
53.92
54.41
54.9
55.35
55.83
56.29
56.78
57.24
57.68
58.14
58.6
59.08
59.54
59.98
60.47
60.93
61.39
61.85
62.3
62.78
63.23
63.68
64.14
64.58
65.04
65.49
65.98
66.48
66.97
67.42
67.87
68.31
68.77
69.23
69.67
70.11
70.55
70.99
71.47
71.92
72.37
72.82
73.25
73.7
74.15
74.6
75.05
75.5
75.97
76.4
76.86
77.29
77.74
78.18
78.63
79.05
79.47
79.91
80.4
80.87
81.38
81.87
82.35
82.83
83.3
83.78
84.27
84.74
85.21
85.65
86.1
86.53
86.98
87.41
87.92
88.4
88.87
89.39
89.85
90.36
90.85
91.32
91.79
92.27
92.75
93.24
93.72
94.22
94.69
95.17
95.63
96.08
96.51
96.96
97.43
97.89
98.37
98.88
99.36
99.86
100.33
100.8
101.3
101.83
102.4
102.89
103.36
103.83
104.29
104.77
105.23
105.71
106.2
106.69
107.15
107.63
108.12
108.61
109.09
109.61
110.08
110.58
111.05
111.52
111.99
112.48
112.93
113.41
113.88
114.37
114.84
115.31
115.81
116.29
116.79
117.27
117.79
118.27
118.71
119.15
119.61
120.04
120.5
120.93
121.39
121.82
122.31
122.8
123.28
123.74
124.19
124.64
125.1
125.58
126.05
126.55
127.0
127.45
127.88
128.34
128.78
129.24
129.72
130.16
130.64
131.08
131.51
131.95
132.4
132.83
133.27
133.74
134.19
134.63
135.07
135.53
135.99
136.41
136.86
137.31
137.73
138.17
138.61
139.07
139.51
139.93
140.36
140.81
141.24
141.66
142.08
142.53
142.96
143.4
143.82
144.29
144.73
145.17
145.64
146.08
146.53
146.97
147.43
147.91
148.36
148.8
149.26
149.69
150.15
150.63
151.09
151.53
151.95
152.4
152.85
153.27
153.71
154.17
154.59
155.03
155.47
155.93
156.37
156.81
157.24
157.67
158.11
158.56
159.02
159.47
159.93
160.37
160.82
161.26
161.69
162.14
162.59
163.06
163.51
163.95
164.39
164.85
165.34
165.81
166.26
166.73
167.22
167.69
168.15
168.6
169.05
169.51
170.01
170.5
170.98
171.52
172.08
172.6
173.06
173.56
174.04
174.49
174.94
175.39
175.83
176.27
176.74
177.2
177.66
178.11
178.59
179.05
179.51
179.95
180.42
180.87
181.29
181.73
182.19
182.62
183.02
183.45
183.84
184.26
184.66
185.07
185.49
185.93
186.37
186.8
187.22
187.62
188.04
188.46
188.9
189.34
189.77
190.2
190.61
191.04
191.47
191.9
192.34
192.8
193.24
193.66
194.09
194.52
194.96
195.4
195.83
196.26
196.68
197.12
197.59
198.06
198.53
198.99
199.47
199.99
200.47
200.95
201.4
201.86
202.29
202.74
203.2
203.67
204.11
204.58
205.04
205.49
205.92
206.38
206.81
207.27
207.72
208.17
208.62
209.08
209.55
209.99
210.45
210.9
211.35
211.8
212.24
212.7
213.13
213.59
214.03
214.48
214.91
215.37
215.85
216.34
216.83
217.3
217.79
218.26
218.74
219.2
219.64
220.1
220.56
221.03
221.5
221.98
222.45
222.92
223.38
223.85
224.34
224.81
225.24
225.67
226.13
226.57
226.99
227.43
227.87
228.33
228.8
229.26
229.7
230.17
230.62
231.08
231.54
232.02
232.48
232.95
233.42
233.92
234.4
234.84
235.27
235.72
236.17
236.63
237.08
237.51
237.97
238.43
238.9
239.34
239.77
240.19
240.63
241.04
241.47
241.87
242.33
242.75
243.21
243.65
244.12
244.57
245.01
245.45
245.91
246.33
246.75
247.18
247.63
248.1
248.56
249.05
249.53
250.01
250.47
250.95
251.45
251.92
252.35
252.79
253.24
253.67
254.11
254.59
255.11
255.59
256.06
256.58
257.05
257.55
258.01
258.47
258.95
259.42
259.86
260.33
260.8
261.25
261.71
262.16
262.55
262.96
263.37
263.79
264.22
264.67
265.14
265.63
266.09
266.55
267.0
267.46
267.94
268.38
268.82
269.25
269.68
270.15
270.61
271.07
271.56
272.03
272.51
273.01
273.49
273.95
274.42
274.88
275.32
275.78
276.2
276.64
277.05
277.49
277.94
278.37
278.83
279.28
279.72
280.21
280.67
281.15
281.6
282.06
282.53
282.97
283.39
283.82
284.25
284.69
285.15
285.58
286.01
286.43
286.85
287.3
287.71
288.15
288.57
289.0
289.44
289.87
290.33
290.75
291.18
291.62
292.04
292.46
292.89
293.32
293.76
294.18
294.63
295.06
295.51
295.94
296.37
296.82
297.3
297.76
298.22
298.66
299.1
299.56
300.01
300.46
300.92
301.37
301.81
302.25
302.73
303.24
303.71
304.17
304.61
305.06
305.5
305.96
306.4
306.84
307.29
307.72
308.15
308.58
309.02
309.45
309.87
310.29
310.72
311.14
311.56
311.98
312.42
312.86
313.29
313.72
314.13
314.58
314.99
315.44
315.85
316.3
316.71
317.16
317.58
318.03
318.48
318.95
319.38
319.85
320.26
320.71
321.12
321.56
321.99
322.41
322.81
323.23
323.65
324.09
324.53
324.98
325.41
325.87
326.33
326.75
327.19
327.62
328.06
328.47
328.9
329.33
329.74
330.17
330.57
330.99
331.41
331.84
332.26
332.69
333.12
333.56
333.97
334.4
334.83
