0.15
0.62
1.12
1.6
2.05
2.54
3.0
3.48
3.95
4.42
4.88
5.34
5.82
6.29
6.75
7.23
7.7
8.2
8.69
9.19
9.69
10.17
10.63
11.12
11.62
12.11
12.61
13.09
13.59
14.07
14.54
15.03
15.55
16.03
16.53
17.01
17.48
17.98
18.5
18.99
19.49
19.98
20.48
20.98
21.49
22.0
22.49
22.99
23.5
24.01
24.54
25.05
25.55
26.08
26.58
27.1
27.62
28.13
28.62
29.13
29.64
30.13
30.63
31.14
31.62
32.13
32.64
33.17
33.68
34.2
34.68
35.19
35.7
36.19
36.68
37.17
37.65
38.14
38.64
39.15
39.64
40.15
40.64
41.14
41.64
42.13
42.64
43.16
43.67
44.19
44.68
45.16
45.66
46.15
46.65
47.15
47.66
48.14
48.63
49.13
49.62
50.09
50.56
51.07
51.57
52.06
52.57
53.07
53.59
54.07
54.59
55.1
55.62
56.11
56.59
57.1
57.62
58.11
58.62
59.14
59.64
60.14
60.64
61.16
61.7
62.28
62.83
63.33
63.85
64.36
64.85
65.36
65.86
66.36
66.86
67.37
67.88
68.41
68.9
69.39
69.91
70.41
70.96
71.49
72.0
72.53
73.05
73.55
74.09
74.64
75.25
75.81
76.4
76.93
77.45
77.97
78.5
79.0
79.55
80.06
80.56
81.08
81.56
82.04
82.54
83.09
83.6
84.1
84.6
85.09
85.61
86.1
86.59
87.1
87.6
88.1
88.58
89.09
89.58
90.06
90.57
91.05
91.53
91.99
92.49
92.96
93.43
93.92
94.39
94.89
95.37
