0.25
0.68
1.14
1.58
2.05
2.5
2.95
3.39
3.85
4.31
4.76
5.23
5.69
6.15
6.63
7.13
7.61
8.09
8.54
9.01
9.49
9.95
10.41
10.87
11.34
11.81
12.28
12.76
13.23
13.71
14.18
14.64
15.1
15.58
16.05
16.53
16.98
17.43
17.9
18.37
18.85
19.31
19.77
20.25
20.71
21.18
21.65
22.11
22.57
23.04
23.49
23.96
24.44
24.92
25.4
25.88
26.36
26.84
27.32
27.8
28.29
28.75
29.21
29.68
30.14
30.61
31.06
31.52
31.99
32.47
32.94
33.41
33.89
34.36
34.82
35.31
35.78
36.25
36.75
37.25
37.71
38.18
38.63
39.09
39.55
40.01
40.46
40.92
41.38
41.87
42.36
42.82
43.28
43.75
44.22
44.69
45.17
45.64
46.11
46.59
47.06
47.54
48.02
48.48
48.94
49.42
49.9
50.39
50.9
51.37
51.86
52.34
52.82
53.3
53.78
54.24
54.71
55.18
55.66
56.12
56.61
57.09
57.57
58.05
58.52
59.0
59.48
59.95
60.4
60.87
61.33
61.78
62.23
62.66
63.11
63.54
63.98
64.43
64.87
65.33
65.81
66.3
66.76
67.24
67.72
68.17
68.65
69.11
69.59
70.09
70.57
71.05
71.53
72.0
72.49
72.95
73.44
73.92
74.41
74.89
75.35
75.84
76.32
76.78
77.26
77.72
78.19
78.67
79.15
79.64
80.18
80.69
81.17
81.67
82.16
82.65
83.13
83.62
84.12
84.61
85.12
85.66
86.2
86.73
87.27
87.78
88.31
