0.11
0.57
1.03
1.48
1.92
2.36
2.81
3.27
3.72
4.16
4.61
5.04
5.47
5.91
6.36
6.83
7.28
7.71
8.17
8.63
9.07
9.51
9.98
10.43
10.89
11.38
11.86
12.35
12.78
13.25
13.7
14.12
14.56
15.02
15.44
15.9
16.34
16.77
17.22
17.69
18.16
18.62
19.08
19.56
20.02
20.5
20.98
21.41
21.86
22.33
22.79
23.27
23.74
24.23
24.71
25.19
25.68
26.15
26.64
27.11
27.6
28.09
28.56
29.03
29.51
30.0
30.51
30.98
31.45
31.92
32.4
32.87
33.34
33.81
34.29
34.77
35.24
35.72
36.24
36.72
37.18
37.67
38.16
38.62
39.1
39.58
40.03
40.5
40.99
41.47
41.98
42.45
42.92
43.4
43.88
44.37
44.85
45.33
45.8
46.27
46.75
47.23
47.7
48.15
48.6
49.06
49.53
50.01
50.47
50.95
51.41
51.89
52.37
52.84
53.3
53.75
54.2
54.66
55.13
55.59
56.11
56.61
57.11
57.61
58.09
58.56
59.06
59.52
60.01
60.49
60.97
61.45
61.91
62.37
62.84
63.33
63.79
64.27
64.74
65.19
65.66
66.14
66.65
67.14
67.63
68.1
68.57
69.05
69.53
70.02
70.49
70.97
71.43
71.87
72.33
72.8
73.25
73.69
74.17
74.65
75.12
75.58
76.06
76.52
76.99
77.45
77.93
78.39
78.86
79.38
79.91
80.42
80.89
81.37
81.84
82.33
82.82
83.3
83.8
84.27
84.76
85.27
85.74
86.25
86.73
87.21
87.69
