0.5
3.76
7.6
11.45
15.29
19.18
22.98
26.14
29.35
32.8
36.44
40.28
43.8
47.3
50.72
53.85
57.03
60.23
63.58
67.23
70.69
73.28
76.23
79.16
82.08
85.26
88.4
91.11
93.55
96.08
98.6
101.11
103.19
105.1
106.78
108.37
109.73
110.97
112.24
113.6
115.1
116.64
118.22
119.84
121.42
123.03
124.5
126.07
127.76
129.44
131.07
132.64
134.24
135.84
137.49
139.15
140.81
142.45
144.04
145.65
147.28
148.95
150.69
152.39
154.05
155.73
157.42
159.07
160.72
162.32
163.98
165.81
167.55
169.26
170.94
172.64
174.32
176.0
177.73
179.43
181.2
182.9
184.61
186.29
187.96
189.77
191.47
193.16
194.79
196.49
198.12
199.81
201.56
203.39
205.31
207.16
208.92
210.76
212.59
214.39
216.2
217.92
219.64
221.32
222.99
224.7
226.46
228.23
230.14
232.12
234.11
236.04
237.97
239.84
241.67
243.58
245.51
247.36
249.22
251.13
253.16
255.74
258.59
261.42
264.17
266.92
269.53
271.62
273.45
275.3
277.15
279.08
280.96
282.69
284.37
286.03
287.74
289.46
291.21
292.93
294.74
296.5
298.26
299.98
301.79
303.6
305.27
306.94
308.75
310.69
312.66
314.53
316.4
318.28
320.19
322.06
323.81
325.56
327.36
329.19
331.07
332.97
334.81
336.63
338.51
340.3
342.11
343.95
345.87
347.72
349.54
351.37
353.14
354.96
356.72
358.47
360.18
361.92
363.67
365.41
367.23
369.0
370.84
372.68
374.45
376.17
377.98
379.75
381.6
383.43
385.18
386.95
388.75
390.53
392.29
394.06
395.76
397.49
399.37
401.3
403.12
404.9
406.67
408.45
410.23
412.05
413.84
415.63
417.33
419.05
420.79
422.52
424.3
426.06
427.82
429.59
431.45
433.27
435.07
436.95
438.88
440.96
443.0
444.93
446.87
448.87
450.73
452.61
454.54
456.42
458.39
460.2
462.04
463.91
465.81
467.64
469.42
471.3
473.17
475.36
477.37
479.48
481.7
483.8
485.7
487.95
489.75
491.5
493.27
494.99
496.69
498.39
500.03
501.74
503.52
505.28
507.24
508.97
510.67
512.53
514.24
515.93
517.65
519.33
521.03
522.82
524.59
526.35
528.05
529.82
531.58
533.44
535.31
537.17
538.99
540.87
542.76
544.5
546.35
548.12
549.89
551.65
553.34
555.05
556.76
558.44
560.2
561.96
563.85
565.69
567.44
569.1
570.83
572.49
574.15
575.81
577.44
579.07
580.71
582.41
584.15
585.89
587.59
589.28
590.98
592.68
594.4
596.17
597.91
599.68
601.43
603.12
604.96
606.63
608.44
610.6
613.17
615.76
618.53
621.41
624.38
627.53
630.8
634.26
638.08
642.0
645.58
649.57
653.62
657.76
661.66
665.51
668.75
671.79
