0.51
1.37
2.15
2.99
3.78
4.73
5.68
6.65
7.61
8.53
9.39
10.23
11.05
11.98
12.88
13.72
14.52
15.3
16.11
16.86
17.66
18.44
19.19
19.97
20.69
21.49
22.23
22.98
23.74
24.54
25.35
26.16
26.91
27.66
28.4
29.14
29.92
30.58
31.29
31.97
32.81
33.7
34.61
35.46
36.45
37.39
38.36
39.35
40.33
41.21
42.09
42.97
43.81
44.7
45.57
46.47
47.31
48.18
49.03
49.89
50.65
51.44
52.26
53.08
53.85
54.67
55.48
56.27
57.04
57.83
58.62
59.46
60.23
61.08
61.9
62.73
63.59
64.44
65.36
66.27
67.23
68.1
69.03
69.96
70.69
71.37
72.01
72.67
73.29
74.04
74.78
75.51
76.24
77.0
77.7
78.43
79.19
79.89
80.65
81.36
82.08
82.76
83.44
84.09
84.76
85.52
86.27
87.02
87.73
88.4
89.13
89.85
90.49
91.14
91.84
92.46
93.13
93.77
94.36
94.98
95.61
96.25
96.87
97.49
98.1
98.68
99.29
99.92
100.5
101.12
101.66
102.19
102.69
103.19
103.69
104.15
104.62
105.1
105.58
106.0
106.39
106.79
107.2
107.6
107.98
108.38
108.77
109.12
109.44
109.75
110.06
110.36
110.67
110.98
111.29
111.61
111.92
112.24
112.58
112.94
113.27
113.61
113.97
114.36
114.71
115.1
115.47
115.84
116.26
116.66
117.06
117.44
117.85
118.24
118.64
119.06
119.44
119.85
120.26
120.65
121.03
121.41
121.8
122.23
122.64
123.04
123.5
123.94
124.41
124.85
125.27
125.67
126.07
126.49
126.91
127.33
127.77
128.18
128.59
129.01
129.44
129.87
130.29
130.67
131.07
131.46
131.85
132.26
132.65
133.05
133.46
133.86
134.24
134.66
135.06
135.44
135.84
136.26
136.65
137.06
137.5
137.91
138.33
138.74
139.15
139.57
139.99
140.38
140.81
141.22
141.62
142.03
142.45
142.84
143.25
143.65
144.04
144.44
144.85
145.24
145.66
146.07
146.48
146.89
147.29
147.68
148.07
148.5
148.95
149.38
149.84
150.25
150.69
151.12
151.55
151.98
152.4
152.8
153.22
153.64
154.05
154.48
154.9
155.32
155.74
156.17
156.58
157.0
157.42
157.85
158.26
158.68
159.07
159.49
159.91
160.3
160.73
161.13
161.53
161.93
162.33
162.76
163.16
163.57
163.98
164.42
164.88
165.36
165.81
166.27
166.71
167.13
167.55
167.98
168.42
168.85
169.27
169.69
170.11
170.55
170.95
171.38
171.81
172.23
172.65
173.05
173.48
173.91
174.32
174.74
175.15
175.59
176.01
176.42
176.86
177.28
177.73
178.16
178.59
179.0
179.43
179.87
180.33
180.75
181.21
181.64
182.07
182.48
182.91
183.34
183.76
184.17
184.61
185.03
185.43
185.85
186.29
186.71
187.12
187.53
187.97
188.42
188.88
189.33
189.78
190.19
190.63
191.05
191.47
191.91
192.33
192.75
193.17
193.58
193.97
194.39
194.8
195.22
195.65
196.08
196.5
196.93
197.38
197.87
198.34
198.82
199.32
199.8
200.23
200.7
201.14
201.56
202.01
202.45
202.93
203.39
203.85
204.33
204.83
205.31
205.77
206.24
206.69
207.16
207.62
208.07
208.49
208.93
209.38
209.83
210.29
210.76
211.21
211.69
212.15
212.6
213.05
213.51
213.96
214.39
214.84
215.29
215.76
216.21
216.64
217.07
217.48
217.93
218.35
218.78
219.22
219.65
220.07
220.47
220.89
221.33
221.75
222.17
222.57
222.99
223.41
223.84
224.28
224.7
225.14
225.57
226.02
226.47
226.93
227.37
227.8
228.24
228.67
229.11
229.65
230.14
230.66
231.16
231.63
232.12
232.63
233.13
233.63
234.12
234.58
235.06
235.56
236.04
236.56
237.03
237.49
237.97
238.44
238.91
239.37
239.85
240.31
240.77
241.23
241.67
242.13
242.6
243.08
243.58
244.09
244.57
245.04
245.52
245.99
246.45
246.91
247.37
247.83
248.29
248.76
249.22
249.7
250.17
250.66
251.13
251.6
252.11
252.66
253.17
253.71
254.21
254.76
255.25
255.75
256.25
256.7
257.17
257.66
258.12
258.59
259.1
259.7
260.25
260.81
261.41
261.95
262.52
263.13
263.69
264.26
264.87
265.5
266.11
266.73
267.38
268.0
268.59
269.19
269.83
270.4
271.03
271.63
272.19
272.72
273.3
273.85
274.37
274.94
275.48
276.02
276.58
277.15
277.63
278.14
278.6
279.08
279.58
280.06
280.53
280.96
281.4
281.82
282.26
282.7
283.1
283.52
283.96
284.38
284.79
285.22
285.62
286.04
286.46
286.9
287.33
287.75
288.18
288.61
289.03
289.49
289.93
290.35
290.78
291.22
291.64
292.07
292.49
292.94
293.41
293.85
294.3
294.74
295.18
295.61
296.05
296.51
296.95
297.38
297.81
298.26
298.68
299.11
299.54
299.99
300.44
300.91
301.36
301.8
302.24
302.69
303.15
303.6
304.03
304.47
304.89
305.27
305.69
306.07
306.51
306.95
307.37
307.82
308.3
308.77
309.23
309.72
310.23
310.7
311.18
311.67
312.19
312.66
313.13
313.6
314.08
314.54
315.01
315.47
315.95
316.41
316.86
317.31
317.8
318.28
318.81
319.35
319.86
320.31
320.73
321.19
321.61
322.07
322.51
322.93
323.39
323.82
324.27
324.69
325.15
325.57
326.02
326.45
326.89
327.37
327.83
328.27
328.73
329.2
329.67
330.16
330.63
331.08
331.57
332.02
332.51
332.98
333.43
333.9
334.36
334.82
335.27
335.72
336.19
336.64
337.1
337.57
338.06
338.52
338.97
339.4
339.87
340.31
340.75
341.2
341.65
342.12
342.56
343.01
343.47
343.94
344.44
344.93
345.39
345.88
346.33
346.8
347.29
347.73
348.19
348.66
349.11
349.55
350.0
350.44
350.9
351.38
351.83
352.28
352.71
353.14
353.6
354.04
354.49
354.96
355.41
355.86
356.29
356.73
357.16
357.6
358.03
358.47
358.89
359.33
359.76
360.18
360.63
361.04
361.49
361.92
362.34
362.78
363.24
363.68
364.11
364.54
364.98
365.42
365.87
366.32
366.79
367.24
367.69
368.14
368.56
369.01
369.44
369.88
370.36
370.85
371.36
371.83
372.26
372.72
373.15
373.59
374.02
374.46
374.9
375.32
375.74
376.18
376.63
377.1
377.53
377.98
378.45
378.89
379.32
379.76
380.19
380.63
381.11
381.6
382.09
382.55
382.99
383.44
383.87
384.33
384.75
385.19
385.65
386.08
386.53
386.96
387.39
387.83
388.29
388.76
389.23
389.67
390.1
390.54
391.0
391.44
391.86
392.3
392.74
393.2
393.63
394.06
394.49
394.92
395.34
395.77
396.2
396.63
397.07
397.49
397.91
398.36
398.88
399.37
399.91
400.39
400.84
401.3
401.77
402.21
402.67
403.12
403.57
404.01
404.47
404.9
405.34
405.8
406.24
406.68
407.1
407.54
407.99
408.45
408.89
409.36
409.81
410.24
410.69
411.16
411.59
412.06
412.49
412.94
413.4
413.85
414.29
414.75
415.2
415.64
416.05
416.48
416.91
417.34
417.77
418.21
418.64
419.06
419.51
419.93
420.35
420.79
421.23
421.64
422.08
422.53
423.01
423.46
423.92
424.33
424.77
425.2
425.63
426.07
426.51
426.96
427.4
427.83
428.27
428.7
429.15
429.6
430.04
430.5
430.97
431.46
431.93
432.4
432.82
433.27
433.72
434.14
434.6
435.07
435.53
436.02
436.47
436.96
437.42
437.93
438.39
438.89
439.37
439.89
440.42
440.97
441.53
442.04
442.52
443.02
443.49
443.96
444.46
444.94
445.4
445.89
446.37
446.88
447.36
447.85
448.38
448.87
449.33
449.81
450.29
450.77
451.25
451.73
452.18
452.65
453.12
453.61
454.08
454.55
455.02
455.47
455.94
456.42
456.88
457.38
457.89
458.37
458.85
459.32
459.77
460.21
460.66
461.11
461.59
462.05
462.49
462.95
463.44
463.92
464.43
464.89
465.36
465.81
466.26
466.72
467.18
467.65
468.1
468.53
468.98
469.43
469.9
470.39
470.86
471.31
471.77
472.23
472.68
473.21
473.76
474.3
474.85
475.36
475.85
476.37
476.87
477.39
477.94
478.43
478.95
479.5
480.07
480.62
481.14
481.71
482.22
482.78
483.33
483.8
484.29
484.75
485.25
485.72
486.26
486.85
487.39
487.96
488.55
489.16
489.76
490.32
490.91
491.5
491.97
492.39
492.83
493.28
493.71
494.16
494.59
495.0
495.45
495.87
496.29
496.7
497.13
497.56
497.96
498.4
498.79
499.2
499.63
500.06
500.47
500.88
501.32
501.76
502.21
502.64
503.1
503.53
503.97
504.41
504.84
505.29
505.73
506.23
506.76
507.24
507.69
508.13
508.56
508.98
509.42
509.84
510.25
510.68
511.14
511.61
512.05
512.53
512.98
513.4
513.81
514.25
514.65
515.09
515.5
515.94
516.35
516.79
517.21
517.65
518.06
518.48
518.89
519.33
519.74
520.15
520.59
521.04
521.5
521.95
522.39
522.83
523.28
523.73
524.17
524.6
525.03
525.49
525.93
526.34
526.78
527.21
527.63
528.06
528.52
528.96
529.4
529.82
530.26
530.7
531.14
531.59
532.05
532.52
532.99
533.44
533.91
534.4
534.86
535.32
535.78
536.23
536.7
537.17
537.62
538.11
538.59
539.11
539.58
540.08
540.6
541.09
541.6
542.08
542.58
543.11
543.6
544.07
544.51
544.97
545.44
545.9
546.36
546.82
547.27
547.7
548.13
548.57
549.03
549.46
549.9
550.37
550.81
551.24
551.66
552.07
552.48
552.91
553.34
553.76
554.18
554.62
555.05
555.48
555.92
556.34
556.77
557.18
557.6
558.02
558.45
558.87
559.31
559.76
560.2
560.64
561.08
561.51
561.97
562.46
562.92
563.38
563.87
564.34
564.78
565.24
565.69
566.12
566.57
566.99
567.44
567.85
568.28
568.72
569.13
569.55
569.98
570.41
570.83
571.24
571.65
572.08
572.49
572.93
573.34
573.74
574.16
574.56
574.99
575.39
575.81
576.23
576.64
577.04
577.45
577.85
578.26
578.67
579.06
579.45
579.85
580.27
580.69
581.14
581.57
581.98
582.41
582.86
583.27
583.73
584.15
584.59
585.05
585.49
585.9
586.32
586.74
587.16
587.6
588.02
588.44
588.84
589.28
589.68
590.11
590.56
590.99
591.42
591.84
592.26
592.69
593.12
593.56
593.99
594.41
594.85
595.31
595.75
596.17
596.59
597.02
597.45
597.91
598.37
598.82
599.27
599.69
600.13
600.58
601.0
601.44
601.86
602.26
602.69
603.12
603.54
604.07
604.59
605.17
605.78
606.42
607.06
607.69
608.44
609.21
610.03
610.87
611.67
612.54
613.41
614.22
615.11
615.97
616.77
617.69
618.6
619.59
620.53
621.45
622.37
623.33
624.39
625.45
626.56
627.57
628.64
629.75
630.81
631.8
632.86
633.89
634.98
635.96
637.06
638.09
639.08
640.17
641.23
642.32
643.33
644.42
645.43
646.48
647.53
648.59
649.66
650.67
651.67
652.73
653.72
654.67
655.73
656.8
657.76
658.73
659.72
660.65
661.66
662.64
663.62
664.53
665.51
666.46
667.43
668.31
669.17
670.08
670.95
671.79
672.68
673.61
674.53
