0.35
1.01
1.66
2.35
2.99
3.63
4.3
4.94
5.57
6.18
6.81
7.46
8.09
8.75
9.42
10.08
10.74
11.4
12.09
12.75
13.39
14.01
14.63
15.31
15.94
16.62
17.27
17.94
18.61
19.29
19.93
20.62
21.24
21.93
22.63
23.32
23.96
24.68
25.31
25.99
26.69
27.32
27.95
28.64
29.25
29.92
30.62
31.28
32.0
32.67
33.29
33.94
34.61
35.26
35.92
36.53
37.13
37.75
38.4
39.07
39.72
40.34
41.0
41.61
42.26
42.89
43.53
44.19
44.82
45.49
46.13
46.78
47.23
47.67
48.12
48.54
48.94
49.35
49.74
50.14
50.53
50.93
51.33
51.73
52.13
52.53
52.94
53.34
53.75
54.16
54.56
54.96
55.37
55.78
56.19
56.59
57.0
57.41
57.82
58.23
58.63
59.04
59.45
59.85
60.26
60.66
61.07
61.48
61.9
62.31
62.73
63.14
63.55
63.96
64.38
64.79
65.19
65.6
66.0
66.4
66.82
67.21
67.61
68.02
68.42
68.83
69.23
69.64
70.04
70.44
70.85
71.24
71.65
72.06
72.46
72.86
73.3
73.77
74.22
74.63
75.04
75.44
75.85
76.25
76.67
77.08
77.48
77.89
78.3
78.7
79.11
79.52
79.92
80.34
80.74
81.15
81.57
81.97
82.38
82.78
83.19
83.59
83.99
84.39
84.8
85.23
85.63
86.05
86.46
86.88
87.29
87.71
88.12
88.54
88.95
89.35
89.77
90.19
90.61
91.02
91.43
91.84
92.26
92.68
93.09
93.51
93.92
94.33
94.73
95.15
95.55
95.95
96.37
96.77
97.18
97.6
98.0
98.41
98.82
99.22
99.64
100.05
100.46
100.86
101.27
101.68
102.09
102.51
102.91
103.33
103.75
104.15
104.56
104.96
105.38
105.81
106.26
106.69
107.09
107.49
107.91
108.32
108.74
109.15
109.57
110.01
110.46
110.9
111.37
111.88
112.38
112.9
113.39
113.91
114.41
114.86
115.31
115.76
116.2
116.65
117.1
117.56
117.98
118.41
118.84
119.23
119.65
120.05
120.46
120.88
121.3
121.71
122.1
122.54
122.98
123.45
123.89
124.37
124.81
125.29
125.73
126.36
126.99
127.62
128.26
128.89
129.52
130.17
130.82
131.49
132.18
132.9
133.61
134.29
134.98
135.72
136.4
137.08
137.76
138.47
139.1
139.76
140.43
141.1
141.8
142.42
143.07
143.72
144.34
144.99
145.61
146.22
146.89
147.51
148.19
148.85
149.56
150.24
150.92
151.63
152.32
152.98
153.68
154.42
155.13
155.8
156.54
157.22
157.93
158.68
159.32
159.99
160.66
161.27
161.92
162.61
163.28
163.99
164.65
165.32
165.94
166.6
167.23
167.83
168.43
169.04
169.68
170.35
170.95
171.57
172.14
172.75
173.39
174.04
174.68
175.32
175.95
176.57
177.21
177.75
178.33
178.86
179.29
179.7
180.11
180.52
180.93
181.33
181.73
182.15
182.55
182.95
183.35
183.76
184.16
184.57
184.97
185.37
185.78
186.18
186.58
187.0
187.4
187.81
188.21
188.6
189.0
189.39
189.8
190.22
190.62
191.02
191.44
191.85
192.25
192.65
193.05
193.45
193.84
194.25
194.65
195.08
195.48
195.89
196.29
196.7
197.17
197.6
198.05
198.52
198.97
199.44
199.88
200.35
200.82
201.26
201.74
202.18
202.67
203.15
203.68
204.3
204.98
205.64
206.3
206.97
207.65
208.36
209.02
209.68
210.3
210.96
211.65
212.29
212.97
213.61
214.2
214.78
215.35
215.94
216.51
217.09
217.7
218.27
218.86
219.45
220.02
220.59
221.25
221.93
222.59
223.26
223.89
224.51
225.17
225.8
226.39
227.02
227.6
228.21
228.81
229.41
230.01
230.62
231.21
231.82
232.41
233.03
233.66
234.35
234.98
235.57
236.2
236.79
237.4
237.97
238.52
239.09
239.67
240.27
240.86
241.42
242.02
242.57
243.15
243.76
244.32
244.91
245.52
246.11
246.68
247.27
247.87
248.46
249.01
249.57
250.14
250.7
251.28
251.83
252.38
252.96
253.51
254.04
254.61
255.16
255.71
256.25
256.76
257.3
257.86
258.39
258.94
259.54
260.12
260.7
261.29
261.84
262.38
262.94
263.53
264.09
264.63
265.27
265.86
266.49
267.11
267.81
268.55
269.22
269.96
270.64
271.43
272.15
272.9
273.71
274.49
275.29
276.09
276.93
277.69
278.53
279.32
280.07
280.88
281.65
282.44
283.26
284.06
284.82
285.54
286.23
286.92
287.65
288.42
289.17
289.91
290.63
291.36
292.23
293.15
293.95
294.78
295.58
296.37
297.24
298.06
298.86
299.72
300.57
301.37
302.24
303.04
303.83
304.68
305.49
306.25
307.07
307.93
308.76
309.59
310.33
311.11
311.9
312.71
313.49
314.26
315.17
316.02
316.82
317.59
318.39
319.18
