1.0
3.63
6.18
8.74
11.4
14.01
16.61
19.29
21.93
24.66
27.32
29.92
32.67
35.25
37.77
40.34
42.88
45.47
47.57
49.34
50.92
52.53
54.16
55.77
57.4
59.04
60.66
62.31
63.96
65.6
67.21
68.82
70.44
72.05
73.76
75.44
77.07
78.7
80.33
81.96
83.58
85.22
86.87
88.54
90.18
91.83
93.5
95.14
96.77
98.4
100.05
101.68
103.32
104.96
106.68
108.32
110.01
111.88
113.9
115.75
117.56
119.22
120.89
122.75
124.59
126.98
129.51
132.17
134.97
137.76
140.42
143.06
145.6
148.18
150.91
153.68
156.53
159.32
161.92
164.64
167.22
169.58
172.01
174.49
177.02
179.29
180.92
182.54
184.15
185.77
187.4
188.99
190.61
192.24
193.84
195.48
197.19
199.51
202.14
204.97
207.64
210.3
212.96
215.35
217.68
220.02
222.58
225.16
227.59
230.01
232.4
234.97
237.4
239.66
242.02
244.31
246.68
249.0
251.27
253.52
256.26
259.53
262.92
266.49
270.6
274.99
279.31
283.26
286.71
289.9
293.14
296.36
299.54
302.63
305.48
308.76
311.89
315.16
318.39
