0.11
0.54
0.99
1.43
1.87
2.28
2.69
3.09
3.5
3.92
4.38
4.85
5.31
5.78
6.25
6.73
7.18
7.61
8.04
8.47
8.89
9.33
9.79
10.31
10.82
11.32
11.81
12.26
12.74
13.2
13.68
14.14
14.56
15.01
15.44
15.91
16.37
16.82
17.3
17.74
18.17
18.61
19.04
19.5
19.97
20.44
20.92
21.39
21.85
22.29
22.74
23.19
23.64
24.08
24.53
24.98
25.45
25.85
26.27
26.69
27.11
27.53
27.97
28.39
28.8
29.21
29.66
30.13
30.57
31.01
31.45
31.87
32.31
32.76
33.23
33.67
34.09
34.53
34.94
35.39
35.86
36.36
36.83
37.32
37.81
38.31
38.8
39.25
39.7
40.13
40.56
41.0
41.45
41.93
42.45
42.93
43.41
43.89
44.37
44.85
45.32
45.85
46.38
46.9
47.4
47.93
48.48
48.99
49.52
50.05
50.58
51.11
51.66
52.19
52.67
53.11
53.57
54.03
54.51
54.96
55.41
55.84
56.25
56.68
57.13
57.59
58.05
58.49
58.95
59.36
59.79
60.22
60.67
61.1
61.5
61.91
62.34
62.75
63.16
63.54
63.94
64.36
64.75
65.14
65.54
65.94
66.36
66.76
67.16
67.58
67.98
68.38
68.81
69.2
69.61
70.05
70.46
70.87
71.3
71.74
72.15
72.62
73.07
73.52
73.99
74.48
74.93
75.4
75.87
76.36
76.83
77.3
77.75
78.24
78.71
79.18
79.65
80.09
80.57
81.03
81.47
81.93
82.39
82.87
83.31
83.8
84.32
84.85
85.36
85.86
86.35
86.87
87.4
87.88
88.34
88.81
89.26
89.72
90.18
90.65
91.11
91.56
92.01
92.49
92.93
93.37
93.79
94.25
94.68
95.11
95.55
95.99
96.45
96.89
97.33
97.75
98.21
98.65
99.11
99.59
100.03
100.49
100.97
101.4
101.85
102.3
102.77
103.2
103.67
104.15
104.67
105.15
105.68
106.16
106.64
107.14
107.6
108.06
108.5
108.97
109.4
109.81
110.24
110.68
111.11
111.53
112.01
112.46
112.91
113.37
113.85
114.31
114.78
115.27
115.74
116.21
116.67
117.13
117.6
118.09
118.54
119.01
119.48
119.94
120.39
120.83
121.28
121.75
122.18
122.64
123.08
123.55
123.99
124.41
124.83
125.23
125.65
126.07
126.49
126.91
127.34
127.77
128.19
128.62
129.04
129.46
129.89
130.35
130.8
131.26
131.7
132.13
132.55
132.99
133.44
133.91
134.36
134.84
135.29
135.75
136.21
136.69
137.15
137.58
138.01
138.44
138.88
139.35
139.8
140.31
140.82
141.31
141.8
142.29
142.77
143.25
143.74
144.19
144.62
145.07
145.49
145.96
146.42
146.87
147.35
147.8
148.23
148.68
149.13
149.6
150.04
150.48
150.95
151.4
151.85
152.28
152.72
153.16
153.59
154.05
154.49
154.9
155.35
155.77
156.17
156.59
157.02
157.46
157.9
158.3
158.74
159.14
159.52
159.92
160.34
160.79
161.22
161.64
162.08
162.53
162.97
163.41
163.85
164.28
164.72
165.15
165.58
166.02
166.46
166.87
167.31
167.73
168.17
168.59
169.02
169.43
169.83
170.23
170.65
171.09
171.51
171.94
172.37
172.79
173.24
173.67
174.09
174.51
174.96
175.39
175.81
176.23
176.7
177.16
177.61
178.08
178.57
179.02
179.47
179.87
180.28
180.68
181.11
181.51
181.92
182.35
182.8
183.23
183.69
184.15
184.62
185.08
185.54
185.97
186.43
186.87
187.32
187.74
188.2
188.65
189.1
189.55
190.01
190.46
190.88
191.28
191.71
192.12
192.57
193.02
193.47
193.93
194.38
194.81
195.26
195.69
196.14
196.55
197.0
197.41
197.86
198.28
198.72
199.16
199.62
200.04
200.48
200.94
201.36
201.82
202.25
202.66
203.1
203.5
203.93
204.36
204.75
205.18
205.59
205.98
206.37
206.74
207.13
207.52
207.91
208.35
208.78
209.22
209.65
210.06
210.52
210.99
211.46
211.91
212.37
212.82
213.28
213.7
214.16
214.57
215.0
215.43
215.88
216.31
216.74
217.17
217.59
218.01
218.46
218.94
219.4
219.84
220.29
220.73
221.19
221.63
222.08
222.55
222.99
223.43
223.86
224.29
224.73
225.18
225.65
226.1
226.55
226.98
227.43
227.88
228.34
228.81
229.28
229.74
230.2
230.63
231.08
231.55
232.0
232.43
232.9
233.31
233.74
234.17
234.62
235.03
235.48
235.89
236.32
236.71
237.14
237.53
237.94
238.37
238.81
239.24
239.66
240.1
240.53
240.99
241.43
241.85
242.31
242.76
243.22
243.66
244.09
244.5
244.94
245.38
245.8
246.2
246.63
247.04
247.46
247.9
248.36
248.8
249.25
249.68
250.12
250.54
250.97
251.42
251.85
252.31
252.75
253.18
253.62
254.03
254.46
254.9
255.35
255.82
256.27
256.71
257.15
257.62
258.07
258.5
258.95
259.43
259.89
260.37
260.83
261.31
261.78
262.28
262.77
263.26
263.75
264.21
264.64
265.09
265.52
265.97
266.46
266.94
267.42
267.88
268.31
268.74
269.18
269.63
270.13
270.63
271.11
271.56
272.0
272.42
272.86
273.32
273.82
274.33
274.83
275.33
275.79
276.27
276.76
277.24
277.72
278.21
278.68
279.15
279.62
280.1
280.58
281.04
281.49
281.92
282.35
282.81
283.28
283.74
284.18
284.65
285.11
285.55
285.97
286.41
286.86
287.32
287.76
288.23
288.68
289.1
289.52
289.96
290.43
290.91
291.36
291.84
292.3
292.75
293.21
293.68
294.13
294.61
295.07
295.53
296.0
296.48
296.99
297.53
298.01
298.52
298.99
299.49
299.95
300.43
300.89
301.39
301.88
302.4
302.88
303.41
303.89
304.43
304.93
305.48
305.98
306.48
306.96
307.43
307.91
308.39
308.88
309.39
309.89
310.37
310.84
311.32
311.8
312.28
312.75
313.24
313.74
314.23
314.71
315.21
315.69
316.18
316.66
317.18
317.68
318.18
318.64
319.14
319.62
320.11
320.56
321.04
321.55
322.07
322.58
323.06
323.55
324.03
324.54
325.03
325.52
326.0
326.48
326.98
327.46
327.95
328.43
328.94
329.44
329.92
330.39
330.89
331.38
331.87
332.33
332.84
333.32
333.83
334.29
334.79
335.29
335.77
336.23
336.71
337.19
337.68
338.17
338.68
339.15
339.66
340.16
340.64
341.14
341.64
342.14
342.65
343.14
343.63
344.12
344.64
345.19
345.71
346.19
346.69
347.2
347.69
348.18
348.79
349.41
350.0
350.62
351.39
352.45
353.48
354.56
355.55
356.63
357.66
358.63
359.76
360.85
361.87
362.99
364.03
365.13
366.23
367.18
368.05
368.96
369.92
370.92
371.88
372.93
373.92
374.86
375.9
376.95
378.0
379.03
380.14
381.13
382.22
383.17
384.18
385.22
386.21
387.26
388.22
389.21
390.17
391.1
392.09
393.11
394.2
395.23
396.24
397.36
398.46
399.55
400.53
401.54
402.55
403.5
404.47
405.45
406.4
407.39
408.34
409.31
410.23
411.22
412.26
413.21
414.23
415.17
416.1
417.09
417.98
418.93
419.9
420.76
421.7
422.42
423.19
423.95
424.67
425.41
426.17
426.93
427.66
428.46
429.3
430.1
430.89
431.68
432.45
433.24
434.06
434.81
435.58
436.39
437.23
438.04
438.87
439.66
440.34
441.03
441.74
442.5
443.24
443.97
444.66
445.39
446.18
446.95
447.71
448.43
449.22
449.99
450.67
451.37
452.08
452.82
453.5
454.21
454.92
455.65
456.32
457.05
457.7
458.41
459.08
459.8
460.49
461.15
461.93
462.68
463.45
464.19
464.94
465.72
466.54
467.3
468.06
468.86
469.72
470.53
471.37
472.14
472.95
473.77
474.54
475.48
476.37
477.22
478.1
479.04
479.93
480.77
481.66
482.58
483.37
484.2
484.94
485.64
486.34
487.16
488.05
488.91
489.75
490.56
491.35
492.12
492.87
493.66
494.47
495.28
496.04
496.81
497.51
498.27
498.99
499.75
500.48
501.26
502.05
502.84
503.62
504.42
505.24
505.96
506.71
507.49
508.23
508.95
509.64
510.37
511.12
511.85
512.59
513.31
514.01
514.71
515.4
516.18
517.0
517.74
518.48
519.21
519.95
520.66
521.37
522.22
523.06
523.75
524.5
525.19
525.9
526.61
527.34
528.07
528.78
529.43
530.07
530.72
531.36
532.05
532.78
533.46
534.11
534.76
535.41
536.07
536.7
537.35
538.16
538.98
539.65
540.34
541.03
541.71
542.43
543.18
543.96
544.75
545.53
546.41
547.33
548.2
549.07
550.0
550.81
551.64
552.45
553.33
554.11
554.97
555.82
556.63
557.56
558.45
559.41
560.32
561.29
562.18
563.14
564.0
564.95
565.72
566.52
567.38
568.15
568.97
569.79
570.56
571.31
572.09
572.9
573.71
574.49
575.24
576.05
576.8
577.63
578.4
579.2
580.02
580.83
581.58
582.33
583.11
583.95
584.72
585.57
586.4
587.26
588.05
588.88
589.72
590.54
591.35
592.12
592.94
593.66
594.43
595.16
595.92
596.7
597.45
598.23
598.99
599.79
600.54
601.33
602.05
602.84
603.66
604.49
605.25
606.06
606.95
607.82
608.62
609.39
610.21
611.0
611.75
612.54
613.33
614.17
614.96
615.69
616.44
617.18
617.95
618.68
619.48
620.29
621.12
621.92
622.68
623.56
624.49
625.33
626.25
627.1
628.12
629.05
630.07
631.1
632.16
633.22
634.26
635.37
636.33
637.33
638.31
639.3
640.22
641.14
642.08
643.02
644.0
645.0
645.98
646.82
647.68
648.63
649.6
650.51
651.48
652.46
653.39
654.38
655.38
656.4
657.35
658.28
659.23
660.22
661.13
662.1
663.05
663.96
664.92
665.86
666.79
667.83
668.86
669.87
670.9
671.92
672.84
673.79
674.71
675.64
676.58
677.57
678.48
679.41
680.43
681.38
682.38
683.39
684.28
685.26
686.28
687.23
688.16
689.14
690.07
691.04
691.93
692.88
693.79
694.84
695.92
697.02
698.02
698.95
699.86
700.74
701.67
702.61
703.5
704.4
705.38
706.29
707.36
708.35
709.38
710.47
711.45
712.48
713.43
714.45
715.34
716.24
717.18
718.12
719.0
719.87
720.77
721.67
722.61
723.58
724.57
725.49
726.39
727.32
728.3
729.33
730.29
731.24
732.21
733.2
734.18
735.17
736.05
736.95
737.91
738.81
739.68
740.62
741.52
742.38
743.3
744.13
745.04
745.87
746.69
747.54
748.41
749.21
750.03
750.89
751.75
752.57
753.41
754.26
755.02
755.83
756.63
757.46
758.25
758.97
759.72
760.51
761.21
761.95
762.73
763.44
764.21
764.92
765.67
766.44
767.23
767.97
768.76
769.54
770.28
771.06
771.78
772.57
773.31
774.09
774.85
775.68
776.49
777.32
778.08
778.93
779.72
780.53
781.41
782.2
783.07
783.92
784.86
785.8
786.77
787.67
788.64
789.57
790.51
791.35
792.15
792.93
793.74
794.5
795.2
795.88
796.53
797.18
797.82
798.45
799.1
799.78
800.47
801.15
801.8
802.53
803.26
804.03
804.74
805.52
806.47
807.38
808.31
809.26
810.12
811.02
811.94
812.75
813.58
814.36
815.15
815.94
816.74
817.54
818.34
819.16
819.93
820.69
821.45
822.19
822.94
823.71
824.48
825.33
826.11
826.89
827.68
828.42
829.15
829.9
830.61
831.32
832.05
832.76
833.49
834.26
834.96
835.68
836.39
837.08
837.79
838.44
839.21
840.01
840.74
841.57
842.35
843.08
843.76
844.45
845.12
845.76
846.45
847.1
847.79
848.44
849.1
849.76
850.46
851.11
851.81
852.55
853.26
853.92
854.61
855.32
856.03
856.68
857.4
858.1
858.76
859.45
860.06
860.7
861.39
862.11
862.81
863.52
864.27
865.01
865.72
866.44
867.2
867.92
868.67
869.44
870.16
870.9
871.65
872.37
873.13
873.8
874.47
875.12
875.82
876.55
877.24
877.94
878.63
879.26
879.96
880.7
881.39
882.12
882.89
883.55
884.23
884.9
885.62
886.33
886.99
887.71
888.37
889.06
889.76
890.53
891.3
892.08
892.87
893.62
894.38
895.1
895.85
896.54
897.29
898.02
898.81
899.54
900.33
901.11
901.87
902.66
903.37
904.1
904.88
905.59
906.36
907.07
907.83
908.56
909.33
910.08
910.87
911.61
912.38
913.2
914.0
914.79
915.5
916.26
916.96
917.71
918.45
919.23
919.97
920.76
921.51
922.28
923.04
923.82
924.63
925.37
926.14
926.85
927.62
928.4
929.22
929.99
930.68
931.43
932.14
932.84
933.58
934.3
935.09
935.95
936.75
937.58
938.36
939.16
939.82
940.52
941.26
941.96
942.6
943.29
944.0
944.68
945.3
945.93
946.6
947.24
947.85
948.52
949.13
949.83
950.55
951.27
951.93
952.63
953.38
954.15
954.86
955.69
956.63
957.47
958.42
959.33
960.2
961.16
962.03
963.02
963.94
964.95
965.96
966.89
967.89
968.86
969.83
970.71
971.57
972.53
973.41
974.34
975.27
976.24
977.12
978.04
978.9
979.8
980.62
981.37
982.13
982.87
983.63
984.36
985.1
985.86
986.74
987.55
988.31
989.12
989.92
990.66
991.38
992.14
992.85
993.6
994.34
995.1
995.8
996.55
997.27
997.97
998.7
999.46
1000.17
1000.92
1001.58
1002.28
1002.92
1003.64
1004.34
1005.01
1005.7
1006.4
1007.17
1007.86
1008.67
1009.55
1010.4
1011.2
1011.99
1012.74
1013.5
1014.27
1015.01
1015.77
1016.49
1017.27
1018.08
1018.84
1019.6
1020.41
1021.22
1022.0
1022.79
1023.56
1024.37
1025.16
1026.02
1026.84
1027.66
1028.46
1029.28
1030.12
1030.95
1031.79
1032.59
1033.22
1033.91
1034.55
1035.21
1035.92
1036.63
1037.32
1038.01
1038.73
1039.45
1039.91
1040.41
1040.89
1041.35
1041.85
1042.32
1042.79
1043.29
1043.75
1044.22
1044.69
1045.18
1045.65
1046.11
1046.58
1047.05
1047.52
1047.98
1048.45
1048.93
1049.4
1049.86
1050.32
1050.77
1051.22
1051.68
1052.15
1052.63
1053.12
1053.59
1054.07
1054.52
1055.0
1055.48
1055.94
1056.37
1056.8
1057.23
1057.69
1058.15
1058.63
1059.12
1059.59
1060.08
1060.53
1060.97
1061.41
1061.84
1062.28
1062.72
1063.19
1063.64
1064.09
1064.5
1064.94
1065.37
1065.8
1066.23
1066.68
1067.12
1067.58
1068.04
1068.49
1068.93
1069.38
1069.83
1070.28
1070.71
1071.14
1071.56
1071.99
1072.43
1072.89
1073.34
1073.8
1074.26
1074.73
1075.2
1075.68
1076.15
1076.59
1076.99
1077.42
1077.84
1078.27
1078.71
1079.18
1079.64
1080.07
1080.48
1080.91
1081.33
1081.75
1082.18
1082.62
1083.04
1083.48
1083.91
1084.34
1084.77
1085.21
1085.65
1086.09
1086.51
1086.94
1087.35
1087.76
1088.18
1088.65
1089.14
1089.67
1090.16
1090.6
1091.03
1091.45
1091.86
1092.28
1092.71
1093.17
1093.63
1094.06
1094.48
1094.9
1095.32
1095.74
1096.15
1096.6
1097.02
1097.48
1097.94
1098.42
1098.84
1099.28
1099.73
1100.18
1100.61
1101.04
1101.48
1101.94
1102.41
1102.88
1103.33
1103.74
1104.14
1104.56
1104.95
1105.34
1105.74
1106.16
1106.56
1106.96
1107.35
1107.76
1108.16
1108.55
1108.94
1109.35
1109.77
1110.21
1110.63
1111.05
1111.48
1111.93
1112.35
1112.78
1113.19
1113.6
1114.0
1114.4
1114.8
1115.19
1115.59
1116.0
1116.4
1116.78
1117.18
1117.6
1118.02
1118.46
1118.88
1119.3
1119.74
1120.2
1120.63
1121.07
1121.5
1121.92
1122.34
1122.78
1123.22
1123.64
1124.04
1124.48
1124.93
1125.37
1125.8
1126.28
1126.74
1127.21
1127.7
1128.15
1128.6
1129.03
1129.46
1129.91
1130.34
1130.76
1131.18
1131.62
1132.07
1132.51
1132.95
1133.4
1133.85
1134.29
1134.72
1135.15
1135.58
1136.0
1136.4
1136.82
1137.23
1137.64
1138.06
1138.47
1138.88
1139.29
1139.68
1140.09
1140.5
1140.91
1141.32
1141.75
1142.15
1142.55
1142.95
1143.35
1143.75
1144.17
1144.6
1145.03
1145.48
1145.91
1146.34
1146.74
1147.17
1147.6
1148.02
1148.44
1148.84
1149.29
1149.72
1150.19
1150.62
1151.09
1151.52
1151.97
1152.4
1152.82
1153.25
1153.67
1154.12
1154.59
1155.04
1155.46
1155.88
1156.3
1156.71
1157.13
1157.54
1157.97
1158.42
1158.85
1159.28
1159.69
1160.08
1160.5
1160.92
1161.31
1161.71
1162.11
1162.53
1162.94
1163.35
1163.76
1164.15
1164.55
1164.96
1165.36
1165.74
1166.17
1166.56
1166.99
1167.42
1167.84
1168.25
1168.67
1169.09
1169.52
1169.94
1170.37
1170.84
1171.3
1171.76
1172.21
1172.7
1173.15
1173.62
1174.09
1174.58
1175.01
1175.42
1175.85
1176.28
1176.68
1177.12
1177.52
1177.97
1178.41
1178.86
1179.34
1179.8
1180.26
1180.71
1181.17
1181.63
1182.07
1182.51
1183.0
1183.46
1183.97
1184.45
1184.96
1185.47
1185.95
1186.45
1186.89
1187.31
1187.76
1188.18
1188.6
1188.98
1189.34
1189.72
1190.1
1190.51
1190.94
1191.37
1191.79
1192.2
1192.61
1193.03
1193.47
1193.89
1194.31
1194.73
1195.14
1195.55
1195.97
1196.39
1196.83
1197.24
1197.66
1198.09
1198.5
1198.9
1199.3
1199.71
1200.11
1200.51
1200.91
1201.32
1201.73
1202.14
1202.54
1202.94
1203.35
1203.76
1204.18
1204.59
1204.99
1205.37
1205.73
1206.11
1206.53
1206.96
1207.38
1207.79
1208.19
1208.62
1209.02
1209.44
1209.83
1210.25
1210.68
1211.15
1211.59
1212.03
1212.47
1212.93
1213.36
1213.8
1214.23
1214.67
1215.11
1215.57
1216.0
1216.44
1216.85
1217.28
1217.68
1218.11
1218.5
1218.93
1219.32
1219.74
1220.14
1220.58
1221.01
1221.48
1221.91
1222.38
1222.81
1223.28
1223.71
1224.14
1224.54
1224.97
1225.38
1225.81
1226.22
1226.64
1227.07
1227.49
1227.92
1228.34
1228.76
1229.24
1229.74
1230.27
1230.83
1231.36
1231.91
1232.45
1232.97
1233.58
1234.15
1234.76
1235.35
1235.96
1236.56
1237.2
1237.78
1238.41
1239.02
1239.67
1240.28
1240.88
1241.52
1242.15
1242.76
1243.39
1244.05
1244.74
1245.46
1246.16
1246.83
1247.54
1248.23
1248.89
1249.66
1250.48
1251.27
1252.05
1252.92
1253.84
1254.89
1255.81
1256.8
1257.74
1258.74
1259.73
1260.75
1261.68
1262.7
1263.68
