0.98
2.69
4.37
6.24
8.04
9.79
11.8
13.68
15.43
17.29
19.03
20.92
22.73
24.53
26.27
27.96
29.65
31.42
33.22
34.94
36.66
38.38
40.12
41.93
43.88
45.84
47.92
49.79
51.45
53.1
54.95
56.67
58.49
60.21
61.9
63.54
65.13
66.75
68.38
70.04
71.73
73.5
75.39
77.29
79.18
81.03
82.87
84.84
86.85
88.81
90.64
92.48
94.22
95.98
97.74
99.41
101.19
102.99
104.77
106.63
108.49
110.23
112.0
113.85
115.71
117.59
119.48
121.27
123.07
124.82
126.49
128.18
129.88
131.69
133.43
135.28
137.14
138.87
140.81
142.77
144.61
146.41
148.23
150.03
151.85
153.59
155.33
157.0
158.73
160.33
162.07
163.84
165.57
167.34
169.23
171.09
172.79
174.51
176.23
178.09
179.87
181.51
183.22
185.08
186.86
188.64
190.47
192.11
193.92
195.68
197.41
199.15
201.05
203.22
205.59
207.9
209.64
211.46
213.28
215.18
216.96
218.72
220.52
222.3
224.07
225.85
227.63
229.51
231.55
233.73
235.65
237.51
239.24
240.98
242.76
244.49
246.2
247.89
249.68
251.41
253.17
254.9
256.71
258.49
260.36
262.27
264.2
265.97
267.87
269.62
271.56
273.32
275.32
277.24
279.14
281.04
282.8
284.65
286.41
288.22
289.95
291.83
293.68
295.52
297.54
299.48
301.38
303.4
305.47
307.43
309.38
311.32
313.24
315.2
317.18
319.14
321.03
323.05
325.02
326.97
328.93
330.88
332.82
334.78
336.7
338.67
340.63
342.64
344.63
346.68
348.78
351.38
355.0
358.62
362.99
367.3
371.7
375.89
380.14
384.43
388.76
393.1
397.35
401.55
405.45
409.32
413.21
417.08
421.14
425.41
429.81
433.23
436.39
439.67
443.1
446.18
449.21
452.08
454.92
458.41
462.45
465.71
468.86
472.14
475.56
479.04
482.57
485.63
488.9
492.29
496.04
499.73
502.81
505.95
508.94
511.85
514.7
517.73
520.65
523.74
526.6
529.42
532.04
534.76
537.34
540.34
543.18
546.03
549.06
552.44
555.81
559.55
563.74
567.4
570.56
573.7
576.79
580.01
583.1
586.39
590.19
593.66
596.7
599.79
602.84
606.06
609.39
612.53
615.3
618.3
621.17
624.12
627.1
630.06
633.22
636.08
638.64
641.38
644.22
647.03
649.94
653.38
657.34
661.12
664.92
668.86
672.94
677.08
680.58
683.83
687.22
691.04
694.83
698.95
702.59
706.27
710.46
714.42
718.12
721.66
725.48
729.31
733.2
736.95
740.62
744.44
748.22
751.94
755.85
759.72
763.44
767.57
771.74
775.67
779.71
783.81
788.03
791.66
795.2
799.37
803.53
807.38
810.97
814.36
817.54
820.69
823.7
826.88
829.9
832.75
835.68
838.44
841.18
843.76
846.44
849.1
852.07
855.31
858.37
861.38
864.27
867.19
870.2
873.12
875.81
878.63
881.38
884.22
886.99
889.75
892.84
895.8
898.83
901.86
904.87
907.82
910.87
913.99
916.95
919.97
923.0
926.14
929.2
932.13
935.1
938.36
941.26
944.26
947.44
950.99
954.83
958.41
962.02
965.95
969.83
973.41
977.12
980.62
983.63
986.73
989.92
992.84
995.8
998.7
1001.57
1004.32
1006.83
1009.27
1012.16
1015.21
1018.27
1021.22
1024.36
1027.65
1030.94
1034.4
1037.32
1039.91
1041.84
1043.76
1045.64
1047.51
1049.39
1051.22
1053.12
1054.99
1056.8
1058.63
1060.53
1062.27
1064.08
1065.8
1067.58
1069.38
1071.14
1072.88
1074.73
1076.58
1078.26
1080.06
1081.75
1083.47
1085.2
1086.93
1088.64
1090.59
1092.27
1094.05
1095.73
1097.47
1099.28
1101.03
1102.87
1104.55
1106.15
1107.76
1109.34
1111.05
1112.77
1114.4
1116.0
1117.59
1119.29
1121.07
1122.78
1124.48
1126.27
1128.15
1129.9
1131.61
1133.4
1135.14
1136.81
1138.46
1140.09
1141.74
1143.35
1145.03
1146.74
1148.43
1150.18
1151.98
1153.65
1155.08
1156.7
1158.41
1160.07
1161.69
1163.34
1164.96
1166.62
1168.25
1169.93
1171.75
1173.62
1175.43
1177.11
1178.86
1180.7
1182.51
1184.44
1186.67
1188.39
1190.09
1191.78
1193.47
1195.13
1196.83
1198.49
1200.1
1201.73
1203.35
1205.24
1206.96
1208.61
1210.25
1212.03
1213.8
1215.56
1217.28
1218.92
1220.57
1222.37
1224.13
1225.8
1227.5
1229.73
1232.64
1235.67
1238.8
1242.17
1245.45
1248.89
1252.05
1254.88
1257.73
1260.78
