1.03
2.76
4.41
6.17
7.87
9.53
11.24
13.0
14.64
16.37
18.08
19.83
21.51
23.17
24.84
26.39
28.08
29.88
31.67
33.52
35.43
37.22
38.89
40.64
42.5
44.32
46.16
48.02
49.65
51.39
52.97
54.69
56.53
58.37
60.19
61.98
63.56
65.18
66.8
68.48
70.16
71.84
73.58
75.33
77.17
79.25
81.46
83.45
85.25
87.08
88.94
90.84
92.95
94.85
96.62
98.41
100.16
101.96
103.8
105.63
107.39
109.23
111.05
112.93
114.77
116.64
118.53
120.34
121.94
123.54
125.27
126.96
128.76
130.47
132.17
133.88
135.66
137.33
139.11
140.88
142.64
144.35
146.21
148.24
149.97
151.56
153.21
154.97
156.59
158.33
159.96
161.63
163.22
164.89
166.59
168.34
170.14
171.86
173.58
175.3
176.95
178.69
180.53
182.3
183.98
185.63
187.29
188.99
190.65
192.36
194.08
195.78
197.61
199.5
201.41
203.31
205.35
207.28
209.23
211.18
213.11
215.05
216.99
218.93
220.84
222.77
224.67
226.57
228.5
230.45
232.5
234.46
236.21
237.85
239.63
241.26
242.96
244.55
246.31
247.94
249.72
251.37
253.14
254.95
256.77
258.48
260.25
261.92
263.68
265.33
267.1
268.86
270.63
272.55
274.31
276.07
277.75
279.46
281.11
282.82
284.57
286.34
288.37
290.35
292.26
294.16
296.04
298.04
299.99
301.88
303.79
305.66
307.55
309.41
311.27
313.16
315.03
316.87
318.72
320.52
322.33
324.14
325.93
327.78
329.65
331.54
333.41
335.31
337.25
339.35
342.23
345.59
349.5
353.21
356.97
360.7
364.5
368.2
371.85
375.82
379.55
383.27
386.98
390.8
394.67
398.71
402.59
406.33
409.84
413.15
416.59
420.12
423.64
427.04
430.64
434.02
437.65
440.95
444.26
447.58
450.97
454.29
457.4
460.88
463.94
467.12
470.34
473.4
476.44
479.48
482.55
485.6
488.49
491.29
493.87
496.33
498.73
501.11
503.68
506.25
508.78
511.3
513.89
516.46
519.83
522.89
525.76
528.68
531.6
534.55
537.69
540.8
544.08
547.05
549.88
552.85
555.89
558.82
561.73
564.82
568.46
571.71
574.82
578.11
581.41
584.35
587.39
590.65
593.83
597.0
600.16
603.42
606.76
610.32
613.67
617.14
620.65
624.03
627.48
630.91
634.29
637.42
640.42
643.82
647.35
651.07
654.84
658.28
661.58
664.8
667.96
671.06
674.72
678.54
682.43
686.22
689.82
693.99
697.8
701.63
705.49
709.26
712.94
716.76
720.57
724.24
727.71
730.64
733.34
736.16
738.94
741.62
744.36
746.97
749.72
752.28
755.09
757.89
760.66
764.34
767.37
770.26
773.19
776.05
778.92
781.78
784.61
787.39
790.36
793.27
796.15
798.91
801.58
804.24
807.07
809.95
812.95
816.14
819.2
822.22
825.06
827.9
830.74
833.51
836.23
838.99
841.64
844.44
847.4
850.41
853.5
856.41
859.23
861.45
863.72
865.86
867.91
870.06
872.13
874.17
876.23
878.34
880.4
882.44
884.52
886.53
888.55
890.67
892.93
895.73
898.98
902.15
905.48
908.9
912.13
915.47
918.73
921.83
924.97
928.16
931.23
934.39
937.38
940.29
943.12
945.85
948.64
951.54
954.3
957.06
959.77
961.44
963.29
965.05
966.83
968.58
970.34
972.0
973.61
975.14
976.64
978.11
979.59
981.06
982.5
983.94
985.45
987.01
988.64
990.39
992.11
993.82
995.68
997.54
999.37
1001.12
1002.81
1004.54
1006.29
1008.02
1009.69
1011.38
1013.11
1014.76
1016.42
1018.05
1019.66
1021.29
1022.92
1024.55
1026.23
1027.94
1029.59
1031.22
1032.86
1034.48
1036.11
1037.73
1039.32
1041.03
1042.64
1044.27
1045.85
1047.47
1049.1
1050.75
1052.45
1054.31
1055.94
1057.59
1059.2
1060.83
1062.52
1064.12
1065.72
1067.32
1068.97
1070.64
1072.29
1073.97
1075.64
1077.29
1078.94
1080.64
1082.31
1083.97
1085.63
1087.27
1088.88
1090.5
1092.11
1093.76
1095.33
1096.98
1098.64
1100.37
1101.96
1103.57
1105.16
1106.8
1108.42
1110.0
1111.57
1113.2
1114.86
1116.49
1118.06
1119.75
1121.39
1123.04
1124.66
1126.32
1127.97
1129.7
1131.47
1133.21
1134.78
1136.38
1137.93
1139.52
1141.07
1142.66
1144.19
1145.68
1147.24
1148.81
1150.36
1152.0
1153.61
1155.2
1156.87
1158.54
1160.32
1161.98
1163.57
1165.11
1166.76
1168.41
1170.07
1171.69
1173.53
1175.41
1177.08
1178.67
1180.23
1181.79
1183.35
1184.94
1186.56
1188.18
1189.9
1191.64
1193.4
1195.16
1196.98
1198.75
1200.51
1202.29
1204.15
1205.97
