0.17
0.59
1.03
1.49
1.92
2.36
2.77
3.17
3.57
3.99
4.41
4.85
5.28
5.73
6.18
6.61
7.04
7.46
7.88
8.29
8.68
9.09
9.53
9.96
10.39
10.83
11.25
11.7
12.15
12.57
13.01
13.43
13.83
14.24
14.65
15.09
15.53
15.95
16.38
16.8
17.22
17.64
18.09
18.54
18.98
19.39
19.84
20.25
20.66
21.09
21.52
21.93
22.34
22.75
23.16
23.56
23.97
24.38
24.81
25.21
25.6
26.0
26.39
26.82
27.24
27.66
28.09
28.54
28.97
29.38
29.8
30.22
30.64
31.07
31.48
31.92
32.34
32.76
33.17
33.56
33.98
34.42
34.89
35.39
35.87
36.35
36.78
37.22
37.64
38.07
38.49
38.89
39.31
39.76
40.19
40.64
41.11
41.56
42.04
42.5
42.94
43.42
43.88
44.32
44.78
45.25
45.7
46.16
46.64
47.1
47.56
48.02
48.44
48.85
49.25
49.65
50.08
50.52
50.95
51.39
51.8
52.18
52.59
52.98
53.4
53.82
54.24
54.68
55.09
55.48
55.91
56.32
56.73
57.1
57.48
57.85
58.23
58.61
59.0
59.36
59.72
60.11
60.47
60.85
61.24
61.61
61.98
62.36
62.78
63.16
63.57
63.96
64.36
64.76
65.19
65.58
65.99
66.42
66.82
67.22
67.66
68.06
68.5
68.9
69.34
69.76
70.18
70.58
71.0
71.42
71.86
72.28
72.69
73.13
73.58
74.01
74.44
74.89
75.33
75.77
76.2
76.7
77.17
77.68
78.19
78.7
79.25
79.82
80.44
81.12
81.81
82.52
83.22
83.89
84.57
85.26
85.93
86.63
87.28
87.96
88.64
89.25
89.92
90.59
91.31
91.84
92.38
92.96
93.49
93.97
94.41
94.86
95.3
95.72
96.17
96.63
97.07
97.53
97.98
98.42
98.86
99.3
99.73
100.17
100.61
101.08
101.51
101.97
102.41
102.87
103.33
103.8
104.27
104.72
105.16
105.63
106.06
106.49
106.94
107.4
107.84
108.29
108.75
109.23
109.69
110.15
110.61
111.06
111.51
111.97
112.44
112.93
113.4
113.86
114.31
114.77
115.22
115.68
116.14
116.62
117.07
117.58
118.07
118.61
119.1
119.52
119.94
120.35
120.75
121.14
121.53
121.95
122.33
122.72
123.11
123.55
123.98
124.41
124.84
125.28
125.69
126.11
126.54
126.97
127.41
127.86
128.32
128.77
129.19
129.63
130.04
130.47
130.89
131.31
131.74
132.17
132.61
133.02
133.47
133.89
134.33
134.78
135.22
135.66
136.09
136.5
136.92
137.34
137.78
138.23
138.66
139.12
139.57
140.03
140.47
140.89
141.33
141.78
142.2
142.65
143.08
143.49
143.92
144.36
144.79
145.22
145.65
146.09
146.56
147.01
147.42
147.83
148.25
148.69
149.12
149.56
149.97
150.38
150.76
151.16
151.57
152.0
152.4
152.8
153.22
153.68
154.12
154.56
154.97
155.37
155.79
156.2
156.6
157.03
157.46
157.91
158.34
158.74
159.15
159.56
159.96
160.39
160.81
161.23
161.63
162.04
162.42
162.82
163.23
163.65
164.07
164.48
164.9
165.33
165.76
166.17
166.59
167.04
167.46
167.89
168.33
168.81
169.25
169.73
170.14
170.58
171.0
171.43
171.86
172.3
172.72
173.17
173.58
174.01
174.44
174.89
175.3
175.72
176.13
176.55
176.96
177.38
177.77
178.22
178.7
179.16
179.62
180.11
180.57
180.99
181.42
181.87
182.29
182.71
183.14
183.59
183.99
184.41
184.81
185.24
185.64
186.06
186.46
186.89
187.3
187.73
188.16
188.56
189.0
189.41
189.82
190.25
190.66
191.1
191.5
191.92
192.37
192.79
193.22
193.65
194.08
194.48
194.9
195.34
195.74
196.19
196.64
197.12
197.62
198.1
198.56
199.04
199.5
199.97
200.44
200.92
201.44
201.92
202.38
202.85
203.32
203.8
204.3
204.82
205.35
205.85
206.31
206.8
207.28
207.76
208.23
208.71
209.23
209.72
210.19
210.67
211.19
211.67
212.15
212.65
213.13
213.59
214.1
214.57
215.06
215.57
216.05
216.51
216.99
217.47
217.97
218.44
218.94
219.44
219.93
220.39
220.85
221.32
221.82
222.29
222.78
223.25
223.73
224.19
224.67
225.15
225.61
226.09
226.57
227.06
227.54
228.02
228.51
228.97
229.47
229.94
230.46
230.98
231.49
231.97
232.51
232.97
233.46
233.96
234.47
234.93
235.44
235.97
236.49
236.97
237.42
237.86
238.31
238.76
239.2
239.64
240.06
240.47
240.86
241.27
241.69
242.12
242.55
242.97
243.37
243.77
244.17
244.56
244.99
245.44
245.87
246.32
246.73
247.14
247.53
247.94
248.38
248.84
249.28
249.73
250.16
250.57
250.97
251.38
251.81
252.26
252.69
253.14
253.6
254.05
254.5
254.96
255.4
255.86
256.3
256.76
257.21
257.64
258.07
258.49
258.93
259.39
259.83
260.25
260.67
261.08
261.5
261.93
262.39
262.83
263.25
263.69
264.09
264.5
264.91
265.33
265.79
266.23
266.65
267.11
267.55
267.98
268.42
268.87
269.3
269.75
270.2
270.64
271.08
271.55
272.03
272.53
273.01
273.45
273.88
274.32
274.74
275.19
275.62
276.08
276.48
276.91
277.33
277.75
278.16
278.6
279.03
279.46
279.88
280.29
280.7
281.12
281.52
281.96
282.38
282.83
283.24
283.69
284.12
284.58
285.0
285.46
285.89
286.35
286.8
287.28
287.81
288.38
288.91
289.39
289.87
290.35
290.84
291.31
291.79
292.27
292.74
293.22
293.69
294.17
294.63
295.11
295.57
296.05
296.56
297.08
297.55
298.05
298.54
299.03
299.53
300.0
300.47
300.95
301.41
301.89
302.36
302.85
303.32
303.8
304.26
304.74
305.19
305.67
306.13
306.61
307.07
307.55
308.01
308.48
308.95
309.42
309.88
310.35
310.8
311.28
311.74
312.22
312.7
313.17
313.64
314.11
314.58
315.04
315.5
315.96
316.42
316.88
317.33
317.8
318.26
318.73
319.19
319.63
320.08
320.52
320.97
321.43
321.89
322.33
322.79
323.25
323.7
324.15
324.61
325.06
325.5
325.94
326.39
326.85
327.32
327.79
328.25
328.73
329.2
329.66
330.12
330.59
331.07
331.55
332.01
332.47
332.94
333.42
333.88
334.37
334.84
335.32
335.78
336.28
336.75
337.27
337.74
338.28
338.78
339.36
340.0
340.74
341.72
342.65
343.67
344.62
345.6
346.61
347.6
348.53
349.5
350.43
351.34
352.26
353.22
354.17
355.07
356.05
356.98
357.91
358.87
359.78
360.71
361.65
362.65
363.6
364.5
365.45
366.34
367.25
368.21
369.11
369.96
370.95
371.86
372.91
373.86
374.84
375.83
376.78
377.68
378.59
379.55
380.47
381.4
382.32
383.28
384.15
385.03
385.98
386.99
387.95
388.88
389.85
390.81
391.75
392.63
393.57
394.67
395.67
396.75
397.7
398.72
399.74
400.66
401.67
402.6
403.37
404.08
404.86
405.61
406.43
407.31
408.14
408.96
409.85
410.68
411.51
412.31
413.16
414.02
414.94
415.76
416.6
417.43
418.24
419.13
420.12
421.04
421.89
422.73
423.64
424.48
425.29
426.12
427.06
427.92
428.82
429.7
430.62
431.49
432.37
433.19
434.03
434.84
435.77
436.67
437.65
438.53
439.37
440.15
440.96
441.73
442.6
443.43
444.27
445.15
445.96
446.79
447.6
448.44
449.26
450.15
450.98
451.82
452.61
453.43
454.3
455.06
455.77
456.54
457.4
458.25
459.17
460.05
460.89
461.75
462.65
463.48
464.25
465.06
465.87
466.69
467.56
468.45
469.39
470.26
471.11
471.89
472.64
473.41
474.17
474.91
475.66
476.45
477.22
477.95
478.7
479.48
480.27
481.05
481.79
482.56
483.29
484.06
484.82
485.6
486.35
487.04
487.79
488.5
489.22
489.94
490.62
491.3
491.97
492.62
493.26
493.88
494.5
495.14
495.73
496.34
496.92
497.53
498.12
498.74
499.32
499.92
500.51
501.12
501.71
502.33
502.95
503.69
504.37
504.99
505.61
506.26
506.9
507.54
508.17
508.79
509.42
510.03
510.66
511.3
511.92
512.55
513.23
513.9
514.54
515.18
515.82
516.47
517.14
517.8
518.55
519.24
519.95
520.71
521.41
522.15
522.9
523.6
524.33
525.02
525.77
526.47
527.21
527.92
528.69
529.41
530.11
530.84
531.59
532.29
532.99
533.74
534.56
535.33
536.11
536.91
537.68
538.47
539.25
539.99
540.81
541.58
542.46
543.25
544.09
544.93
545.64
546.35
547.06
547.78
548.48
549.2
549.89
550.62
551.39
552.1
552.87
553.6
554.31
555.08
555.9
556.66
557.42
558.16
558.83
559.53
560.24
560.98
561.74
562.52
563.27
564.07
564.84
565.68
566.44
567.26
568.16
569.0
569.9
570.77
571.7
572.46
573.28
574.05
574.83
575.62
576.45
577.26
578.11
578.93
579.84
580.66
581.42
582.2
582.89
583.65
584.36
585.09
585.88
586.62
587.4
588.24
589.01
589.83
590.65
591.48
592.23
593.06
593.83
594.6
595.43
596.18
597.01
597.78
598.58
599.34
600.17
601.05
601.82
602.62
603.43
604.3
605.1
605.95
606.76
607.63
608.44
609.32
610.14
611.04
611.94
612.77
613.67
614.58
615.43
616.27
617.15
618.05
618.88
619.75
620.65
621.49
622.3
623.12
623.95
624.82
625.64
626.47
627.3
628.14
628.99
629.74
630.46
631.2
631.98
632.72
633.51
634.3
635.1
635.92
636.69
637.42
638.19
638.92
639.67
640.42
641.24
642.1
642.91
643.83
644.74
645.65
646.47
647.35
648.24
649.19
650.13
651.07
651.98
652.91
653.84
654.84
655.71
656.57
657.45
658.29
659.14
660.01
660.81
661.59
662.4
663.23
664.06
664.83
665.64
666.43
667.18
667.97
668.72
669.52
670.32
671.07
671.92
672.87
673.83
674.72
675.72
676.62
677.6
678.55
679.51
680.54
681.52
682.44
683.37
684.34
685.31
686.22
687.12
688.05
688.92
689.83
690.9
691.93
692.92
694.0
694.99
695.94
696.9
697.81
698.8
699.71
700.68
701.64
702.6
703.61
704.52
705.49
706.47
707.43
708.32
709.27
710.21
711.16
712.08
712.97
713.95
714.85
715.81
716.77
717.71
718.51
719.4
720.19
721.03
721.9
722.76
723.54
724.37
725.25
726.05
726.86
727.66
728.47
729.28
729.95
730.64
731.32
731.99
732.67
733.35
734.08
734.8
735.48
736.17
736.85
737.53
738.26
738.94
739.61
740.29
740.95
741.62
742.31
742.98
743.67
744.37
745.04
745.8
746.54
747.22
747.92
748.64
749.35
750.07
750.84
751.57
752.29
753.01
753.74
754.41
755.1
755.83
756.51
757.21
757.9
758.59
759.26
759.99
760.67
761.36
762.11
762.75
763.46
764.13
764.81
765.48
766.21
766.9
767.61
768.24
768.86
769.57
770.26
770.97
771.73
772.47
773.2
773.93
774.63
775.35
776.05
776.78
777.5
778.22
778.93
779.64
780.35
781.05
781.78
782.49
783.21
783.94
784.61
785.48
786.29
787.11
787.89
788.71
789.58
790.37
791.11
791.85
792.58
793.28
793.98
794.72
795.44
796.16
796.85
797.54
798.27
798.92
799.59
800.25
800.94
801.59
802.25
802.9
803.59
804.24
804.92
805.59
806.36
807.07
807.78
808.49
809.24
809.96
810.68
811.42
812.22
812.95
813.71
814.52
815.37
816.14
816.91
817.67
818.47
819.21
819.95
820.7
821.47
822.22
823.02
823.67
824.36
825.07
825.81
826.54
827.22
827.9
828.64
829.33
830.04
830.74
831.45
832.12
832.83
833.52
834.21
834.89
835.57
836.24
836.92
837.6
838.26
839.0
839.69
840.39
841.02
841.65
842.36
843.04
843.72
844.45
845.24
845.97
846.68
847.44
848.17
848.87
849.62
850.41
851.2
851.94
852.74
853.5
854.28
855.02
855.72
856.41
857.16
857.88
858.57
859.24
859.92
860.63
861.29
862.0
862.62
863.17
863.76
864.28
864.82
865.34
865.87
866.38
866.87
867.4
867.92
868.45
869.02
869.53
870.07
870.59
871.09
871.62
872.14
872.64
873.16
873.68
874.18
874.7
875.24
875.73
876.23
876.78
877.3
877.82
878.34
878.85
879.36
879.89
880.4
880.91
881.45
881.94
882.45
882.98
883.48
883.99
884.53
885.05
885.54
886.05
886.53
887.05
887.58
888.07
888.56
889.05
889.58
890.14
890.68
891.21
891.73
892.35
892.93
893.6
894.22
895.0
895.75
896.56
897.4
898.2
899.0
899.79
900.6
901.35
902.16
902.98
903.76
904.58
905.49
906.39
907.23
908.14
908.91
909.7
910.49
911.34
912.14
912.95
913.84
914.68
915.49
916.33
917.16
917.68
918.21
918.74
919.24
919.76
920.3
920.8
921.31
921.84
922.35
922.87
923.42
923.94
924.46
924.98
925.5
926.07
926.61
927.1
927.63
928.16
928.65
929.16
929.7
930.2
930.71
931.24
931.74
932.26
932.8
933.34
933.86
934.4
934.94
935.46
936.02
936.63
937.39
938.15
938.87
939.59
940.3
941.01
941.72
942.44
943.13
943.81
944.48
945.15
945.85
946.55
947.24
947.94
948.64
949.33
950.06
950.84
951.55
952.27
952.93
953.62
954.31
955.01
955.69
956.38
957.07
957.76
958.43
959.13
959.78
960.53
961.23
961.9
962.6
963.29
963.95
964.61
965.27
965.94
966.61
967.28
967.93
968.59
969.25
969.9
970.57
971.31
972.1
972.86
973.62
974.37
975.15
975.91
976.65
977.39
978.12
978.88
979.6
980.35
981.07
981.79
982.5
983.22
983.95
984.7
985.46
986.25
987.02
987.8
988.62
989.34
989.98
990.61
991.27
991.91
992.52
993.15
993.73
994.31
994.93
995.5
996.11
996.69
997.15
997.61
998.04
998.51
998.94
999.38
999.81
1000.25
1000.7
1001.12
1001.56
1001.96
1002.39
1002.82
1003.25
1003.67
1004.11
1004.55
1004.98
1005.41
1005.85
1006.3
1006.73
1007.17
1007.59
1008.03
1008.46
1008.88
1009.28
1009.7
1010.11
1010.53
1010.96
1011.39
1011.84
1012.28
1012.71
1013.12
1013.52
1013.94
1014.34
1014.76
1015.18
1015.59
1016.01
1016.43
1016.84
1017.24
1017.64
1018.06
1018.46
1018.86
1019.26
1019.67
1020.08
1020.5
1020.89
1021.3
1021.71
1022.14
1022.54
1022.93
1023.33
1023.74
1024.14
1024.56
1024.98
1025.39
1025.8
1026.23
1026.67
1027.11
1027.53
1027.95
1028.36
1028.76
1029.17
1029.6
1029.99
1030.41
1030.82
1031.23
1031.63
1032.03
1032.44
1032.86
1033.26
1033.68
1034.08
1034.49
1034.9
1035.32
1035.71
1036.12
1036.52
1036.94
1037.34
1037.73
1038.13
1038.53
1038.92
1039.33
1039.75
1040.2
1040.63
1041.04
1041.44
1041.84
1042.24
1042.65
1043.05
1043.45
1043.87
1044.28
1044.68
1045.07
1045.46
1045.86
1046.25
1046.67
1047.06
1047.48
1047.89
1048.31
1048.71
1049.11
1049.53
1049.95
1050.35
1050.75
1051.14
1051.55
1051.99
1052.45
1052.95
1053.43
1053.9
1054.32
1054.72
1055.12
1055.53
1055.95
1056.35
1056.78
1057.18
1057.6
1058.0
1058.38
1058.79
1059.21
1059.61
1060.02
1060.43
1060.84
1061.26
1061.7
1062.12
1062.53
1062.91
1063.31
1063.73
1064.13
1064.53
1064.92
1065.33
1065.73
1066.13
1066.51
1066.93
1067.33
1067.73
1068.13
1068.57
1068.98
1069.39
1069.83
1070.23
1070.65
1071.06
1071.46
1071.88
1072.3
1072.72
1073.12
1073.54
1073.98
1074.39
1074.81
1075.23
1075.65
1076.06
1076.46
1076.87
1077.29
1077.71
1078.11
1078.52
1078.95
1079.38
1079.8
1080.22
1080.65
1081.06
1081.48
1081.9
1082.32
1082.73
1083.13
1083.54
1083.98
1084.4
1084.8
1085.22
1085.63
1086.04
1086.46
1086.87
1087.28
1087.68
1088.09
1088.48
1088.88
1089.27
1089.69
1090.09
1090.51
1090.91
1091.32
1091.72
1092.12
1092.52
1092.95
1093.35
1093.77
1094.18
1094.56
1094.96
1095.33
1095.72
1096.13
1096.57
1096.99
1097.41
1097.82
1098.24
1098.65
1099.08
1099.54
1099.98
1100.38
1100.78
1101.18
1101.56
1101.96
1102.36
1102.79
1103.19
1103.58
1104.0
1104.39
1104.77
1105.17
1105.56
1105.98
1106.38
1106.81
1107.22
1107.61
1108.01
1108.43
1108.83
1109.23
1109.62
1110.0
1110.39
1110.77
1111.17
1111.58
1112.0
1112.4
1112.8
1113.19
1113.6
1113.99
1114.4
1114.8
1115.2
1115.59
1115.99
1116.39
1116.81
1117.24
1117.66
1118.06
1118.49
1118.93
1119.37
1119.78
1120.19
1120.58
1121.01
1121.42
1121.8
1122.22
1122.61
1123.02
1123.41
1123.84
1124.25
1124.65
1125.05
1125.49
1125.9
1126.32
1126.74
1127.16
1127.57
1127.99
1128.41
1128.84
1129.28
1129.71
1130.14
1130.57
1131.03
1131.48
1131.91
1132.38
1132.82
1133.21
1133.6
1133.99
1134.37
1134.78
1135.18
1135.57
1135.99
1136.39
1136.78
1137.15
1137.55
1137.94
1138.33
1138.72
1139.14
1139.53
1139.92
1140.3
1140.68
1141.07
1141.47
1141.86
1142.27
1142.67
1143.06
1143.44
1143.81
1144.19
1144.54
1144.91
1145.3
1145.69
1146.08
1146.47
1146.86
1147.25
1147.65
1148.03
1148.42
1148.81
1149.2
1149.6
1149.98
1150.37
1150.78
1151.17
1151.59
1152.0
1152.4
1152.8
1153.21
1153.62
1154.02
1154.41
1154.83
1155.22
1155.63
1156.04
1156.46
1156.88
1157.28
1157.7
1158.1
1158.55
1158.97
1159.44
1159.87
1160.34
1160.78
1161.18
1161.58
1161.99
1162.38
1162.78
1163.17
1163.57
1163.95
1164.34
1164.73
1165.11
1165.52
1165.94
1166.34
1166.76
1167.17
1167.59
1167.99
1168.41
1168.81
1169.23
1169.64
1170.08
1170.49
1170.89
1171.3
1171.7
1172.14
1172.58
1173.04
1173.53
1174.0
1174.45
1174.92
1175.39
1175.87
1176.26
1176.68
1177.09
1177.49
1177.88
1178.28
1178.68
1179.07
1179.46
1179.84
1180.25
1180.63
1181.01
1181.4
1181.79
1182.18
1182.57
1182.97
1183.36
1183.75
1184.14
1184.53
1184.94
1185.35
1185.74
1186.15
1186.58
1186.99
1187.38
1187.81
1188.19
1188.59
1188.97
1189.33
1189.71
1190.11
1190.49
1190.86
1191.23
1191.63
1192.01
1192.39
1192.75
1193.13
1193.53
1193.89
1194.31
1194.71
1195.17
1195.61
1196.07
1196.53
1196.98
1197.4
1197.84
1198.28
1198.75
1199.2
1199.63
1200.07
1200.51
1200.94
1201.39
1201.84
1202.25
1202.7
1203.11
1203.54
1203.99
1204.41
1204.83
1205.23
1205.67
1206.07
1206.49
1206.92
