0.22
0.62
1.01
1.4
1.8
2.21
2.6
3.01
3.41
3.81
4.19
4.58
4.96
5.36
5.76
6.18
6.59
6.99
7.42
7.75
8.06
8.37
8.67
8.98
9.29
9.6
9.91
10.21
10.5
10.78
11.07
11.38
11.67
11.97
12.27
12.58
12.9
13.21
13.51
13.81
14.1
14.4
14.7
15.0
15.29
15.58
15.88
16.16
16.44
16.71
16.99
17.28
17.56
17.85
18.14
18.44
18.75
19.04
19.35
19.64
19.94
20.25
20.54
20.85
21.17
21.46
21.77
22.07
22.36
22.67
22.96
23.27
23.56
23.86
24.17
24.48
24.8
25.11
25.42
25.71
26.01
26.31
26.61
26.91
27.21
27.51
27.82
28.12
28.41
28.71
29.02
29.31
29.61
29.91
30.21
30.52
30.83
31.15
31.45
31.77
32.07
32.39
32.7
33.01
33.32
33.63
33.93
34.25
34.55
34.87
35.18
35.49
35.78
36.08
36.38
36.69
36.99
37.29
37.58
37.89
38.19
38.47
38.76
39.05
39.35
39.64
39.92
40.21
40.51
40.8
41.09
41.37
41.67
41.95
42.27
42.58
42.9
43.23
43.54
43.87
44.16
44.46
44.76
45.06
45.37
45.67
45.97
46.27
46.58
46.89
47.2
47.51
47.81
48.12
48.44
48.76
49.09
49.4
49.71
50.01
50.33
50.64
50.95
51.25
51.56
51.87
52.19
52.49
52.78
53.09
53.39
53.68
53.98
54.29
54.58
54.89
55.22
55.55
55.9
56.21
56.52
56.82
57.13
57.43
57.73
58.02
58.32
58.62
58.92
59.25
59.57
59.89
60.21
60.51
60.81
61.1
61.41
61.7
62.01
62.31
62.61
62.93
63.27
63.61
63.96
64.28
64.58
64.87
65.17
65.47
65.77
66.07
66.36
66.65
66.94
67.22
67.51
67.8
68.11
68.41
68.7
69.0
69.3
69.61
69.91
70.22
70.53
70.85
71.16
71.47
71.78
72.09
72.39
72.71
73.02
73.33
73.64
73.94
74.25
74.56
74.87
75.19
75.5
75.8
76.09
76.39
76.7
77.03
77.35
77.67
77.99
78.31
78.62
78.95
79.26
79.58
79.9
80.23
80.55
80.87
81.19
81.51
81.83
82.15
82.47
82.79
83.11
83.43
83.75
84.07
84.41
84.73
85.04
85.36
85.67
85.97
86.29
86.6
86.9
87.23
87.58
87.89
88.24
88.56
88.87
89.19
89.51
89.82
90.13
90.44
90.75
91.06
91.38
91.69
91.99
92.3
92.61
92.93
93.22
93.52
93.83
94.13
94.43
94.71
95.0
95.29
95.59
95.87
96.16
96.46
96.77
97.07
97.36
97.67
97.96
98.26
98.57
98.86
99.15
99.44
99.74
100.05
100.35
100.65
100.94
101.24
101.54
101.84
102.14
102.45
102.76
103.07
103.39
103.7
104.0
104.32
104.63
104.93
105.23
105.53
105.83
106.12
106.42
106.72
107.02
107.32
107.64
107.95
108.26
108.57
108.87
109.19
109.51
109.83
110.19
110.53
110.85
111.2
111.55
111.87
112.23
112.55
112.91
113.28
113.64
113.98
114.34
114.7
115.08
115.42
115.78
116.16
116.5
116.82
117.18
117.51
117.85
118.18
118.5
118.82
119.15
119.47
119.78
120.11
120.47
120.81
121.14
121.49
121.82
122.17
122.49
122.83
123.18
123.5
123.81
124.11
124.42
124.73
125.04
125.36
125.67
125.97
126.28
126.59
126.91
127.21
127.53
127.84
128.15
128.46
128.77
129.07
129.39
129.69
130.0
130.32
130.63
130.95
131.34
131.75
132.13
132.51
132.92
133.29
133.64
134.0
134.38
134.74
135.08
135.43
135.78
136.12
136.49
136.82
137.15
137.49
137.83
138.18
138.52
138.87
139.21
139.53
139.89
140.21
140.56
140.91
141.28
141.62
141.93
142.26
142.58
142.89
143.22
143.53
143.86
144.18
144.51
144.84
145.18
145.53
145.87
146.21
146.55
146.87
147.19
147.54
147.85
148.19
148.5
148.83
149.14
149.47
149.77
150.07
150.36
150.66
150.96
151.26
151.57
151.86
152.17
152.46
152.76
153.07
153.36
153.67
153.96
154.26
154.56
154.86
155.16
155.47
155.77
156.06
156.37
156.66
156.96
157.26
157.55
157.85
158.14
158.43
158.71
159.0
159.3
159.59
159.87
160.17
160.46
160.74
161.02
161.29
161.57
161.86
162.13
162.42
162.69
162.98
163.26
163.54
163.84
164.12
164.41
164.71
165.01
165.32
165.65
165.97
166.29
166.6
166.93
167.24
167.59
167.95
168.29
168.68
169.07
169.48
169.85
170.25
170.63
170.98
171.35
171.72
172.09
172.48
172.85
173.21
173.62
174.03
174.43
174.82
175.19
175.56
175.93
176.3
176.67
177.05
177.45
177.82
178.17
178.54
178.93
179.3
179.65
179.99
180.33
180.68
181.03
181.39
181.74
182.07
182.41
182.72
183.05
183.4
183.73
184.05
184.37
184.72
185.08
185.44
185.81
186.17
186.51
186.88
187.23
187.57
187.93
188.27
188.61
188.96
189.31
189.66
190.03
190.36
190.71
191.06
191.39
191.73
192.07
192.4
192.77
193.12
193.45
193.81
194.15
194.47
194.81
195.16
195.49
195.84
196.22
196.58
196.92
197.3
197.64
197.98
198.32
198.67
199.02
199.34
199.66
199.97
200.3
200.65
201.04
201.41
201.76
202.13
202.5
202.84
203.22
203.58
203.93
204.3
204.64
205.02
205.4
205.78
206.18
206.56
206.97
207.34
207.75
208.18
208.57
209.0
209.51
210.05
210.57
211.1
211.59
212.13
212.63
213.19
213.7
214.24
214.78
215.33
215.85
216.4
216.96
217.5
218.01
218.52
219.03
219.54
220.06
220.61
221.14
221.69
222.25
222.81
223.31
223.86
224.35
224.88
225.39
225.94
226.44
226.96
227.49
228.04
228.55
229.08
229.58
230.12
230.69
231.25
231.76
232.3
232.85
233.41
233.93
234.45
234.96
235.47
235.97
236.48
237.0
237.52
238.02
238.55
239.11
239.64
240.14
240.7
241.2
241.74
242.27
242.82
243.34
243.86
244.39
244.95
245.51
246.06
246.58
247.12
247.62
248.12
248.6
249.07
249.62
250.15
250.68
251.18
251.69
252.2
252.7
253.21
253.72
254.23
254.76
255.25
255.8
256.35
256.88
257.38
257.91
258.44
258.98
259.54
260.1
260.66
261.19
261.74
262.3
262.86
263.37
263.94
264.48
265.0
265.53
266.03
266.55
267.06
267.6
268.12
268.62
269.13
269.64
270.17
270.67
271.18
271.68
272.3
272.94
273.49
274.03
274.61
275.16
275.77
276.37
276.97
277.55
278.1
278.68
279.21
279.8
280.37
280.98
281.56
282.14
282.69
