2.2
3.8
5.35
6.99
8.67
10.77
13.2
15.57
18.13
20.53
22.95
25.42
27.81
30.18
32.73
35.16
37.57
40.51
43.24
45.83
48.28
50.77
53.1
55.51
58.0
60.5
62.92
65.46
67.8
70.19
72.7
75.19
77.67
80.22
82.79
85.35
87.86
90.43
92.91
95.44
97.96
100.34
102.73
105.22
107.63
110.19
112.9
115.56
118.17
120.81
123.48
125.96
128.46
130.93
133.28
135.63
138.17
141.28
144.18
147.05
150.09
153.19
156.44
159.86
163.25
166.44
169.48
172.47
175.55
178.52
181.38
184.04
187.06
190.03
192.76
195.49
198.32
201.03
203.92
206.97
209.78
212.46
214.77
216.95
219.02
221.24
223.86
226.44
229.32
232.42
235.47
238.68
241.73
244.55
247.43
250.4
253.44
256.59
258.97
261.19
263.37
265.52
267.59
269.63
271.67
274.02
276.2
278.39
280.72
