0.28
0.62
0.97
1.34
1.69
2.03
2.37
2.71
3.03
3.37
3.71
4.05
4.41
4.74
5.1
5.47
5.85
6.23
6.6
6.95
7.32
7.71
8.08
8.45
8.8
9.17
9.54
9.92
10.25
10.58
10.9
11.24
11.56
11.88
12.22
12.54
12.87
13.22
13.54
13.85
14.18
14.5
14.82
15.15
15.48
15.8
16.14
16.47
16.81
17.16
17.5
17.82
18.16
18.48
18.81
19.16
19.48
19.82
20.17
20.49
20.82
21.17
21.5
21.81
22.14
22.47
22.8
23.12
23.43
23.76
24.07
24.39
24.72
25.07
25.39
25.75
26.08
26.39
26.69
27.0
27.31
27.64
27.96
28.3
28.63
28.97
29.3
29.62
29.96
30.28
30.59
30.92
31.25
31.56
31.9
32.23
32.59
32.95
33.29
33.64
33.96
34.3
34.62
34.96
35.29
35.64
35.98
36.33
36.69
37.04
37.37
37.68
38.02
38.35
38.68
39.01
39.33
39.68
39.99
40.32
40.65
40.98
41.33
41.64
41.96
42.28
42.61
42.92
43.24
43.56
43.89
44.21
44.52
44.85
45.16
45.5
45.83
46.14
46.48
46.82
47.13
47.45
47.77
48.09
48.41
48.74
49.05
49.38
49.7
50.01
50.35
50.68
50.99
51.33
51.65
51.98
52.3
52.63
52.94
53.27
53.59
53.9
54.24
54.58
54.94
55.3
55.63
55.98
56.32
56.64
56.97
57.31
57.64
57.97
58.31
58.66
59.03
59.37
59.71
60.05
60.39
60.73
61.08
61.41
61.75
62.08
62.41
62.76
63.1
63.42
63.76
64.11
64.44
64.79
65.13
65.44
65.77
66.11
66.44
66.77
67.11
67.44
67.77
68.12
68.45
68.78
69.11
69.43
69.75
70.08
70.39
70.71
71.04
71.36
71.7
72.02
72.36
72.69
73.01
73.32
73.64
73.97
74.28
74.6
74.93
75.27
75.61
75.92
76.24
76.57
76.88
77.21
77.53
77.84
78.18
78.49
78.83
79.14
79.47
79.79
80.11
80.42
80.73
81.05
81.36
81.68
82.0
82.31
82.63
82.96
83.28
83.59
83.91
84.24
84.57
84.91
85.27
85.61
85.93
86.25
86.57
86.87
87.18
87.49
87.81
88.16
88.49
88.8
89.11
89.43
89.73
90.04
90.35
90.66
90.97
91.28
91.6
91.92
92.24
92.56
92.88
93.21
93.52
93.85
94.17
94.47
94.78
95.1
95.42
95.75
96.07
96.38
96.69
97.0
97.31
97.63
97.94
98.26
98.58
98.9
99.23
99.54
99.87
100.18
100.51
100.83
101.14
101.44
101.75
102.04
102.34
102.64
102.94
103.25
103.55
103.84
104.15
104.45
104.74
105.04
105.35
105.64
105.94
106.24
106.55
106.85
107.14
107.44
107.74
108.04
108.34
108.66
108.98
109.31
109.63
109.94
110.27
110.56
110.86
111.16
111.47
111.77
112.07
112.38
112.68
113.0
113.31
113.62
113.91
114.2
114.48
114.78
115.06
115.35
115.64
115.93
116.24
116.53
116.85
117.16
117.48
117.83
118.14
118.49
118.82
119.15
119.46
119.81
120.12
120.47
120.84
121.19
121.53
121.9
122.31
122.69
123.08
123.47
123.85
124.25
124.64
125.03
125.38
125.75
126.12
126.46
126.84
127.19
127.56
127.93
128.3
128.69
129.1
129.49
129.83
130.18
130.51
130.84
131.16
131.5
131.84
132.17
132.48
132.81
133.16
133.5
133.83
134.19
134.52
134.85
135.19
135.51
135.84
136.17
136.52
136.89
137.24
137.59
137.92
138.27
138.62
138.98
139.35
139.74
140.09
140.46
140.85
141.22
141.58
141.96
142.31
142.7
143.05
143.43
143.76
144.09
144.43
144.78
145.11
145.45
145.77
146.08
146.38
146.69
147.03
147.37
147.69
148.02
148.35
148.71
149.03
149.38
149.71
150.03
150.38
150.69
151.03
151.37
151.72
152.07
152.4
152.74
153.14
153.52
153.9
154.27
154.66
155.03
155.41
155.82
156.21
156.58
157.0
157.38
157.79
158.22
158.63
159.02
159.45
159.84
160.26
160.68
161.07
161.5
161.87
162.27
162.65
163.06
163.43
163.82
164.21
164.62
164.99
165.38
165.77
166.16
166.56
166.96
167.35
167.72
168.13
168.51
168.87
169.26
169.63
170.03
170.4
170.79
171.15
171.53
171.93
172.3
172.67
173.07
173.45
173.81
174.21
174.57
174.97
175.34
175.7
176.07
176.44
176.81
177.18
177.55
177.91
178.28
178.65
179.02
179.39
179.77
180.15
180.52
180.89
181.25
181.65
182.05
182.42
182.81
183.22
183.57
183.92
184.25
184.6
184.95
185.32
185.65
186.0
186.36
186.7
187.03
187.37
187.7
188.01
188.34
188.68
189.02
189.38
189.72
190.03
190.36
190.7
191.04
191.38
191.7
192.05
192.39
192.75
193.11
193.49
193.83
194.21
194.56
194.9
195.25
195.62
195.96
196.28
196.62
196.96
197.31
197.66
198.0
198.34
198.68
199.02
199.36
199.7
200.05
200.43
200.81
201.18
201.54
201.92
202.27
202.64
203.03
203.4
203.75
204.12
204.51
204.88
205.25
205.6
205.97
206.34
206.73
207.1
207.45
207.82
208.16
208.52
208.88
209.25
209.63
210.02
210.43
210.8
211.19
211.6
211.98
212.41
212.8
213.24
213.67
214.11
214.53
214.97
215.58
216.14
216.74
217.32
217.91
218.48
219.09
219.74
220.35
220.94
221.55
222.15
222.74
223.32
223.91
224.5
225.08
225.66
226.28
226.85
227.43
228.01
228.57
229.18
229.79
230.35
230.9
231.48
232.04
232.62
233.2
233.76
234.31
234.92
235.49
236.06
236.63
237.19
237.75
238.35
238.96
239.53
240.07
240.65
241.21
241.75
242.32
242.86
243.42
243.95
244.52
245.08
245.56
246.02
246.46
246.88
247.3
247.73
248.18
248.61
249.04
249.45
249.86
250.31
250.81
251.28
251.75
252.25
252.73
253.21
253.69
254.18
254.68
255.2
255.7
256.17
256.67
257.16
257.65
258.14
258.63
259.09
259.58
260.07
260.57
261.1
261.59
262.05
262.55
263.04
263.57
264.04
264.57
265.09
265.62
266.12
266.65
267.19
267.7
268.23
268.73
269.22
269.74
270.26
270.82
271.34
271.83
272.33
272.82
273.3
273.82
274.32
274.82
275.32
275.82
276.32
276.8
277.3
277.82
278.31
278.87
279.48
280.08
280.63
281.22
281.83
282.49
283.11
283.72
284.38
284.98
285.6
286.24
