1.33
2.36
3.36
4.4
5.47
6.59
7.68
8.79
9.91
10.88
11.87
12.86
13.84
14.82
15.79
16.8
17.82
18.8
19.81
20.81
21.8
22.79
23.75
24.71
25.72
26.67
27.63
28.61
29.6
30.58
31.55
32.59
33.63
34.61
35.63
36.68
37.67
38.67
39.67
40.64
41.64
42.6
43.55
44.51
45.5
46.47
47.44
48.4
49.37
50.33
51.32
52.3
53.44
54.56
55.63
56.63
57.63
58.65
59.7
60.72
61.74
62.74
63.75
64.78
65.77
66.76
67.76
68.77
69.74
70.7
71.69
72.68
73.64
74.6
75.6
76.56
77.52
78.48
79.46
80.42
81.35
82.31
83.27
84.24
85.27
86.24
87.17
88.16
89.11
90.03
90.96
91.91
92.87
93.83
94.78
95.75
96.68
97.62
98.53
99.4
100.27
101.13
102.02
102.92
103.82
104.72
105.63
106.53
107.42
108.33
109.3
110.23
111.14
112.06
113.0
113.9
114.77
115.63
116.52
117.47
118.44
119.41
120.46
121.53
122.68
123.84
125.02
126.11
127.18
128.28
129.48
130.51
131.57
132.74
133.82
134.85
135.83
136.88
137.94
139.04
140.07
141.2
142.31
143.4
144.43
145.45
146.37
147.36
148.34
149.37
150.37
151.36
152.39
153.51
154.65
155.87
157.3
158.76
160.26
161.79
163.23
164.62
166.03
167.44
168.86
170.26
171.52
172.66
173.8
174.96
176.06
177.18
178.28
179.38
180.51
181.65
182.8
183.91
184.94
185.99
187.02
188.0
189.02
190.04
191.04
192.04
193.11
194.2
195.24
196.28
197.31
198.33
199.35
200.43
201.53
202.64
203.75
204.88
205.97
207.23
208.51
209.81
211.1
212.39
213.66
214.96
216.29
217.61
218.91
220.34
222.14
223.9
225.66
227.42
229.17
230.89
232.61
234.3
236.06
237.74
239.52
241.2
242.86
244.52
246.02
247.48
248.92
250.31
251.77
253.2
254.67
256.17
257.64
259.09
260.56
262.04
263.57
265.34
267.08
268.72
270.2
271.82
273.3
274.82
276.32
277.81
279.47
281.21
283.1
285.44
