2.5
6.36
10.24
13.77
17.08
20.5
23.81
27.4
31.1
34.65
38.18
41.74
45.45
49.07
52.39
55.22
57.6
59.97
62.14
64.17
66.27
68.66
71.11
73.47
75.96
78.2
80.48
83.11
86.15
89.5
93.16
96.89
100.58
104.09
107.47
110.39
113.05
115.76
118.39
121.32
124.34
127.16
129.73
132.33
134.91
137.62
140.63
144.04
147.53
151.16
154.93
158.43
161.42
164.29
167.13
170.04
173.1
176.5
180.11
183.01
185.7
188.36
191.21
194.14
197.18
200.49
203.65
206.96
210.55
214.0
217.12
220.23
223.27
226.47
229.68
233.06
236.56
239.94
243.15
246.61
250.29
253.79
257.06
260.2
263.33
266.43
269.68
