0.37
1.03
1.72
2.41
3.13
3.81
4.48
5.17
5.92
6.6
7.35
8.02
8.73
9.44
10.09
10.71
11.26
11.84
12.4
12.95
13.52
14.06
14.62
15.2
15.81
16.39
16.95
17.53
18.05
18.6
19.18
19.71
20.25
20.77
21.32
21.85
22.4
22.95
23.51
24.14
24.72
25.33
25.97
26.55
27.13
27.72
28.3
28.91
29.47
30.0
30.56
31.11
31.69
32.28
32.87
33.5
34.08
34.66
35.24
35.86
36.44
37.04
37.63
38.19
38.74
39.33
39.93
40.5
41.14
41.75
42.35
42.97
43.61
44.23
44.85
45.45
46.04
46.65
47.27
47.87
48.49
49.08
49.68
50.29
50.86
51.46
52.08
52.73
53.33
53.96
54.57
55.23
55.84
56.46
57.06
57.61
58.14
58.69
59.15
59.66
60.15
60.62
61.13
61.64
62.14
62.64
63.14
63.66
64.19
64.69
65.16
65.69
66.15
66.66
67.13
67.64
68.15
68.66
69.22
69.75
70.26
70.78
71.31
71.88
72.42
72.93
73.48
74.08
74.67
75.29
75.97
76.62
77.16
77.69
78.21
78.75
79.29
79.85
80.31
80.83
81.3
81.79
82.32
82.83
83.36
83.87
84.38
84.89
85.39
85.9
86.4
86.95
87.47
88.04
88.63
89.27
89.88
90.47
91.05
91.67
92.27
92.88
93.47
94.13
94.75
95.38
96.0
96.61
97.23
97.81
98.42
99.06
99.65
100.25
100.9
101.5
102.17
102.81
103.43
104.09
104.73
105.29
105.9
106.49
107.08
107.46
107.84
108.25
108.64
108.98
109.33
109.67
110.02
110.39
110.74
111.06
111.38
111.69
112.02
112.38
112.72
113.06
113.39
113.72
114.06
114.4
114.75
115.1
115.44
115.77
116.1
116.41
116.74
117.08
117.42
117.75
118.07
118.4
118.76
119.12
119.49
119.86
120.25
120.62
120.97
121.33
121.68
122.04
122.43
122.79
123.17
123.55
123.94
124.32
124.63
124.96
125.31
125.63
125.94
126.24
126.55
126.86
127.17
127.48
127.8
128.11
128.42
128.72
129.05
129.4
129.74
130.09
130.43
130.76
131.1
131.41
131.72
132.03
132.34
132.64
132.97
133.3
133.65
133.98
134.3
134.62
134.95
135.28
135.61
135.96
136.29
136.61
136.94
137.26
137.61
137.92
138.27
138.6
138.92
139.27
139.62
139.99
140.34
140.72
141.08
141.45
141.82
142.19
142.56
142.92
143.3
143.65
144.04
144.4
144.76
145.13
145.5
145.87
146.29
146.69
147.12
147.53
147.97
148.42
148.9
149.34
149.82
150.28
150.72
151.18
151.67
152.12
152.61
153.06
153.53
154.01
154.47
154.94
155.41
155.9
156.35
156.75
157.19
157.61
158.01
158.44
158.86
159.27
159.69
160.11
160.5
160.91
161.34
161.71
162.1
162.51
162.89
163.27
163.66
164.08
164.49
164.89
165.32
165.72
166.08
166.44
166.78
167.14
167.52
167.9
168.29
168.68
169.03
169.37
169.72
170.06
170.41
170.76
171.12
171.51
171.92
172.32
172.73
173.11
173.43
173.74
174.06
174.38
174.7
175.01
175.31
175.6
175.91
176.21
176.51
176.8
177.11
177.42
177.74
178.05
178.36
178.67
179.0
179.31
179.64
179.98
180.32
180.68
181.01
181.34
181.7
182.03
182.37
182.7
183.05
183.42
183.75
184.09
184.43
184.74
185.07
185.4
185.71
186.03
186.36
186.68
187.0
187.35
187.68
188.03
188.38
188.74
189.1
189.48
189.83
190.19
190.52
190.87
191.22
191.59
191.93
192.29
192.63
192.97
193.36
193.76
194.14
194.52
194.92
195.3
195.7
196.1
196.48
196.84
197.24
197.61
197.98
198.41
198.8
199.22
199.66
200.08
200.5
200.99
201.55
202.09
202.62
203.17
203.69
204.26
204.79
205.3
205.82
206.37
206.95
207.47
208.02
208.55
209.09
209.67
210.25
210.84
211.39
211.97
212.56
213.11
213.64
214.22
214.74
215.3
215.82
216.35
216.88
217.37
217.84
218.38
218.92
219.45
219.99
220.47
220.95
221.44
221.96
222.49
223.02
223.49
223.97
224.46
224.92
225.41
225.87
226.34
226.83
227.28
227.77
228.22
228.71
229.17
229.67
230.14
230.61
231.09
231.58
232.06
232.54
233.03
233.48
233.96
234.42
234.87
235.34
235.81
236.25
236.74
237.25
237.75
238.22
238.74
239.23
239.74
240.25
240.8
241.32
241.84
242.35
242.87
243.43
243.99
244.54
245.13
245.74
246.3
246.91
247.5
248.08
248.61
249.17
249.76
250.3
250.85
251.45
252.08
252.67
253.27
253.81
254.39
254.97
255.51
256.04
256.54
257.07
257.58
258.1
258.62
259.14
259.66
260.2
260.72
261.22
261.73
262.29
262.79
263.34
263.86
264.35
264.88
265.41
265.98
266.59
267.24
267.85
268.52
269.19
269.84
270.51
271.21
271.91
272.65
273.33
274.06
274.81
275.53
