2.77
5.32
7.93
10.28
12.56
14.81
17.06
19.34
21.69
23.9
26.16
28.43
30.64
32.89
35.23
37.59
39.95
42.17
44.38
46.58
48.82
51.19
53.55
55.79
58.02
60.29
62.45
64.64
66.75
68.79
70.69
72.73
75.03
77.4
79.64
81.95
84.16
86.27
87.87
89.13
90.29
91.43
92.58
93.73
94.86
95.98
97.12
98.27
99.43
100.6
101.79
103.07
104.36
105.64
106.9
108.14
109.47
110.75
112.02
113.31
114.58
115.81
117.13
118.44
119.87
121.17
122.5
123.79
125.09
126.32
127.62
128.9
130.11
131.36
132.66
134.03
135.39
136.7
138.06
139.34
140.61
141.84
143.11
144.42
145.69
146.97
148.26
149.54
150.8
152.03
153.25
154.49
155.81
157.13
158.5
159.84
161.21
162.64
164.04
165.4
166.76
168.13
169.36
170.65
171.92
173.18
174.42
175.65
176.95
178.29
179.59
180.88
182.17
183.55
185.17
187.31
190.0
193.02
196.02
199.04
202.7
205.91
208.96
211.95
214.95
217.92
220.97
224.11
227.1
230.07
232.69
235.11
237.35
239.52
241.82
244.08
246.21
248.35
250.58
252.68
254.78
256.84
258.92
260.93
263.13
265.21
267.41
