0.23
0.87
1.54
2.16
2.78
3.41
4.03
4.66
5.32
5.95
6.52
7.15
7.72
8.32
8.95
9.47
10.02
10.58
11.14
11.7
12.28
12.84
13.41
13.96
14.53
15.11
15.7
16.25
16.8
17.36
17.92
18.49
19.07
19.64
20.21
20.79
21.37
21.97
22.54
23.08
23.64
24.19
24.76
25.34
25.89
26.44
27.01
27.57
28.12
28.71
29.28
29.82
30.37
30.93
31.49
32.08
32.63
33.17
33.76
34.32
34.85
35.42
35.97
36.53
37.09
37.69
38.23
38.82
39.39
39.96
40.5
41.07
41.61
42.18
42.73
43.3
43.83
44.39
44.92
45.48
46.03
46.59
47.13
47.69
48.22
48.83
49.4
50.02
50.61
51.2
51.79
52.41
52.97
53.55
54.1
54.67
55.23
55.79
56.34
56.89
57.44
58.03
58.6
59.22
59.75
60.3
60.86
61.39
61.92
62.46
63.01
63.57
64.11
64.64
65.17
65.71
66.25
66.76
67.29
67.8
68.3
68.79
69.29
69.81
70.31
70.85
71.41
71.94
72.46
73.01
73.56
74.13
74.7
75.33
75.91
76.5
77.12
77.68
78.24
78.84
79.37
79.94
80.52
81.06
81.62
82.21
82.78
83.31
83.86
84.43
84.96
85.51
86.09
86.61
87.17
87.72
88.26
88.84
89.45
90.02
90.57
91.15
91.72
92.3
92.88
93.45
94.02
94.59
95.13
95.73
96.27
96.85
97.41
97.98
98.59
99.15
99.74
100.24
100.72
101.19
101.69
102.15
102.59
103.07
103.38
103.73
104.04
104.38
104.72
105.03
105.36
105.67
105.97
106.29
106.6
106.9
107.21
107.52
107.83
108.14
108.49
108.82
109.15
109.48
109.79
110.12
110.46
110.77
111.07
111.38
111.7
112.02
112.35
112.67
112.98
113.31
113.62
113.95
114.27
114.59
114.89
115.21
115.51
115.82
116.14
116.47
116.8
117.14
117.45
117.8
118.17
118.52
118.85
119.22
119.54
119.88
120.2
120.53
120.86
121.18
121.51
121.86
122.19
122.51
122.82
123.15
123.47
123.8
124.12
124.45
124.78
125.1
125.41
125.72
126.03
126.33
126.64
126.95
127.29
127.63
127.94
128.26
128.58
128.91
129.22
129.51
129.81
130.12
130.41
130.72
131.05
131.37
131.69
132.0
132.33
132.67
133.03
133.35
133.71
134.03
134.39
134.73
135.07
135.4
135.71
136.04
136.37
136.71
137.07
137.39
137.75
138.07
138.41
138.74
139.06
139.38
139.68
140.0
140.31
140.62
140.93
141.23
141.54
141.85
142.16
142.47
142.8
143.11
143.44
143.76
144.11
144.43
144.74
145.06
145.38
145.7
146.02
146.34
146.66
146.98
147.31
147.63
147.95
148.27
148.58
148.9
149.23
149.55
149.87
150.19
150.5
150.81
151.11
151.42
151.74
152.04
152.34
152.65
152.95
153.25
153.56
153.86
154.18
154.5
154.83
155.15
155.48
155.83
156.15
156.48
156.8
157.14
157.47
157.82
158.16
158.51
158.85
159.19
159.53
159.85
160.19
160.54
160.88
161.22
161.56
161.92
162.28
162.66
163.02
163.37
163.69
164.05
164.38
164.72
165.06
165.4
165.75
166.08
166.42
166.77
167.12
167.46
167.8
168.13
168.44
168.75
169.07
169.37
169.69
170.01
170.33
170.66
170.97
171.29
171.61
171.93
172.25
172.56
172.88
173.19
173.5
173.81
174.11
174.43
174.73
175.04
175.35
175.66
175.98
176.3
176.63
176.96
177.31
177.62
177.97
178.3
178.61
178.95
179.28
179.6
179.93
180.26
180.58
180.9
181.23
181.54
181.86
182.19
182.5
182.83
183.15
183.47
183.78
184.11
184.42
184.74
185.06
185.38
185.7
186.02
186.34
186.66
186.99
187.31
187.63
187.95
188.26
188.58
188.92
189.27
189.65
190.0
190.37
190.78
191.21
191.64
192.09
192.52
192.95
193.38
193.8
194.22
194.67
195.09
195.54
196.01
196.46
196.9
197.37
197.81
198.28
198.75
199.19
199.67
200.12
200.61
201.1
201.61
202.1
202.64
203.15
203.66
204.15
204.66
205.17
205.67
206.2
206.71
207.21
207.74
208.22
208.72
209.21
209.71
210.23
210.74
211.21
211.73
212.19
212.69
213.21
213.71
214.19
214.72
215.21
215.69
216.2
216.7
217.18
217.69
218.17
218.66
219.14
219.61
220.06
220.51
220.97
221.48
221.98
222.51
223.04
223.56
224.09
224.6
225.12
225.62
226.14
226.69
227.18
227.72
228.3
228.83
229.42
229.98
230.53
231.13
231.69
232.27
232.83
233.36
233.92
234.54
235.12
235.71
236.28
236.8
237.35
237.9
238.43
238.96
239.53
240.08
240.62
241.24
241.83
242.45
243.03
243.57
244.12
244.69
245.27
245.83
246.37
246.93
247.5
247.98
248.51
249.03
249.51
250.06
250.59
251.12
251.66
252.17
252.69
253.21
253.73
254.26
254.79
255.31
255.83
256.34
256.84
257.39
257.89
258.39
258.93
259.44
259.93
260.45
260.94
261.49
262.03
262.59
263.14
263.68
264.21
264.73
265.22
265.74
266.28
266.84
267.42
267.98
