0.16
0.79
1.43
2.09
2.7
3.36
3.97
4.57
5.22
5.81
6.37
6.98
7.62
8.24
8.91
9.53
10.17
10.82
11.42
12.05
12.69
13.32
13.96
14.58
15.18
15.8
16.45
17.03
17.65
18.26
18.87
19.49
20.11
20.75
21.37
21.99
22.57
23.2
23.81
24.38
24.94
25.53
26.13
26.73
27.35
27.98
28.57
29.18
29.77
30.37
30.96
31.53
32.12
32.75
33.35
33.93
34.56
35.16
35.75
36.36
36.98
37.56
38.17
38.78
39.36
39.95
40.61
41.21
41.87
42.49
43.15
43.78
44.39
45.02
45.67
46.27
46.89
47.49
48.1
48.68
49.29
49.9
50.5
51.09
51.69
52.27
52.86
53.45
54.01
54.57
55.14
55.71
56.34
56.95
57.53
58.13
58.69
59.27
59.83
60.42
61.07
61.64
62.2
62.76
63.33
63.88
64.43
65.01
65.6
66.13
66.69
67.28
67.83
68.38
68.92
69.44
69.96
70.56
71.16
71.72
72.24
72.76
73.26
73.76
74.32
74.84
75.35
75.91
76.44
77.0
77.53
78.04
78.56
79.15
79.69
80.27
80.86
81.47
82.04
82.63
83.22
83.8
84.37
85.08
85.8
86.55
87.43
88.3
89.17
90.04
90.87
91.71
92.51
93.29
94.1
94.97
95.81
96.66
97.49
98.29
99.18
99.98
100.83
101.65
102.46
103.31
104.15
104.92
105.72
106.56
107.35
108.14
108.97
109.92
110.86
111.85
112.68
113.61
114.6
115.6
116.54
117.51
118.49
119.42
120.32
121.23
122.14
123.11
124.08
125.01
125.96
126.93
127.96
129.02
130.06
131.01
132.0
132.91
133.79
134.73
135.68
136.7
137.7
138.74
139.61
140.5
141.51
142.55
143.54
144.56
145.55
146.59
147.42
148.29
149.09
149.86
150.68
151.46
152.28
153.1
153.86
154.67
155.46
156.25
157.03
157.85
158.6
159.44
160.2
161.03
161.81
162.62
163.31
164.01
164.68
165.35
166.06
166.7
167.37
168.06
168.8
169.54
170.31
170.99
171.63
172.27
172.91
173.54
174.16
174.78
175.43
176.09
176.76
177.39
178.05
178.76
179.4
180.11
180.76
181.44
182.05
182.69
183.29
183.91
184.51
185.09
185.67
186.2
186.77
187.32
187.87
188.44
189.02
189.63
190.21
190.78
191.32
191.87
192.43
192.99
193.51
194.07
194.62
195.18
195.71
196.29
196.89
197.45
198.01
198.61
199.07
199.58
200.06
200.52
200.97
201.45
201.89
202.37
202.82
203.27
203.75
204.19
204.64
205.09
205.54
206.0
206.46
206.89
207.33
207.77
208.23
208.68
209.14
209.61
210.05
210.5
210.96
211.42
211.85
212.32
212.74
213.2
213.65
214.1
214.54
215.02
215.47
215.93
216.4
216.85
217.3
217.78
218.28
218.76
219.21
219.68
220.17
220.64
221.09
221.56
222.03
222.5
222.98
223.47
223.96
224.42
224.92
225.36
225.8
226.22
226.64
227.07
227.52
227.94
228.37
228.82
229.24
229.7
230.19
230.65
231.15
231.62
232.15
232.62
233.13
233.67
234.15
234.63
235.12
235.61
236.07
236.54
237.02
237.49
237.98
238.47
238.92
239.41
239.87
240.35
240.83
241.34
241.81
242.3
242.76
243.26
243.71
244.14
244.59
245.06
245.49
245.94
246.41
246.86
247.31
247.74
248.17
248.59
249.04
249.45
249.88
250.3
250.71
251.14
251.6
252.04
252.51
252.96
253.39
253.81
254.25
254.66
255.1
255.52
255.95
256.38
256.82
257.3
257.75
258.22
258.71
259.18
259.65
260.11
260.59
261.06
261.52
261.98
262.45
262.93
263.42
