1.42
3.96
6.39
8.39
10.32
12.2
14.12
15.94
17.79
19.63
21.48
23.34
25.51
27.96
30.36
32.74
35.14
37.55
40.27
43.14
45.66
48.09
50.49
52.85
55.13
57.52
59.82
62.19
64.42
66.68
68.91
71.15
73.25
75.34
77.57
79.96
82.33
84.68
87.11
89.45
91.95
94.6
97.48
100.83
104.14
107.34
110.86
114.59
118.48
122.14
125.96
130.05
133.78
137.7
141.51
145.54
149.6
153.97
158.1
161.39
164.32
167.04
169.63
172.27
174.77
177.38
179.89
182.38
184.8
187.2
189.63
191.86
194.07
196.08
197.97
199.82
201.65
203.5
205.31
207.1
208.91
210.74
212.55
214.31
216.15
218.07
220.04
222.35
224.94
227.67
230.65
234.15
237.01
240.04
243.26
246.85
250.29
253.8
257.38
261.05
