0.83
1.77
2.69
3.56
4.45
5.36
6.11
6.88
7.64
8.41
9.2
10.09
10.93
11.83
12.64
13.49
14.34
15.14
16.07
16.97
17.87
18.75
19.73
20.63
21.56
22.49
23.43
24.26
25.1
25.91
26.64
27.43
28.22
29.0
29.82
30.6
31.43
32.21
33.03
33.78
34.51
35.31
36.08
36.89
37.7
38.53
39.39
40.18
41.03
41.86
42.73
43.61
44.46
45.36
46.16
46.94
47.72
48.38
49.03
49.66
50.33
50.9
51.5
52.08
52.65
53.24
53.84
54.41
54.95
55.54
56.08
56.63
57.21
57.74
58.3
58.78
59.24
59.74
60.23
60.73
61.21
61.67
62.1
62.58
63.07
63.62
64.14
64.74
65.33
65.96
66.6
67.2
67.83
68.41
68.97
69.55
70.09
70.68
71.22
71.77
72.32
72.89
73.4
73.97
74.49
75.02
75.58
76.19
76.76
77.37
77.9
78.46
79.03
79.55
80.1
80.68
81.25
81.86
82.48
83.02
83.57
84.16
84.69
85.23
85.8
86.37
86.93
87.56
88.13
88.74
89.36
89.91
90.45
90.97
91.54
92.07
92.6
93.13
93.65
94.2
94.76
95.33
95.9
96.47
97.01
97.56
98.16
98.72
99.34
99.92
100.52
101.08
101.67
102.27
102.88
103.48
104.07
104.71
105.3
105.9
106.54
107.12
107.73
108.37
108.97
109.56
110.2
110.8
111.4
111.99
112.59
113.23
113.86
114.57
115.25
115.92
116.56
117.25
117.95
118.65
119.27
119.88
120.5
121.07
121.63
122.21
122.85
123.51
124.14
124.78
125.39
126.03
126.62
127.25
127.91
128.53
129.2
129.82
130.45
131.09
131.77
132.43
133.08
133.72
134.35
135.0
135.64
136.31
136.97
137.57
138.22
138.85
139.49
140.09
140.74
141.35
141.99
142.62
143.21
143.76
144.31
144.84
145.38
145.93
146.53
147.09
147.64
148.24
148.79
149.35
149.93
150.53
151.17
151.8
152.43
153.1
153.75
154.44
155.08
155.72
156.35
157.03
157.66
158.34
158.99
159.67
160.35
161.03
161.71
162.38
163.09
163.76
164.39
165.09
165.73
166.43
167.15
167.8
168.46
169.11
169.76
170.48
171.15
171.82
172.47
173.18
173.84
174.51
175.22
175.86
176.55
177.28
177.95
178.63
179.29
180.01
180.65
181.31
181.97
182.63
183.32
184.0
184.75
185.46
186.1
186.78
187.49
188.14
188.75
189.37
190.01
190.67
191.35
191.98
192.62
193.33
193.99
194.7
195.42
196.15
196.81
197.53
198.19
198.88
199.59
200.28
200.94
201.61
202.3
202.98
203.64
204.26
204.9
205.61
206.28
206.97
207.62
208.34
209.01
209.69
210.43
211.15
211.93
212.62
213.36
214.05
214.81
215.51
216.25
216.95
217.68
218.39
219.11
219.77
220.49
221.17
221.92
222.62
223.36
224.06
224.78
225.52
226.27
227.04
227.75
228.56
229.35
230.11
230.93
231.69
232.47
233.2
233.98
234.74
235.53
236.28
237.02
237.77
238.48
239.22
239.93
240.69
241.29
241.82
242.33
242.82
243.33
243.82
244.28
244.77
245.29
245.76
246.25
246.76
247.25
247.71
248.22
248.76
249.26
249.78
250.25
250.72
251.19
251.65
252.13
252.58
253.04
253.49
253.96
254.42
254.91
255.38
255.83
256.32
256.77
257.22
257.7
258.14
258.62
259.14
259.65
260.23
260.84
261.4
261.99
262.57
263.19
263.79
264.39
265.03
265.62
