0.99
2.1
3.22
4.33
5.49
6.67
7.9
9.19
10.68
12.32
14.01
15.69
17.39
19.05
20.79
22.76
24.5
26.26
27.94
29.63
31.38
33.09
34.78
36.52
38.41
40.26
41.99
43.74
45.41
47.09
48.77
50.49
52.25
54.07
55.83
57.61
59.43
61.2
62.83
64.5
66.14
67.74
69.29
70.99
72.72
74.35
76.01
77.66
79.33
80.95
82.62
84.25
85.86
87.53
89.17
90.73
92.33
93.87
95.47
97.08
98.72
100.26
101.85
103.33
104.77
106.15
107.24
108.26
109.31
110.41
111.44
112.42
113.41
114.42
115.43
116.5
117.67
118.7
119.69
120.68
121.75
122.81
123.86
124.84
125.82
126.81
127.78
128.73
129.72
130.79
131.77
132.69
133.65
134.6
135.6
136.55
137.51
138.43
139.44
140.64
141.88
143.12
144.6
146.27
147.97
149.76
151.53
153.36
155.28
157.34
159.68
161.78
163.91
165.97
167.99
170.1
172.23
174.64
176.69
178.65
180.57
182.39
184.27
186.21
188.22
190.49
192.91
195.18
197.38
199.49
201.21
202.75
204.27
205.82
207.28
208.76
210.22
211.76
213.34
214.89
216.42
217.88
219.32
220.71
221.9
223.08
224.25
225.6
226.96
228.32
229.71
231.18
232.67
234.12
235.58
237.06
238.54
240.06
241.53
242.96
244.49
246.01
247.56
249.09
250.6
252.13
253.62
255.11
256.71
258.3
259.86
261.38
