0.28
0.64
1.0
1.37
1.74
2.11
2.48
2.86
3.23
3.6
3.97
4.34
4.73
5.1
5.5
5.89
6.28
6.68
7.1
7.5
7.89
8.27
8.66
9.05
9.46
9.84
10.12
10.4
10.68
10.96
11.24
11.52
11.79
12.07
12.35
12.63
12.91
13.19
13.47
13.75
14.03
14.31
14.59
14.87
15.15
15.43
15.71
15.99
16.27
16.55
16.84
17.11
17.4
17.68
17.96
18.24
18.51
18.79
19.08
19.38
19.67
19.96
20.24
20.53
20.84
21.17
21.48
21.81
22.12
22.45
22.77
23.07
23.36
23.65
23.94
24.22
24.51
24.81
25.09
25.38
25.67
25.96
26.26
26.55
26.83
27.11
27.4
27.67
27.95
28.24
28.51
28.79
29.08
29.36
29.64
29.94
30.22
30.51
30.81
31.1
31.38
31.68
31.97
32.25
32.54
32.83
33.12
33.4
33.68
33.95
34.23
34.51
34.79
35.08
35.35
35.64
35.93
36.22
36.53
36.84
37.15
37.48
37.8
38.12
38.43
38.73
39.04
39.36
39.67
39.97
40.28
40.59
40.91
41.21
41.53
41.83
42.12
42.42
42.73
43.03
43.32
43.62
43.94
44.29
44.6
44.95
45.26
45.6
45.93
46.24
46.53
46.81
47.09
47.36
47.64
47.93
48.2
48.48
48.77
49.05
49.34
49.63
49.91
50.21
50.5
50.78
51.07
51.36
51.65
51.95
52.26
52.58
52.89
53.19
53.49
53.79
54.08
54.39
54.67
54.97
55.26
55.55
55.84
56.13
56.43
56.73
57.03
57.32
57.62
58.0
58.43
58.85
59.28
59.73
60.17
60.62
61.05
61.49
62.02
62.56
63.11
63.68
64.24
64.79
65.33
65.87
66.42
66.97
67.49
67.99
68.54
69.05
69.56
70.09
70.62
71.17
71.76
72.31
72.87
73.43
73.97
74.56
75.17
75.74
76.3
76.83
77.39
77.96
78.51
79.06
79.61
80.14
80.69
81.26
81.84
82.37
82.91
83.44
83.99
84.54
85.08
85.6
86.14
86.7
87.25
87.83
88.38
88.89
89.44
89.96
90.48
91.02
91.55
92.07
92.59
93.1
93.64
94.17
94.69
95.22
95.78
96.3
96.83
97.39
97.91
98.44
99.02
99.59
100.16
100.74
101.28
101.87
102.37
102.88
103.29
103.71
104.1
104.51
104.94
105.35
105.75
106.16
106.54
106.9
107.25
107.6
107.94
108.27
108.61
108.96
109.31
109.7
110.07
110.41
110.76
111.11
111.44
111.78
112.11
112.43
112.75
113.08
113.41
113.74
114.09
114.43
114.77
115.1
115.43
115.79
116.15
116.51
116.87
117.28
117.69
118.05
118.38
118.71
119.05
119.37
119.7
120.02
120.35
120.69
121.02
121.35
121.66
121.97
122.27
122.59
122.9
123.2
123.52
123.87
124.19
124.52
124.85
125.18
125.5
125.83
126.16
126.51
126.82
127.17
127.49
127.8
128.11
128.42
128.72
129.06
129.4
129.73
130.08
130.45
130.8
131.11
131.45
131.78
132.08
132.4
132.7
133.02
133.34
133.67
133.98
134.31
134.62
134.94
135.26
135.6
135.93
136.25
136.56
136.88
137.2
137.53
137.84
138.16
138.48
138.8
139.12
139.45
139.77
140.09
140.41
140.73
141.05
141.36
141.69
142.01
142.3
142.59
142.87
143.16
143.45
143.74
144.04
144.32
144.6
144.87
145.16
145.43
145.72
146.0
146.27
146.55
146.83
147.11
147.39
147.68
147.98
148.28
148.57
148.87
149.17
149.47
149.78
150.08
150.41
150.73
151.04
151.36
151.69
152.0
152.32
152.64
152.96
153.29
153.63
153.97
154.28
154.63
154.94
155.28
155.62
155.93
156.27
156.61
156.95
157.29
157.64
157.99
158.31
158.67
159.01
159.35
159.69
160.05
160.38
160.74
161.09
161.43
161.79
162.15
162.49
162.87
163.23
163.57
163.92
164.27
164.6
164.95
165.29
165.64
165.97
166.31
166.63
166.97
167.32
167.64
168.0
168.32
168.67
169.02
169.33
169.65
169.97
170.29
170.61
170.94
171.25
171.57
171.9
172.22
172.53
172.83
173.14
173.46
173.79
174.1
174.43
174.75
175.07
175.38
175.73
176.06
176.38
176.7
177.04
177.36
177.69
178.04
178.35
178.68
179.01
179.33
179.65
179.97
180.28
180.6
180.92
181.23
181.53
181.82
182.13
182.42
182.72
183.02
183.33
183.63
183.96
184.28
184.62
184.95
185.26
185.59
185.91
186.22
186.57
186.89
187.21
187.54
187.88
188.23
188.57
188.95
189.31
189.69
190.11
190.49
190.91
191.31
191.7
192.1
192.51
192.9
193.26
193.65
194.02
194.42
194.8
195.18
195.55
195.94
196.31
196.68
197.12
197.52
198.0
198.5
198.98
199.49
199.96
200.48
200.98
201.48
201.97
202.51
203.01
203.52
204.01
204.53
205.03
205.56
206.05
206.55
207.05
207.53
208.01
208.52
209.01
209.5
209.99
210.47
210.97
211.5
212.02
212.54
213.08
213.58
214.09
214.63
215.12
215.64
216.17
216.68
217.15
217.65
218.11
218.59
219.09
219.55
220.05
220.51
220.99
221.47
221.91
222.37
222.84
223.29
223.75
224.23
224.69
225.14
225.6
226.07
226.53
226.99
227.44
227.87
228.33
228.79
229.24
229.73
230.18
230.67
231.1
231.56
232.02
232.46
232.9
233.4
233.89
234.39
234.86
235.35
235.84
236.33
236.83
237.33
237.79
238.31
238.77
239.28
239.8
240.27
240.77
241.29
241.79
242.34
242.84
243.35
243.9
244.41
244.94
245.49
246.02
246.54
247.05
247.57
248.09
248.61
249.09
249.59
250.11
250.61
251.11
251.65
252.14
252.62
253.11
253.63
254.13
254.61
255.12
255.61
256.16
256.72
257.26
257.79
258.29
258.82
259.36
259.88
260.37
260.91
261.39
261.85
262.33
262.81
263.29
