0.98
4.65
8.4
11.99
15.46
18.92
22.39
26.02
29.52
33.01
36.57
40.03
43.27
46.22
49.18
52.18
55.56
59.08
62.63
66.02
69.43
72.98
76.43
80.07
83.72
87.3
90.73
94.35
97.83
101.46
105.14
108.22
111.31
114.62
117.84
121.0
124.68
128.36
132.11
135.95
139.98
143.69
147.35
151.25
155.08
158.48
161.94
164.88
167.69
170.46
173.24
175.99
178.57
181.37
184.27
187.1
189.91
193.01
196.07
199.03
201.95
204.76
207.73
210.73
213.74
216.9
220.7
224.47
228.04
231.18
234.3
237.31
239.8
242.14
244.36
246.71
248.98
251.13
253.22
255.6
258.16
260.69
262.85
264.88
266.89
268.94
270.93
272.94
274.9
