0.4
1.0
1.64
2.24
2.86
3.47
4.06
4.67
5.29
5.94
6.5
7.08
7.65
8.22
8.76
9.36
9.94
10.56
11.12
11.71
12.3
12.85
13.43
14.0
14.57
15.15
15.77
16.34
16.9
17.5
18.06
18.66
19.25
19.8
20.38
20.95
21.49
22.09
22.73
23.32
23.92
24.56
25.14
25.75
26.37
26.93
27.5
28.07
28.62
29.22
29.8
30.38
30.94
31.56
32.12
32.73
33.33
33.88
34.47
35.05
35.66
36.24
36.84
37.44
38.03
38.61
39.16
39.75
40.33
40.91
41.46
42.07
42.7
43.28
43.9
44.52
45.17
45.77
46.38
46.99
47.59
48.14
48.73
49.31
49.91
50.53
51.12
51.75
52.34
52.91
53.53
54.1
54.68
55.28
55.88
56.48
57.07
57.67
58.22
58.81
59.42
60.04
60.63
61.22
61.78
62.36
62.92
63.51
64.07
64.61
65.2
65.75
66.31
66.89
67.45
67.99
68.6
69.16
69.75
70.37
70.95
71.52
72.13
72.72
73.29
73.84
74.43
75.0
75.58
76.16
76.75
77.3
77.91
78.54
79.13
79.77
80.44
81.04
81.62
82.22
82.81
83.42
84.06
84.65
85.24
85.85
86.44
87.01
87.6
88.14
88.71
89.29
89.85
90.41
90.94
91.5
92.08
92.65
93.22
93.8
94.37
94.97
95.52
96.07
96.65
97.22
97.71
98.22
98.71
99.21
99.64
100.11
100.54
100.99
101.46
101.87
102.28
102.72
103.14
103.56
103.94
104.34
104.76
105.15
105.54
105.96
106.36
106.75
107.14
107.54
107.97
108.38
108.79
109.23
109.63
110.05
110.49
110.89
111.32
111.74
112.15
112.58
112.95
113.34
113.7
114.08
114.46
114.84
115.24
115.64
116.06
116.44
116.86
117.24
117.64
118.06
118.44
118.83
119.23
119.59
119.97
120.36
120.75
121.13
121.5
121.88
122.26
122.63
123.03
123.38
123.72
124.05
124.37
124.69
125.01
125.32
125.64
125.94
126.26
126.56
126.87
127.19
127.49
127.79
128.08
128.38
128.69
128.98
129.28
129.59
129.9
130.2
130.52
130.84
131.17
131.49
131.8
132.12
132.45
132.76
133.09
133.41
133.73
134.05
134.36
134.68
135.0
135.32
135.65
135.96
136.28
136.61
136.97
137.31
137.63
137.98
138.33
138.65
139.0
139.34
139.67
139.99
140.31
140.64
140.97
141.32
141.65
141.96
142.31
142.64
142.96
143.28
143.62
143.95
144.27
144.6
144.91
145.24
145.54
145.85
146.17
146.47
146.78
147.1
147.4
147.72
148.03
148.32
148.62
148.93
149.22
149.52
149.83
150.13
150.43
150.73
151.02
151.33
151.62
151.92
152.22
152.52
152.82
153.13
153.43
153.7
153.98
154.26
154.54
154.83
155.1
155.38
155.67
155.95
156.23
156.51
156.79
157.07
157.34
157.63
157.91
158.2
158.48
158.77
159.06
159.36
159.66
159.98
160.28
160.6
160.9
161.22
161.53
161.82
162.13
162.43
162.73
163.02
163.33
163.64
163.94
164.27
164.59
164.9
165.25
165.61
165.97
166.32
166.67
167.01
167.36
167.71
168.09
168.45
168.79
169.12
169.46
169.79
170.13
170.47
170.8
171.15
171.5
171.85
172.21
172.56
172.89
173.25
173.61
173.94
174.3
174.64
174.97
175.33
175.66
175.99
176.31
176.63
176.97
177.29
177.62
177.94
178.27
178.58
178.9
179.23
179.54
179.87
180.16
180.46
180.77
181.07
181.37
181.66
181.96
182.27
182.58
182.89
183.19
183.5
183.82
184.14
184.47
184.78
185.11
185.42
185.74
186.09
186.43
186.77
187.11
187.45
187.8
188.14
188.49
188.83
189.19
189.57
189.92
190.29
190.67
191.05
191.44
191.85
192.23
192.6
193.0
193.37
193.76
194.12
194.5
194.88
195.29
195.66
196.08
196.5
196.92
197.35
197.81
198.27
198.72
199.17
199.61
200.06
200.5
200.95
201.44
201.91
202.37
202.83
203.32
203.78
204.26
204.76
205.22
205.71
206.23
206.73
207.24
207.74
208.32
208.9
209.51
210.09
210.62
211.14
211.71
212.27
212.76
213.26
213.77
214.31
214.82
215.31
215.82
216.35
216.91
217.48
218.07
218.61
219.19
219.73
220.26
220.85
221.41
222.04
222.61
223.24
223.8
224.35
224.89
225.45
226.03
226.59
227.14
227.74
228.29
228.85
229.44
230.01
230.62
231.19
231.72
232.25
232.76
233.27
233.79
234.32
234.86
235.34
235.8
236.27
236.75
237.22
237.67
238.13
238.59
239.05
239.51
240.01
240.5
241.03
241.61
242.15
242.71
243.24
243.82
244.36
244.92
245.54
246.1
246.72
247.31
247.89
248.44
248.99
249.55
250.08
250.61
251.16
251.67
252.17
252.7
253.22
253.81
254.36
254.91
255.42
255.97
256.54
257.1
257.65
258.16
258.66
259.18
259.69
260.24
260.78
261.3
261.84
262.35
262.86
263.37
263.87
264.38
264.89
265.38
265.91
266.41
266.9
267.42
267.93
268.44
268.95
269.46
269.96
270.46
270.94
271.44
271.96
272.47
272.95
273.47
274.06
274.62
275.2
275.77
276.34
276.92
277.45
277.94
278.46
279.0
279.51
