0.59
1.21
1.85
2.5
3.1
3.75
4.34
4.97
5.58
6.18
6.79
7.37
7.96
8.57
9.17
9.84
10.57
11.3
11.99
12.55
13.15
13.7
14.23
14.73
15.24
15.74
16.27
16.8
17.32
17.82
18.32
18.85
19.38
19.91
20.42
20.95
21.45
21.95
22.49
22.97
23.51
23.99
24.5
25.04
25.55
26.04
26.55
27.11
27.66
28.18
28.72
29.28
29.79
30.33
30.85
31.36
31.91
32.45
32.99
33.52
34.1
34.63
35.18
35.73
36.31
36.87
37.42
37.97
38.49
39.0
39.53
40.09
40.61
41.13
41.65
42.2
42.78
43.33
43.86
44.41
44.92
45.45
46.01
46.56
47.07
47.63
48.17
48.7
49.26
49.8
50.33
50.9
51.42
51.99
52.53
53.06
53.58
54.17
54.71
55.3
55.94
56.53
57.09
57.69
58.24
58.8
59.39
59.97
60.53
61.11
61.63
62.2
62.74
63.28
63.82
64.35
64.84
65.38
65.92
66.46
67.0
67.53
68.07
68.58
69.12
69.65
70.18
70.68
71.2
71.73
72.27
72.81
73.35
73.89
74.43
74.98
75.54
76.16
76.77
77.42
78.02
78.63
79.26
79.84
80.42
81.02
81.6
82.17
82.77
83.36
83.93
84.5
85.07
85.66
86.25
86.8
87.34
87.92
88.49
89.02
89.59
90.16
90.69
91.25
91.79
92.31
92.83
93.35
93.89
94.4
94.92
95.42
95.99
96.53
97.04
97.59
98.15
98.69
99.21
99.73
100.25
100.78
101.34
101.86
102.37
102.9
103.48
104.09
104.69
105.26
105.85
106.46
107.09
107.7
108.35
108.94
109.56
110.2
110.91
111.65
112.44
113.15
113.89
114.58
115.31
116.1
116.99
117.85
118.71
119.62
120.53
121.44
122.33
123.24
124.15
125.13
126.13
127.12
128.11
129.09
130.04
131.0
131.91
132.85
133.76
134.64
135.55
136.53
137.51
138.51
139.44
140.41
141.23
142.1
142.94
143.74
144.6
145.44
146.35
147.2
148.05
148.97
149.84
150.68
151.56
152.44
153.35
154.21
155.13
155.99
156.82
157.62
158.36
159.05
159.74
160.42
161.09
161.76
162.42
163.13
163.8
164.42
165.08
165.7
166.35
167.03
167.67
168.33
168.96
169.58
170.2
170.82
171.4
172.0
172.61
173.25
173.85
174.49
175.13
175.74
176.37
177.0
177.66
178.3
178.96
179.58
180.22
180.91
181.59
182.27
182.9
183.52
184.15
184.77
185.5
186.16
186.89
187.63
188.39
189.16
189.87
190.62
191.4
192.12
192.77
193.46
194.08
194.71
195.31
195.94
196.52
197.04
197.52
198.02
198.47
198.94
199.42
199.88
200.35
200.83
201.28
201.72
202.16
202.61
203.03
203.49
203.97
204.43
204.87
205.35
205.79
206.21
206.66
207.11
207.52
207.94
208.33
208.75
209.17
209.61
210.07
210.51
210.97
211.41
211.85
212.31
212.78
213.24
213.72
214.17
214.64
215.13
215.6
216.07
216.51
216.98
217.45
217.89
218.36
218.79
219.21
219.59
219.99
220.39
220.79
221.21
221.6
222.0
222.41
222.8
223.24
223.7
224.18
224.64
225.1
225.56
226.03
226.57
227.11
227.63
228.15
228.63
229.15
229.63
230.09
230.58
231.05
231.51
232.0
232.48
232.97
233.46
233.97
234.46
234.99
235.49
235.99
236.47
236.96
237.45
237.93
238.43
238.94
239.42
239.94
240.44
240.91
241.37
241.85
242.31
242.78
243.24
243.7
244.15
244.63
245.1
245.58
246.02
246.47
246.91
247.36
247.8
248.25
248.69
249.14
249.58
250.02
250.44
250.88
251.34
251.8
252.29
252.77
253.24
253.72
254.24
254.72
255.21
255.74
