7.36
9.83
12.93
15.99
19.11
22.19
25.42
28.85
32.16
35.45
38.73
41.64
44.4
47.07
49.26
51.42
53.58
55.94
58.24
60.53
62.73
64.83
67.0
69.11
71.19
73.34
75.54
78.01
80.42
82.77
85.06
87.34
89.59
91.78
93.88
95.98
98.14
100.24
102.36
104.65
107.06
109.56
112.44
115.3
118.02
120.52
122.92
125.22
127.73
130.35
132.84
135.27
137.79
140.4
143.45
146.62
149.84
153.34
156.81
159.73
162.41
165.07
167.66
170.19
172.6
175.12
177.65
180.21
182.9
185.49
188.38
191.39
194.08
196.52
198.47
200.35
202.15
203.96
205.78
207.51
209.16
210.97
212.77
214.64
216.51
218.35
219.99
221.59
223.23
225.09
227.1
229.14
231.04
232.96
234.98
237.32
239.4
241.36
243.23
245.09
246.91
248.68
250.43
252.25
253.71
255.2
