0.21
0.57
0.92
1.29
1.65
1.99
2.33
2.7
3.04
3.4
3.74
4.09
4.45
4.88
5.29
5.71
6.22
6.77
7.27
7.81
8.36
8.86
9.39
9.98
10.55
11.13
11.7
12.29
12.89
13.47
14.07
14.64
15.21
15.78
16.4
17.05
17.67
18.27
18.83
19.4
20.0
20.58
21.17
21.77
22.33
22.95
23.58
24.23
24.83
25.45
26.07
26.64
27.24
27.84
28.39
28.97
29.53
30.09
30.66
31.26
31.87
32.44
33.02
33.56
34.14
34.75
35.3
35.87
36.45
37.04
37.65
38.21
38.8
39.42
39.98
40.56
41.13
41.67
42.25
42.85
43.45
44.07
44.71
45.32
45.92
46.52
47.11
47.73
48.33
48.91
49.51
50.09
50.69
51.28
51.89
52.46
53.05
53.62
54.19
54.77
55.38
55.95
56.52
57.08
57.67
58.22
58.79
59.34
59.89
60.45
61.01
61.56
62.11
62.67
63.21
63.75
64.28
64.83
65.36
65.92
66.46
66.98
67.5
68.02
68.58
69.11
69.62
70.15
70.73
71.25
71.82
72.37
72.93
73.46
74.05
74.59
75.14
75.76
76.34
76.92
77.5
78.11
78.68
79.27
79.85
80.42
80.98
81.57
82.13
82.68
83.27
83.88
84.51
85.08
85.62
86.17
86.75
87.33
87.88
88.49
89.08
89.71
90.35
91.02
91.62
92.18
92.74
93.33
93.86
94.42
94.98
95.51
96.05
96.57
97.08
97.64
98.19
98.71
99.24
99.79
100.32
100.86
101.42
101.95
102.49
103.05
103.57
104.1
104.7
105.33
105.94
106.53
107.15
107.79
108.41
109.09
109.8
110.46
111.13
111.82
112.51
113.19
113.85
114.56
115.19
115.86
116.48
117.14
117.71
118.27
118.85
119.45
120.05
120.62
121.28
121.91
122.53
123.2
123.82
124.45
125.13
125.75
126.4
127.08
127.69
128.33
128.99
129.62
130.25
130.86
131.47
132.05
132.65
133.23
133.78
134.38
134.94
135.52
136.11
136.71
137.29
137.86
138.43
139.07
139.65
140.29
140.9
141.51
142.17
142.82
143.43
144.08
144.72
145.38
146.02
146.59
147.15
147.76
148.33
148.9
149.44
150.01
150.59
151.2
151.78
152.36
152.92
153.51
154.1
154.65
155.25
155.88
156.51
157.12
157.72
158.34
158.98
159.61
160.23
160.81
161.42
162.04
162.64
163.27
163.88
164.5
165.15
165.76
166.39
167.0
167.61
168.24
168.87
169.44
169.98
170.55
171.14
171.71
172.28
172.86
173.44
174.01
174.61
175.2
175.74
176.33
176.95
177.53
178.17
178.8
179.39
180.04
180.63
181.19
181.76
182.31
182.86
183.42
183.99
184.56
185.07
185.63
186.15
186.7
187.24
187.85
188.4
188.98
189.59
190.17
190.73
191.27
191.81
192.36
192.9
193.5
194.05
194.62
195.21
195.83
196.41
196.95
197.49
198.01
198.55
199.1
199.67
200.19
200.71
201.22
201.74
202.28
202.82
203.34
203.85
204.38
204.92
205.45
205.99
206.49
207.0
207.51
208.05
208.58
209.12
209.67
210.22
210.74
211.27
211.81
212.34
212.87
213.4
213.92
214.47
215.02
215.66
216.28
216.91
217.52
218.18
218.8
219.42
220.02
220.67
221.28
221.91
222.53
223.16
223.77
224.32
224.93
225.5
226.06
226.67
227.2
227.7
228.23
228.76
229.32
229.83
230.37
230.88
231.43
231.95
232.47
233.04
233.57
234.08
234.64
235.14
235.68
236.21
236.69
237.23
237.72
238.25
238.75
239.24
239.76
240.26
240.78
241.28
241.81
242.33
242.84
243.34
243.86
244.35
244.89
245.42
245.93
246.46
246.95
247.5
247.99
248.52
249.05
249.6
250.16
250.71
251.25
251.82
252.36
252.88
253.4
253.9
254.41
254.93
255.48
255.99
256.49
256.97
257.46
257.95
258.44
258.94
259.44
259.93
260.44
260.96
261.48
262.01
262.56
263.11
263.63
264.18
264.73
265.24
265.78
266.32
266.9
267.45
267.97
268.5
269.04
269.61
270.15
270.68
