1.64
3.04
4.44
6.11
7.8
9.53
11.26
13.01
14.77
16.51
18.24
20.0
21.76
23.56
25.73
28.1
30.38
32.69
35.01
37.33
39.64
42.12
44.71
47.1
49.5
51.88
54.18
56.51
58.78
61.0
63.2
65.35
67.5
69.61
71.82
74.04
76.33
78.67
80.98
83.26
85.61
87.88
90.33
92.72
94.98
97.08
99.44
101.67
103.83
105.81
108.06
110.59
113.19
115.8
118.51
121.27
123.82
126.39
128.98
131.48
134.05
136.98
139.89
142.93
145.99
148.91
151.99
155.02
158.02
160.95
163.88
166.39
168.87
171.4
173.71
176.32
179.73
183.14
186.69
190.09
193.33
196.26
199.2
202.41
205.72
208.85
212.07
215.27
218.34
221.78
225.31
229.36
233.56
237.46
240.51
243.74
247.25
250.7
254.4
258.43
262.55
266.31
269.95
