2.11
4.46
6.82
9.07
11.46
13.7
15.95
18.15
20.62
22.97
25.45
27.87
30.26
32.58
34.91
37.16
39.57
41.89
44.11
46.37
48.6
51.03
53.72
56.52
59.03
61.49
63.79
66.14
68.51
70.89
73.33
75.79
78.2
80.59
82.94
85.33
87.63
89.92
92.17
94.67
97.32
99.87
102.42
104.95
107.46
109.95
112.45
114.91
117.42
119.84
122.17
124.48
126.81
129.21
131.55
133.84
136.11
138.35
140.7
143.15
145.59
148.08
150.55
152.99
155.36
157.8
160.26
162.79
165.33
167.76
170.11
172.48
174.84
177.09
179.34
181.58
183.82
186.48
189.18
192.19
194.75
197.23
199.83
202.42
205.02
207.65
210.46
212.81
215.16
217.44
219.69
221.92
224.16
226.38
228.59
231.07
233.4
235.93
238.39
240.93
243.46
246.2
248.9
251.72
254.58
257.44
