0.33
0.92
1.51
2.12
2.68
3.27
3.86
4.46
5.05
5.63
6.23
6.83
7.38
7.93
8.48
9.08
9.67
10.26
10.87
11.46
12.03
12.59
13.15
13.71
14.28
14.85
15.41
15.95
16.5
17.05
17.62
18.16
18.72
19.33
19.97
20.62
21.25
21.88
22.43
22.98
23.55
24.16
24.78
25.46
26.11
26.73
27.31
27.88
28.48
29.06
29.66
30.26
30.83
31.4
31.99
32.58
33.17
33.77
34.35
34.92
35.49
36.03
36.6
37.17
37.76
38.34
38.95
39.58
40.16
40.76
41.35
41.89
42.46
43.01
43.55
44.12
44.67
45.25
45.8
46.37
46.93
47.47
48.03
48.6
49.19
49.81
50.4
51.03
51.67
52.38
53.03
53.72
54.43
55.18
55.87
56.52
57.14
57.78
58.43
59.03
59.68
60.32
60.9
61.5
62.08
62.64
63.2
63.8
64.35
64.95
65.52
66.14
66.72
67.33
67.89
68.51
69.08
69.64
70.19
70.76
71.39
72.02
72.68
73.31
73.92
74.56
75.18
75.8
76.41
76.98
77.58
78.2
78.8
79.4
80.01
80.6
81.2
81.78
82.36
82.94
83.54
84.12
84.74
85.33
85.91
86.49
87.07
87.63
88.22
88.8
89.36
89.92
90.5
91.06
91.63
92.17
92.73
93.37
94.01
94.68
95.34
96.0
96.66
97.32
97.95
98.59
99.23
99.87
100.53
101.15
101.79
102.43
103.04
103.66
104.31
104.96
105.59
106.21
106.84
107.46
108.09
108.7
109.32
109.96
110.57
111.2
111.84
112.46
113.08
113.68
114.31
114.91
115.51
116.15
116.78
117.43
118.03
118.67
119.25
119.84
120.43
121.0
121.59
122.17
122.74
123.32
123.92
124.49
125.06
125.64
126.23
126.82
127.45
128.04
128.63
129.22
129.82
130.42
130.99
131.56
132.12
132.7
133.27
133.85
134.41
134.99
135.57
136.12
136.68
137.22
137.79
138.35
138.92
139.5
140.11
140.7
141.32
141.93
142.53
143.15
143.77
144.38
144.99
145.6
146.2
146.82
147.47
148.09
148.68
149.3
149.92
150.55
151.16
151.76
152.4
153.0
153.6
154.19
154.78
155.37
155.98
156.57
157.19
157.81
158.41
159.05
159.67
160.26
160.86
161.52
162.17
162.82
163.49
164.11
164.71
165.33
165.94
166.53
167.14
167.77
168.35
168.94
169.53
170.12
170.71
171.3
171.91
172.48
173.08
173.67
174.25
174.85
175.4
175.97
176.52
177.1
177.66
178.21
178.76
179.34
179.89
180.45
181.0
181.58
182.13
182.67
183.24
183.82
184.42
185.05
185.79
186.49
187.12
187.82
188.48
189.18
189.88
190.7
191.5
192.2
192.83
193.47
194.12
194.76
195.38
196.02
196.64
197.23
197.86
198.52
199.21
199.84
200.49
201.13
201.78
202.43
203.09
203.73
204.39
205.03
205.67
206.31
206.99
207.65
208.39
209.1
209.85
210.47
211.05
211.61
212.2
212.82
213.38
213.97
214.59
215.17
215.73
216.32
216.89
217.45
218.02
218.57
219.14
219.7
220.27
220.81
221.37
221.93
222.49
223.05
223.63
224.17
224.73
225.27
225.83
226.38
226.94
227.47
228.03
228.55
229.11
229.62
230.19
230.78
231.38
231.97
232.54
233.12
233.72
234.35
235.02
235.64
236.25
236.87
237.5
238.1
238.74
239.37
240.01
240.61
241.27
241.87
242.53
243.16
243.78
244.39
245.02
245.67
246.29
246.95
247.6
248.26
248.91
249.58
250.29
251.02
251.73
252.42
253.15
253.88
254.59
255.33
256.05
256.76
257.45
258.11
258.82
259.46
