0.61
1.64
2.57
3.42
4.33
5.16
5.99
6.8
7.62
8.46
9.26
10.13
10.99
11.82
12.69
13.41
14.17
14.88
15.66
16.37
17.1
17.87
18.67
19.49
20.24
21.07
21.8
22.53
23.3
24.14
24.99
25.81
26.67
27.46
28.28
29.12
29.81
30.48
31.2
31.89
32.63
33.32
34.0
34.72
35.43
36.2
36.91
37.66
38.43
39.22
39.98
40.69
41.42
42.13
42.87
43.66
44.45
45.2
45.97
46.73
47.5
48.36
49.19
50.02
50.81
51.63
52.4
53.23
54.01
54.77
55.58
56.32
57.03
57.77
58.51
59.31
60.04
60.8
61.58
62.36
63.17
63.98
64.92
65.91
66.98
67.87
68.74
69.62
70.48
71.36
72.16
73.02
73.91
74.75
75.64
76.43
77.28
78.1
78.8
79.55
80.28
81.02
81.81
82.57
83.3
84.07
84.87
85.62
86.4
87.26
88.13
89.0
89.79
90.63
91.51
92.32
93.13
93.98
94.81
95.7
96.5
97.35
98.22
99.03
99.86
100.76
101.67
102.67
103.66
104.68
105.73
106.75
107.8
108.82
109.8
110.84
111.91
112.89
113.93
114.99
115.92
116.87
117.77
118.72
119.64
120.62
121.57
122.6
123.54
124.54
125.48
126.49
127.49
128.39
129.26
130.17
131.27
132.38
133.5
134.53
135.67
136.75
137.79
138.88
140.01
141.06
142.21
143.15
144.16
145.15
146.19
147.08
147.98
148.93
149.8
150.7
151.67
152.53
153.45
154.29
155.21
156.14
157.11
158.03
159.02
159.95
160.9
161.83
162.84
163.77
164.71
165.72
166.65
167.64
168.6
169.54
170.48
