0.96
3.55
6.13
8.79
11.48
14.64
17.82
20.39
22.61
24.48
26.32
28.23
30.08
31.78
33.52
35.3
37.29
39.27
41.26
43.15
45.09
47.05
48.94
50.91
52.89
54.74
56.64
58.45
60.31
62.15
64.02
65.99
67.87
69.67
71.46
73.39
75.24
77.18
79.05
80.79
82.54
84.42
86.42
88.44
90.4
92.32
94.32
96.33
98.2
99.9
101.87
103.86
105.84
107.75
109.63
111.56
113.43
115.3
117.22
119.11
121.05
122.89
124.74
126.57
128.41
130.33
132.24
134.03
135.84
137.78
139.64
141.57
143.4
145.12
146.88
148.71
150.59
152.53
154.45
156.35
158.14
159.96
161.78
163.58
165.38
167.18
169.06
170.9
172.75
174.55
176.28
178.0
179.71
181.6
183.53
185.4
187.3
189.21
191.06
192.95
194.81
196.64
198.43
200.25
202.07
204.14
206.03
208.15
210.09
212.13
214.1
216.21
218.22
220.24
222.22
224.21
226.1
228.0
229.94
231.84
233.74
235.53
237.35
239.2
241.06
243.01
245.11
247.29
249.46
251.56
253.32
254.98
256.7
258.43
260.21
262.0
263.83
265.9
267.89
269.9
271.94
273.74
275.5
