0.33
0.97
1.64
2.25
2.9
3.53
4.2
4.85
5.5
6.14
6.79
7.49
8.15
8.8
9.44
10.1
10.77
11.48
12.12
12.76
13.37
14.04
14.65
15.29
15.93
16.6
17.21
17.85
18.5
19.15
19.8
20.41
20.99
21.54
22.06
22.62
23.12
23.58
24.03
24.49
24.96
25.42
25.87
26.33
26.82
27.28
27.74
28.23
28.7
29.19
29.66
30.16
30.67
31.19
31.67
32.18
32.65
33.11
33.53
33.95
34.38
34.82
35.31
35.8
36.3
36.81
37.29
37.81
38.3
38.8
39.28
39.78
40.3
40.79
41.27
41.74
42.21
42.7
43.16
43.64
44.09
44.58
45.1
45.59
46.05
46.54
47.06
47.54
48.0
48.46
48.95
49.45
49.92
50.4
50.92
51.42
51.9
52.38
52.9
53.38
53.83
54.28
54.75
55.21
55.66
56.13
56.65
57.13
57.56
58.01
58.46
58.93
59.38
59.84
60.32
60.78
61.24
61.7
62.16
62.63
63.09
63.54
64.02
64.54
65.0
65.49
65.99
66.5
66.97
67.43
67.88
68.31
68.76
69.21
69.68
70.13
70.56
71.01
71.47
71.91
72.38
72.89
73.4
73.88
74.38
74.82
75.25
75.68
76.15
76.65
77.18
77.67
78.19
78.64
79.06
79.49
79.91
80.36
80.8
81.24
81.66
82.12
82.54
83.02
83.5
83.96
84.42
84.91
85.41
85.91
86.46
86.98
87.49
87.96
88.45
88.97
89.45
89.93
90.41
90.88
91.36
91.83
92.33
92.86
93.36
93.85
94.36
94.86
95.33
95.83
96.34
96.85
97.34
97.85
98.39
98.88
99.4
99.91
100.39
100.92
101.39
101.87
102.39
102.89
103.38
103.87
104.36
104.88
105.36
105.84
106.34
106.82
107.29
107.75
108.21
108.68
109.15
109.64
110.14
110.61
111.09
111.57
112.04
112.5
112.96
113.43
113.91
114.38
114.84
115.32
115.82
116.3
116.77
117.24
117.73
118.2
118.65
119.12
119.61
120.1
120.57
121.05
121.53
121.99
122.43
122.89
123.35
123.81
124.28
124.75
125.2
125.67
126.13
126.58
127.03
127.51
127.95
128.41
128.87
129.37
129.83
130.32
130.83
131.32
131.8
132.25
132.69
133.13
133.58
134.04
134.5
134.95
135.39
135.85
136.28
136.75
137.27
137.78
138.28
138.77
139.24
139.71
140.18
140.63
141.1
141.57
142.06
142.53
142.97
143.4
143.82
144.25
144.69
145.13
145.56
146.0
146.46
146.89
147.32
147.8
148.25
148.71
149.17
149.64
150.13
150.6
151.1
151.57
152.06
152.54
153.01
153.48
153.98
154.46
154.92
155.4
155.88
156.36
156.82
157.29
157.73
158.15
158.6
159.03
159.51
159.96
160.41
160.87
161.34
161.78
162.22
162.68
163.14
163.59
164.02
164.48
164.94
165.39
165.82
166.27
166.74
167.19
167.66
168.13
168.59
169.07
169.54
170.0
170.44
170.9
171.37
171.84
172.29
172.76
173.22
173.66
174.11
174.56
175.0
175.44
175.86
176.29
176.73
177.16
177.59
178.01
178.42
178.84
179.26
179.72
180.15
180.6
181.1
181.61
182.09
182.59
183.05
183.54
184.02
184.47
184.94
185.41
185.89
186.36
186.84
187.31
187.81
188.29
188.75
189.21
189.69
190.17
190.64
191.14
191.62
192.08
192.56
193.04
193.52
194.02
194.47
194.91
195.33
195.78
196.23
196.65
197.09
197.56
198.01
198.44
198.89
199.34
199.79
200.26
200.71
201.14
201.59
202.08
202.6
203.12
203.63
204.14
204.61
205.1
205.57
206.05
206.57
207.11
207.62
208.16
208.65
209.13
209.61
210.09
210.61
211.14
211.64
212.14
212.65
213.15
213.63
214.1
214.62
215.13
215.66
216.21
216.72
217.25
217.74
218.23
218.74
219.25
219.76
220.24
220.71
221.2
221.7
222.22
222.71
223.19
223.69
224.21
224.7
225.16
225.64
226.11
226.56
227.03
227.51
228.01
228.5
228.97
229.46
229.94
230.42
230.91
231.38
231.85
232.34
232.8
233.29
233.75
234.21
234.64
235.09
235.54
235.99
236.45
236.9
237.35
237.81
238.27
238.73
239.2
239.68
240.13
240.59
241.07
241.56
242.06
242.52
243.02
243.52
244.07
244.56
245.12
245.67
246.24
246.79
247.31
247.86
248.41
248.97
249.46
250.0
250.5
251.04
251.56
252.0
252.44
252.87
253.32
253.73
254.15
254.59
254.99
255.42
255.84
256.27
256.71
257.13
257.55
257.98
258.43
258.87
259.33
259.78
260.21
260.66
261.11
261.56
262.0
262.45
262.9
263.34
263.84
264.34
264.87
265.41
265.9
266.4
266.92
267.41
267.89
268.41
268.89
269.42
269.92
270.46
270.99
271.5
271.95
272.41
272.87
273.31
273.75
274.2
274.64
275.08
275.51
276.0
276.5
277.11
277.67
278.27
278.86
