4.24
7.6
11.51
15.7
19.68
23.47
27.16
30.95
34.97
39.11
42.4
44.4
46.23
48.06
49.83
51.61
53.45
55.39
57.29
59.04
61.4
64.05
66.72
69.24
71.6
73.91
76.26
78.54
80.8
82.84
84.73
86.7
88.59
90.48
92.35
94.19
96.09
98.19
100.26
102.34
104.35
106.34
108.1
109.87
111.69
113.54
115.35
117.14
118.96
120.72
122.4
124.17
126.1
127.95
129.59
130.9
132.25
133.65
134.99
136.49
138.15
139.85
141.59
143.35
145.17
146.96
148.75
150.66
152.63
154.56
156.29
158.01
159.76
161.56
163.45
165.24
166.96
168.69
170.4
172.2
173.94
175.63
177.31
179.03
180.68
182.18
183.7
185.79
187.8
189.72
191.7
193.54
195.35
197.16
199.08
201.04
203.0
205.25
207.25
209.38
211.45
213.62
215.71
217.65
219.73
221.82
223.66
225.36
227.17
228.97
230.78
232.58
234.39
236.32
238.3
240.12
241.96
243.8
245.7
247.58
249.47
251.44
253.85
256.14
258.25
260.16
262.09
264.01
265.96
267.91
269.76
271.57
273.45
275.31
277.03
278.73
