0.26
1.02
1.78
2.55
3.43
4.25
5.04
5.87
6.72
7.6
8.51
9.47
10.42
11.24
11.98
12.61
13.28
13.9
14.53
15.19
15.71
16.22
16.74
17.25
17.77
18.28
18.74
19.22
19.7
20.2
20.68
21.14
21.61
22.07
22.54
23.01
23.48
23.96
24.45
24.94
25.39
25.82
26.27
26.74
27.17
27.63
28.08
28.56
29.03
29.5
29.95
30.44
30.95
31.46
31.99
32.5
33.0
33.51
34.0
34.49
34.99
35.5
36.03
36.55
37.05
37.55
38.05
38.6
39.11
39.61
40.05
40.51
40.98
41.43
41.89
42.4
42.92
43.4
43.92
44.4
44.85
45.31
45.77
46.23
46.71
47.15
47.61
48.06
48.52
48.96
49.42
49.84
50.29
50.72
51.18
51.62
52.09
52.54
53.01
53.45
53.94
54.44
54.9
55.4
55.91
56.42
56.85
57.29
57.72
58.17
58.6
59.06
59.55
60.02
60.49
60.94
61.4
61.86
62.33
62.77
63.25
63.74
64.22
64.72
65.21
65.74
66.21
66.72
67.22
67.7
68.18
68.7
69.24
69.84
70.43
71.06
71.61
72.19
72.79
73.33
73.91
74.5
75.1
75.67
76.26
76.88
77.44
78.0
78.54
79.09
79.66
80.2
80.7
81.24
81.78
82.29
82.84
83.31
83.76
84.23
84.74
85.22
85.72
86.21
86.7
87.17
87.66
88.11
88.59
89.05
89.53
90.02
90.53
91.01
91.46
91.89
92.35
92.81
93.24
93.7
94.19
94.7
95.18
95.64
96.1
96.57
97.1
97.63
98.19
98.73
99.26
99.78
100.27
100.78
101.28
101.82
102.34
102.84
103.34
103.86
104.36
104.89
105.39
105.9
106.35
106.81
107.28
107.74
108.19
108.62
109.03
109.46
109.89
110.35
110.81
111.25
111.69
112.15
112.61
113.09
113.54
113.99
114.44
114.9
115.35
115.81
116.25
116.7
117.14
117.6
118.05
118.52
118.96
119.43
119.86
120.33
120.73
121.14
121.54
121.96
122.4
122.84
123.29
123.74
124.17
124.63
125.06
125.51
126.0
126.52
127.01
127.49
127.96
128.45
128.94
129.44
129.93
130.43
130.9
131.42
131.9
132.36
132.84
133.32
133.83
134.33
134.82
135.36
135.91
136.5
137.09
137.71
138.27
138.88
139.43
139.97
140.55
141.1
141.54
142.0
142.48
142.92
143.36
143.81
144.26
144.72
145.18
145.63
146.06
146.52
146.96
147.41
147.88
148.31
148.76
149.21
149.71
150.19
150.67
151.13
151.62
152.11
152.63
153.12
153.61
154.08
154.56
155.05
155.48
155.87
156.29
156.69
157.12
157.56
158.01
158.45
158.88
159.33
159.77
160.21
160.68
161.12
161.58
162.07
162.53
163.01
163.46
163.92
164.35
164.79
165.24
165.68
166.11
166.54
166.96
167.39
167.82
168.26
168.7
169.13
169.55
169.97
170.41
170.84
171.29
171.74
172.21
172.66
173.1
173.52
173.95
174.37
174.79
175.22
175.63
176.06
176.48
176.89
177.32
177.75
178.17
178.58
179.03
179.48
179.97
180.43
180.91
181.36
181.85
182.32
182.77
183.26
183.71
184.25
184.77
185.28
185.79
186.29
186.83
187.33
187.81
188.29
188.77
189.25
189.73
190.21
190.7
191.19
191.7
192.19
192.65
193.08
193.55
194.0
194.43
194.88
195.35
195.8
196.24
196.69
197.18
197.66
198.12
198.6
199.09
199.6
200.1
200.57
201.04
201.53
202.0
202.5
202.95
203.38
203.83
204.28
204.76
205.26
205.74
206.23
206.72
207.25
207.8
208.36
208.87
209.38
209.89
210.4
210.89
211.45
212.03
212.59
213.13
213.63
214.17
214.67
215.2
215.71
216.17
216.65
217.14
217.65
218.2
218.72
219.24
219.73
220.25
220.77
221.31
221.83
222.28
222.75
223.24
223.69
224.16
224.66
225.17
225.7
226.24
226.74
227.18
227.62
228.09
228.52
228.97
229.43
229.88
230.33
230.79
231.25
231.71
232.15
232.59
233.04
233.47
233.93
234.39
234.88
235.39
235.85
236.35
236.87
237.38
237.87
238.31
238.76
239.2
239.65
240.13
240.59
241.05
241.49
241.97
242.43
242.87
243.33
243.81
244.27
244.74
245.22
245.7
246.19
246.64
247.13
247.6
248.05
248.52
248.99
249.48
249.95
250.41
250.92
251.45
251.93
252.44
252.95
253.47
253.97
254.5
255.01
255.54
256.09
256.62
257.14
257.67
258.17
258.72
259.18
259.69
260.16
260.64
261.14
261.6
262.1
262.57
263.04
263.54
264.02
264.5
264.96
265.46
265.97
266.48
266.96
267.47
267.92
268.38
268.84
269.3
269.76
270.22
270.67
271.12
271.57
272.05
272.53
273.0
273.45
273.92
274.4
274.88
275.31
275.76
276.18
276.62
277.04
277.48
277.92
278.33
278.76
279.2
279.62
