1.93
3.92
5.91
7.84
9.7
11.56
13.55
15.49
17.37
19.24
21.05
22.98
24.93
26.81
28.69
30.63
32.5
34.42
36.27
38.1
39.95
41.84
43.72
45.62
47.5
49.39
51.24
53.15
55.06
56.98
58.85
60.72
62.61
64.49
66.38
68.25
70.11
72.04
74.19
76.1
78.05
79.97
81.86
83.8
85.73
87.65
89.57
91.49
93.38
95.26
97.16
99.12
101.09
102.99
104.97
106.92
108.82
110.69
112.59
114.47
116.33
118.25
120.12
122.05
123.93
125.82
127.79
129.66
131.57
133.53
135.63
137.51
139.34
141.16
143.0
144.85
146.69
148.53
150.39
152.25
154.08
155.92
157.76
159.62
161.57
163.41
165.25
167.1
168.89
170.71
172.53
174.32
176.17
177.98
179.76
181.58
183.44
185.25
187.11
189.03
190.92
192.82
194.67
196.5
198.35
200.3
202.17
204.12
206.02
207.88
209.75
211.63
213.62
215.49
217.36
219.23
221.1
222.97
224.89
226.77
228.64
230.52
232.39
234.32
236.21
238.13
240.02
241.93
243.79
245.69
247.55
249.4
251.25
253.14
255.02
256.91
258.82
261.06
