0.0
0.49
0.97
1.44
1.94
2.45
2.94
3.42
3.92
4.43
4.9
5.4
5.92
6.42
6.89
7.37
7.85
8.33
8.79
9.23
9.7
10.16
10.61
11.09
11.57
12.05
12.56
13.06
13.56
14.08
14.57
15.04
15.5
15.98
16.45
16.9
17.37
17.86
18.33
18.79
19.25
19.72
20.19
20.64
21.12
21.56
22.03
22.51
22.99
23.47
23.98
24.44
24.93
25.39
25.88
26.34
26.82
27.27
27.75
28.22
28.7
29.19
29.67
30.15
30.64
31.11
31.58
32.03
32.51
32.97
33.44
33.92
34.43
34.91
35.37
35.82
36.28
36.75
37.2
37.66
38.12
38.58
39.05
39.51
39.96
40.43
40.9
41.37
41.84
42.32
42.8
43.27
43.73
44.19
44.66
45.14
45.63
46.09
46.58
47.04
47.51
47.98
48.47
48.94
49.4
49.88
50.33
50.8
51.27
51.74
52.22
52.69
53.16
53.63
54.11
54.59
55.07
55.55
56.02
56.51
56.99
57.44
57.91
58.38
58.85
59.33
59.8
60.26
60.73
61.2
61.67
62.14
62.62
63.1
63.57
64.02
64.5
64.96
65.44
65.91
66.39
66.84
67.3
67.79
68.26
68.72
69.19
69.66
70.12
70.6
71.09
71.57
72.05
72.57
73.11
73.67
74.2
74.67
75.13
75.61
76.11
76.62
77.11
77.57
78.06
78.54
79.02
79.49
79.97
80.45
80.92
81.38
81.86
82.36
82.84
83.32
83.81
84.29
84.76
85.25
85.75
86.23
86.7
87.18
87.66
88.14
88.63
89.12
89.58
90.06
90.56
91.03
91.5
91.98
92.46
92.93
93.39
93.85
94.33
94.79
95.27
95.75
96.21
96.68
97.17
97.64
98.12
98.61
99.13
99.63
100.12
100.59
101.11
101.59
102.06
102.52
103.0
103.49
103.97
104.46
104.98
105.45
105.94
106.42
106.93
107.41
107.88
108.35
108.83
109.29
109.75
110.22
110.7
111.18
111.64
112.12
112.61
113.07
113.55
114.02
114.48
114.95
115.41
115.87
116.33
116.81
117.3
117.78
118.26
118.71
119.19
119.66
120.13
120.59
121.06
121.55
122.06
122.53
123.0
123.48
123.94
124.4
124.87
125.35
125.83
126.29
126.79
127.27
127.8
128.28
128.75
129.2
129.67
130.15
130.63
131.09
131.58
132.08
132.58
133.05
133.54
134.09
134.65
135.18
135.65
136.12
136.58
137.06
137.52
137.97
138.43
138.89
139.35
139.81
140.27
140.72
141.16
141.63
142.1
142.55
143.0
143.46
143.94
144.4
144.86
145.31
145.78
146.24
146.7
147.17
147.63
148.09
148.53
149.0
149.47
149.93
150.4
150.89
151.34
151.8
152.26
152.71
153.18
153.63
154.09
154.55
155.02
155.48
155.93
156.39
156.86
157.31
157.77
158.24
158.69
159.16
159.63
160.1
160.59
161.11
161.58
162.03
162.5
162.96
163.41
163.87
164.34
164.79
165.25
165.72
166.18
166.64
167.11
167.56
168.02
168.47
168.89
169.33
169.79
170.25
170.72
171.17
171.63
172.09
172.54
172.98
173.45
173.88
174.33
174.78
175.25
175.71
176.18
176.63
177.08
177.53
177.98
178.42
178.88
179.32
179.77
180.22
180.69
181.13
181.59
182.05
182.53
182.99
183.45
183.9
184.36
184.8
185.26
185.71
186.19
186.66
187.12
187.59
188.09
188.56
189.03
189.51
189.97
190.44
190.93
191.4
191.9
192.36
192.83
193.28
193.75
194.21
194.67
195.12
195.58
196.04
196.5
196.97
197.43
197.9
198.36
198.85
199.37
199.84
200.31
200.77
201.25
201.72
202.18
202.65
203.13
203.62
204.13
204.63
205.1
205.55
206.02
206.47
206.93
207.4
207.9
208.38
208.84
209.29
209.76
210.21
210.68
211.16
211.65
212.14
212.64
213.15
213.63
214.1
214.57
215.04
215.5
215.97
216.44
216.89
217.37
217.83
218.31
218.77
219.24
219.7
220.18
220.64
221.1
221.57
222.06
222.52
222.98
223.45
223.93
224.41
224.9
225.37
225.85
226.33
226.78
227.23
227.7
228.17
228.65
229.13
229.6
230.06
230.53
230.99
231.47
231.93
232.4
232.89
233.4
233.87
234.33
234.81
235.29
235.75
236.22
236.7
237.18
237.67
238.14
238.61
239.09
239.55
240.03
240.5
240.98
241.47
241.93
242.39
242.87
243.34
243.8
244.27
244.74
245.22
245.69
246.14
246.6
247.07
247.55
248.0
248.48
248.95
249.41
249.88
250.33
250.79
251.26
251.73
252.2
252.67
253.15
253.62
254.09
254.55
255.03
255.48
255.95
256.45
256.92
257.41
257.89
258.37
258.83
259.32
259.88
260.47
261.07
261.71
262.33
262.92
263.56
264.2
264.84
265.51
266.12
266.77
267.4
268.04
268.68
269.32
269.96
