1.6
4.65
7.48
10.39
13.3
16.06
18.94
21.87
24.77
27.65
30.47
33.35
36.17
39.08
42.06
44.93
47.8
50.72
53.6
56.52
59.46
62.34
65.2
68.11
70.99
73.84
76.76
79.67
82.61
85.5
88.31
91.09
93.92
96.73
98.24
99.64
101.06
102.46
103.86
105.29
106.68
108.08
109.49
110.89
112.34
113.78
115.17
116.56
117.97
119.38
120.81
122.21
123.59
124.99
126.41
127.81
129.23
130.7
132.15
133.58
134.98
136.39
137.81
139.18
140.57
141.96
143.37
144.78
146.16
147.57
148.95
150.34
151.72
153.1
154.51
155.93
157.32
158.74
160.2
161.63
163.04
164.42
165.82
167.23
168.64
170.01
171.41
172.86
174.29
175.73
177.12
178.53
179.96
181.37
182.8
184.19
185.58
187.02
188.41
189.81
191.24
192.65
194.09
195.65
197.62
