0.16
0.88
1.61
2.39
3.14
3.9
4.66
5.4
6.11
6.8
7.49
8.21
8.95
9.67
10.4
11.14
11.85
12.6
13.31
14.06
14.78
15.45
16.08
16.75
17.49
18.23
18.95
19.68
20.42
21.16
21.88
22.61
23.34
24.06
24.78
25.52
26.24
26.95
27.66
28.36
29.07
29.76
30.48
31.21
31.92
32.65
33.36
34.01
34.74
35.45
36.17
36.92
37.66
38.35
39.08
39.84
40.59
41.34
42.07
42.81
43.52
44.2
44.93
45.68
46.4
47.1
47.81
48.57
49.28
49.99
50.72
51.45
52.19
52.88
53.61
54.33
55.05
55.79
56.52
57.26
57.99
58.75
59.47
60.19
60.9
61.63
62.35
63.07
63.77
64.49
65.2
65.93
66.66
67.38
68.12
68.84
69.58
70.3
71.0
71.71
72.41
73.14
73.85
74.58
75.3
76.06
76.76
77.5
78.22
78.96
79.68
80.4
81.15
81.92
82.62
83.33
84.05
84.78
85.51
86.22
86.91
87.62
88.32
89.02
89.73
90.42
91.09
91.8
92.51
93.23
93.93
94.64
95.37
96.06
96.77
97.52
98.25
98.95
99.64
100.36
101.06
101.76
102.47
103.18
103.86
104.58
105.29
105.99
106.69
107.39
108.09
108.79
109.5
110.21
110.9
111.63
112.35
113.08
113.79
114.46
115.18
115.88
116.57
117.28
117.98
118.68
119.39
120.11
120.81
121.52
122.22
122.91
123.58
124.3
124.99
125.71
126.42
127.11
127.81
128.51
129.23
129.96
130.71
131.44
132.16
132.88
133.59
134.28
134.98
135.7
136.39
137.11
137.82
138.51
139.19
139.89
140.58
141.28
141.96
142.66
143.38
144.07
144.78
145.48
146.17
146.88
147.58
148.26
148.95
149.65
150.34
151.03
151.72
152.43
153.1
153.81
154.52
155.26
155.94
156.64
157.33
158.03
158.75
159.48
160.21
160.92
161.63
162.34
163.05
163.75
164.43
165.14
165.82
166.53
167.24
167.94
168.65
169.31
170.02
170.72
171.42
172.15
172.87
173.58
174.3
175.03
175.74
176.45
177.13
177.84
178.54
179.25
179.97
180.66
181.38
182.08
182.81
183.5
184.2
184.89
185.6
186.32
187.03
187.73
188.42
189.12
189.82
190.53
191.24
191.95
192.66
193.38
194.1
194.87
195.66
196.56
197.43
198.33
199.17
200.13
201.18
