0.19
0.78
1.41
2.02
2.61
3.29
3.92
4.59
5.2
5.82
6.37
6.95
7.55
8.13
8.7
9.31
9.89
10.5
11.09
11.68
12.26
12.84
13.38
13.95
14.53
15.13
15.73
16.32
16.91
17.51
18.12
18.7
19.28
19.88
20.43
21.02
21.61
22.19
22.75
23.34
23.9
24.48
25.05
25.62
26.19
26.77
27.33
27.89
28.47
29.05
29.61
30.21
30.78
31.33
31.9
32.5
33.08
33.65
34.24
34.79
35.36
35.95
36.52
37.1
37.66
38.24
38.8
39.38
39.93
40.51
41.06
41.66
42.24
42.8
43.37
43.95
44.55
45.17
45.84
46.44
47.09
47.68
48.3
48.85
49.46
50.03
50.6
51.17
51.77
52.33
52.91
53.49
54.06
54.66
55.21
55.8
56.39
56.97
57.55
58.11
58.7
59.27
59.85
60.41
61.0
61.57
62.16
62.75
63.33
63.9
64.47
65.04
65.61
66.18
66.74
67.3
67.88
68.43
69.01
69.58
70.15
70.72
71.28
71.86
72.43
73.0
73.56
74.12
74.67
75.23
75.78
76.37
76.95
77.56
78.21
78.82
79.39
79.98
80.58
81.17
81.74
82.3
82.84
83.4
83.97
84.51
85.07
85.64
86.2
86.76
87.32
87.87
88.42
88.99
89.55
90.1
90.66
91.23
91.79
92.35
92.9
93.45
94.01
94.57
95.12
95.68
96.23
96.78
97.35
97.91
98.49
99.05
99.6
100.16
100.72
101.28
101.83
102.38
102.93
103.47
104.03
104.57
105.12
105.67
106.21
106.76
107.3
107.85
108.38
108.94
109.48
110.02
110.57
111.09
111.64
112.18
112.7
113.24
113.79
114.35
114.89
115.44
116.0
116.54
117.1
117.64
118.18
118.73
119.29
119.85
120.39
120.95
121.51
122.06
122.6
123.14
123.69
124.23
124.77
125.32
125.86
126.4
126.94
127.5
128.07
128.63
129.17
129.73
130.28
130.85
131.4
131.94
132.47
133.04
133.59
134.13
134.67
135.23
135.8
136.34
136.87
137.42
137.99
138.54
139.08
139.64
140.19
140.76
141.31
141.87
142.42
142.99
143.55
144.12
144.68
145.25
145.81
146.36
146.93
147.47
148.02
148.58
149.13
149.7
150.25
150.8
151.36
151.92
152.47
153.02
153.58
154.17
154.76
155.36
155.98
156.63
157.26
157.86
158.49
159.13
159.77
160.38
161.01
161.64
162.27
162.93
