0.5
1.01
1.54
2.09
2.6
3.07
3.54
4.04
4.49
4.95
5.41
5.89
6.35
6.81
7.28
7.74
8.21
8.68
9.17
9.66
10.14
10.62
11.1
11.58
12.06
12.55
13.04
13.53
14.0
14.49
14.97
15.44
15.9
16.38
16.85
17.33
17.79
18.26
18.73
19.18
19.64
20.1
20.56
21.0
21.44
21.89
22.36
22.84
23.31
23.79
24.25
24.74
25.23
25.7
26.15
26.6
27.04
27.51
27.94
28.42
28.92
29.39
29.85
30.33
30.81
31.26
31.75
32.24
32.71
33.18
33.66
34.15
34.62
35.1
35.56
36.02
36.49
36.98
37.44
37.9
38.37
38.84
39.31
39.81
40.32
40.8
41.26
41.74
42.22
42.71
43.18
43.62
44.08
44.54
45.0
45.48
45.95
46.43
46.88
47.34
47.81
48.28
48.73
49.19
49.64
50.12
50.59
51.07
51.54
52.0
52.47
52.94
53.42
53.87
54.34
54.82
55.3
55.77
56.24
56.74
57.22
57.73
58.21
58.7
59.18
59.65
60.15
60.63
61.11
61.58
62.06
62.53
63.02
63.48
63.95
64.43
64.89
65.37
65.84
66.31
66.79
67.26
67.73
68.22
68.67
69.15
69.61
70.09
70.55
71.03
71.52
72.0
72.51
73.03
73.55
74.04
74.53
74.99
75.47
75.95
76.47
76.96
77.43
77.93
78.41
78.88
79.35
79.84
80.3
80.77
81.24
81.74
82.22
82.7
83.16
83.62
84.08
84.53
85.0
85.48
85.96
86.43
86.91
87.4
87.88
88.38
88.86
89.32
89.78
90.27
90.74
91.2
91.66
92.14
92.62
93.1
93.56
94.04
94.5
94.99
95.46
95.92
96.36
96.83
97.29
97.77
98.22
98.71
99.17
99.63
100.1
100.59
101.05
101.52
101.98
102.45
102.92
103.4
103.86
104.37
104.86
105.36
105.83
106.33
106.81
107.27
107.75
108.24
108.72
109.2
109.68
110.2
110.68
111.12
111.58
112.06
112.53
113.01
113.46
113.94
114.41
114.88
115.34
115.8
116.26
116.74
117.2
117.66
118.1
118.56
119.02
119.5
119.95
120.41
120.88
121.34
121.82
122.32
122.78
123.24
123.7
124.17
124.62
125.09
125.56
126.04
126.49
126.98
127.44
127.9
128.35
128.82
129.27
129.73
130.18
130.64
131.12
131.57
132.02
132.48
132.94
133.42
133.88
134.33
134.77
135.22
135.66
136.12
136.56
137.01
137.46
137.91
138.35
138.79
139.22
139.65
140.09
140.54
140.98
141.42
141.85
142.3
142.74
143.19
143.63
144.07
144.51
144.95
145.39
145.85
146.29
146.72
147.18
147.61
148.06
148.51
148.95
149.4
149.85
150.31
150.75
151.18
151.62
152.06
152.51
152.96
153.4
153.84
154.29
154.74
155.21
155.65
156.1
156.55
156.99
157.45
157.89
158.34
158.78
159.23
159.67
160.1
160.54
160.98
161.41
161.85
162.27
162.71
163.16
163.6
164.05
164.51
164.94
165.4
165.82
166.26
166.7
167.17
167.62
168.05
168.5
168.94
169.39
169.84
170.26
170.71
171.14
171.58
172.02
172.48
172.92
173.35
173.79
174.23
174.66
175.1
175.53
175.98
176.4
176.85
177.29
177.74
178.17
178.61
179.05
179.51
179.96
180.39
180.82
181.25
181.67
182.11
182.55
183.0
183.44
183.91
184.35
184.81
185.27
185.75
186.19
186.61
187.05
187.49
187.98
188.5
188.96
189.42
189.86
190.31
190.78
191.22
191.66
192.11
192.55
193.0
193.45
193.9
194.36
194.82
195.27
195.73
196.17
196.61
197.06
197.5
197.93
198.37
198.8
199.28
199.73
200.2
200.64
201.07
201.51
201.96
202.39
202.81
203.27
203.7
204.14
204.57
205.01
205.46
205.9
206.35
206.79
207.24
207.67
208.11
208.57
209.0
209.44
209.89
210.33
210.76
211.19
211.63
212.07
212.49
212.92
213.38
213.81
214.25
214.68
215.13
215.55
215.99
216.41
216.85
217.28
217.72
218.17
218.64
219.09
219.57
220.0
220.46
220.89
221.34
221.76
222.2
222.64
223.09
223.53
223.94
224.38
224.82
225.26
225.72
226.16
226.59
227.02
227.46
227.91
228.35
228.8
229.24
229.66
230.11
230.54
230.99
231.42
231.85
232.27
232.72
233.15
233.59
234.03
234.5
234.94
235.4
235.81
236.24
236.67
237.11
237.53
237.99
238.42
238.89
239.33
239.77
240.2
240.63
241.11
241.61
242.08
242.56
243.01
243.48
243.92
244.36
244.81
245.27
245.71
246.18
246.61
247.04
247.48
247.92
248.37
248.84
249.29
249.73
250.17
250.65
251.15
251.65
252.14
252.59
253.01
253.47
253.91
254.35
254.77
255.21
255.65
256.12
256.57
257.01
257.47
257.94
258.41
258.87
259.33
259.79
260.23
