2.09
4.04
5.88
7.74
9.66
11.57
13.53
15.44
17.32
19.17
21.0
22.84
24.73
26.59
28.42
30.33
32.23
34.13
36.02
37.89
39.81
41.73
43.62
45.47
47.34
49.19
51.06
52.93
54.82
56.74
58.69
60.64
62.52
64.43
66.3
68.21
70.08
71.99
74.04
75.95
77.92
79.83
81.73
83.61
85.47
87.39
89.31
91.2
93.09
94.99
96.82
98.7
100.57
102.44
104.36
106.32
108.24
110.19
112.04
113.93
115.79
117.66
119.48
121.34
123.23
125.08
126.97
128.81
130.63
132.47
134.32
136.11
137.9
139.64
141.41
143.18
144.94
146.71
148.5
150.3
152.06
153.84
155.64
157.44
159.22
160.97
162.7
164.5
166.25
168.04
169.83
171.57
173.35
175.09
176.84
178.6
180.38
182.1
183.89
185.73
187.49
189.41
191.21
192.99
194.8
196.6
198.36
200.19
201.95
203.7
205.45
207.23
208.99
210.75
212.48
214.24
215.97
217.72
219.57
221.33
223.09
224.8
226.58
228.33
230.09
231.84
233.58
235.39
237.1
238.88
240.63
242.56
244.36
246.17
247.92
249.72
251.64
253.91
