0.17
0.86
1.59
2.3
3.01
3.73
4.48
5.21
5.87
6.55
7.18
7.8
8.5
9.17
9.87
10.57
11.24
11.95
12.64
13.36
14.01
14.64
15.23
15.84
16.54
17.23
17.94
18.63
19.32
19.97
20.61
21.27
21.95
22.6
23.24
23.93
24.57
25.28
25.89
26.58
27.21
27.85
28.53
29.24
29.87
30.54
31.14
31.74
32.42
33.08
33.75
34.44
35.08
35.7
36.38
37.05
37.74
38.43
39.12
39.73
40.38
41.01
41.71
42.39
43.04
43.71
44.38
45.04
45.66
46.31
47.01
47.72
48.36
49.03
49.69
50.32
50.98
51.63
52.3
53.01
53.66
54.33
55.0
55.66
56.31
56.97
57.59
58.25
58.89
59.58
60.26
60.9
61.55
62.24
62.94
63.64
64.31
65.02
65.7
66.36
67.0
67.63
68.31
69.0
69.64
70.33
71.0
71.68
72.34
73.03
73.7
74.39
75.05
75.69
76.33
76.99
77.64
78.26
78.91
79.59
80.24
80.9
81.52
82.17
82.81
83.46
84.09
84.75
85.35
85.99
86.64
87.29
87.95
88.56
89.24
89.88
90.51
91.17
91.85
92.48
93.1
93.75
94.36
94.99
95.61
96.23
96.83
97.44
98.02
98.61
99.22
99.82
100.45
101.07
101.7
102.35
102.98
103.6
104.2
104.85
105.46
106.08
106.69
107.32
107.92
108.54
109.15
109.77
110.38
110.98
111.6
112.25
112.87
113.51
114.12
114.77
115.36
115.99
116.59
117.2
117.84
118.49
119.14
119.76
120.39
121.04
121.66
122.27
122.91
123.52
124.11
124.74
125.36
126.0
126.6
127.23
127.86
128.48
129.09
129.7
130.32
130.96
131.57
132.2
132.86
133.5
134.13
134.79
135.4
136.03
136.63
137.29
137.89
138.52
139.11
139.71
140.33
140.94
141.55
142.15
142.75
143.35
143.94
144.58
145.23
145.89
146.6
147.3
147.94
148.6
149.25
149.91
150.55
151.2
151.83
152.46
153.06
153.65
154.29
154.94
155.55
156.15
156.76
157.39
158.0
158.63
159.25
159.93
160.6
161.22
161.83
162.48
163.13
163.76
164.39
165.0
165.64
166.25
166.87
167.48
168.1
168.72
169.32
169.92
170.57
171.23
171.84
172.43
173.06
173.69
174.28
174.88
175.48
176.15
176.77
177.44
178.15
178.79
179.47
180.16
180.79
181.49
182.13
182.8
