0.35
1.0
1.73
2.41
3.03
3.66
4.3
4.99
5.67
6.38
7.09
7.76
8.42
9.09
9.74
10.43
11.07
11.72
12.42
13.04
13.76
14.42
15.12
15.74
16.41
17.0
17.59
18.18
18.75
19.28
19.82
20.38
20.92
21.49
22.13
22.75
23.36
23.99
24.64
25.3
25.92
26.54
27.19
27.82
28.43
29.05
29.68
30.3
30.95
31.55
32.2
32.83
33.47
34.09
34.73
35.36
35.97
36.58
37.2
37.83
38.43
39.05
39.7
40.27
40.87
41.49
42.14
42.74
43.33
43.94
44.49
45.07
45.67
46.23
46.83
47.39
47.98
48.62
49.26
49.93
50.57
51.18
51.81
52.45
53.06
53.67
54.28
54.91
55.54
56.17
56.76
57.37
57.97
58.57
59.12
59.67
60.19
60.74
61.3
61.84
62.42
62.96
63.49
64.05
64.64
65.19
65.75
66.34
66.95
67.51
68.13
68.69
69.31
69.87
70.5
71.16
71.79
72.42
72.94
73.49
74.02
74.56
75.11
75.66
76.24
76.83
77.4
77.92
78.45
79.02
79.59
80.18
80.73
81.28
81.83
82.42
82.97
83.49
84.05
84.56
85.08
85.62
86.18
86.75
87.29
87.85
88.43
89.04
89.67
90.28
90.93
91.49
92.03
92.6
93.18
93.75
94.34
94.98
95.58
96.14
96.69
97.28
97.87
98.44
99.05
99.71
100.42
101.09
101.75
102.4
103.06
103.77
104.43
105.11
105.82
106.49
107.13
107.76
108.38
108.97
109.6
110.21
110.84
111.46
112.12
112.73
113.34
113.96
114.59
115.2
115.81
116.46
117.05
117.65
118.25
118.84
119.45
120.11
120.76
121.34
121.95
122.55
123.13
123.7
124.34
125.08
125.8
126.51
127.19
127.84
128.51
129.15
129.76
130.41
131.07
131.72
132.39
133.03
133.67
134.29
134.96
135.59
136.24
136.84
137.41
138.0
138.61
139.18
139.74
140.3
140.87
141.44
142.01
142.57
143.16
143.77
144.36
144.95
145.56
146.17
146.75
147.39
147.98
148.61
149.23
149.91
150.61
151.29
152.0
152.63
153.2
153.75
154.27
154.8
155.36
155.95
156.52
157.1
157.65
158.19
158.76
159.34
159.95
160.54
161.12
161.65
162.22
162.76
163.29
163.81
164.35
164.92
165.47
166.0
166.57
167.11
167.67
168.27
168.88
169.53
170.12
170.72
171.28
171.85
172.44
173.04
173.64
174.25
174.85
175.45
176.01
176.57
177.15
177.74
178.33
178.96
179.56
180.15
180.77
181.4
181.99
182.59
183.2
183.81
184.45
185.07
185.67
186.32
186.94
187.53
188.15
188.8
189.39
190.01
190.7
191.39
192.01
192.67
193.36
194.08
194.74
195.46
196.06
196.7
197.35
197.96
198.59
199.26
199.89
200.49
201.15
201.78
202.36
202.97
203.58
204.22
204.82
205.39
206.0
206.66
207.28
207.95
208.56
209.21
