2.4
4.98
7.77
10.42
13.04
15.74
18.18
20.37
22.74
25.28
27.8
30.3
32.83
35.37
37.81
40.25
42.73
45.04
47.27
49.45
51.81
54.25
56.76
59.26
61.83
64.05
66.33
68.69
71.15
73.49
75.64
77.91
80.16
82.4
84.55
86.75
89.03
91.49
93.74
96.13
98.44
101.06
103.77
106.48
108.96
111.45
113.95
116.46
118.84
121.34
123.7
126.5
129.14
131.71
134.28
136.87
139.42
141.73
144.06
146.44
148.92
151.54
153.74
155.95
158.19
160.6
163.08
165.46
167.66
170.1
172.43
174.84
177.14
179.65
182.45
185.06
187.51
190.03
192.71
195.45
197.95
200.48
202.96
205.36
207.94
