0.38
0.98
1.6
2.22
2.78
3.35
3.92
4.52
5.06
5.65
6.26
6.88
7.5
8.11
8.69
9.28
9.89
10.51
11.08
11.68
12.28
12.91
13.48
14.1
14.72
15.37
16.02
16.7
17.36
18.0
18.61
19.19
19.8
20.41
21.05
21.67
22.27
22.92
23.53
24.13
24.7
25.3
25.9
26.51
27.15
27.77
28.36
28.98
29.6
30.25
30.84
31.47
32.1
32.75
33.4
34.05
34.75
35.41
36.06
36.76
37.44
38.1
38.72
39.3
39.9
40.53
41.12
41.7
42.3
42.95
43.58
44.22
44.89
45.5
46.14
46.81
47.42
48.11
48.86
49.61
50.34
51.01
51.67
52.32
52.99
53.66
54.34
54.99
55.62
56.2
56.77
57.36
57.96
58.54
59.14
59.76
60.41
61.03
61.63
62.23
62.8
63.42
64.0
64.64
65.25
65.84
66.45
67.05
67.69
68.3
68.93
69.57
70.24
70.88
71.52
72.18
72.87
73.5
74.19
74.83
75.46
76.12
76.75
77.38
77.99
78.59
79.19
79.83
80.44
81.05
81.63
82.25
82.85
83.54
84.18
84.8
85.45
86.1
86.78
87.37
87.96
88.55
89.15
89.78
90.38
90.95
91.56
92.15
92.77
93.46
94.13
94.81
95.52
96.17
96.8
97.4
98.03
98.66
99.3
99.96
100.64
101.28
101.9
102.55
103.21
103.85
104.54
105.23
105.86
106.57
107.2
107.81
108.44
109.07
109.71
110.34
110.97
111.64
112.29
112.94
113.6
114.23
114.89
115.54
116.23
116.85
117.53
118.15
118.85
119.51
120.23
120.98
121.69
122.4
123.12
123.76
124.42
125.08
125.69
126.32
126.97
127.61
128.21
128.87
129.49
130.1
130.77
131.52
132.31
133.05
133.81
134.6
135.38
136.05
136.79
137.47
138.16
138.87
139.63
140.37
141.08
141.72
142.35
142.96
143.59
144.2
144.82
145.42
146.0
146.57
147.16
147.8
148.43
149.03
149.68
150.3
150.94
151.55
152.2
152.81
153.42
154.05
154.73
155.41
156.12
156.77
157.42
158.09
158.78
159.46
160.1
160.79
161.52
162.21
162.96
163.63
164.33
164.96
165.61
166.22
166.86
167.54
168.19
168.83
169.46
170.11
170.76
171.43
172.13
172.79
173.45
174.16
174.85
175.47
176.1
176.74
177.38
178.05
178.69
179.35
180.0
180.62
181.27
181.92
182.61
183.23
183.8
184.39
184.98
185.61
186.24
186.88
187.51
188.12
188.76
189.42
190.04
190.67
191.35
192.06
192.74
193.35
194.02
194.63
195.27
195.92
196.56
197.2
197.92
198.6
199.4
200.18
200.92
201.75
202.54
203.25
203.99
204.76
205.47
206.22
206.98
207.64
208.35
209.02
209.73
210.41
211.07
211.7
212.38
213.02
213.7
214.35
215.13
215.93
216.69
217.4
218.16
218.88
219.55
220.2
220.92
221.56
222.25
222.92
223.61
224.32
225.0
225.64
226.3
226.92
