2.2
4.52
6.88
9.28
11.68
14.09
16.69
19.29
21.71
24.13
26.5
28.98
31.48
34.03
36.76
39.3
41.7
44.17
47.29
50.3
52.99
55.61
57.95
60.41
62.79
65.25
67.69
70.24
72.86
75.44
77.98
80.43
82.86
85.42
87.96
90.4
92.77
95.2
97.71
100.31
102.86
105.05
107.19
109.7
112.28
114.88
117.52
120.22
123.12
125.69
128.2
130.75
133.04
135.38
138.15
141.07
143.59
145.99
148.39
150.93
153.42
156.12
158.77
161.96
164.95
167.53
170.09
172.78
175.46
178.04
180.58
183.23
185.6
188.11
190.65
193.39
195.91
198.59
201.28
203.99
206.97
209.72
212.37
215.12
218.15
220.91
223.6
226.29
