0.48
1.06
1.7
2.29
2.9
3.5
4.1
4.69
5.29
5.86
6.49
7.08
7.66
8.26
8.86
9.43
10.02
10.59
11.15
11.72
12.28
12.85
13.42
14.0
14.59
15.18
15.75
16.32
16.94
17.52
18.09
18.68
19.23
19.8
20.4
20.96
21.55
22.12
22.7
23.26
23.84
24.42
24.99
25.58
26.14
26.7
27.28
27.85
28.41
28.99
29.56
30.13
30.74
31.31
31.87
32.44
33.01
33.6
34.16
34.72
35.29
35.88
36.45
36.99
37.55
38.13
38.67
39.23
39.77
40.33
40.91
41.47
42.02
42.57
43.13
43.69
44.34
44.94
45.58
46.25
46.84
47.42
48.0
48.58
49.15
49.74
50.31
50.87
51.45
52.02
52.59
53.15
53.71
54.28
54.85
55.4
55.96
56.54
57.1
57.65
58.23
58.79
59.34
59.9
60.46
61.0
61.55
62.14
62.7
63.29
63.85
64.41
64.96
65.52
66.07
66.62
67.17
67.74
68.3
68.86
69.41
69.99
70.55
71.1
71.67
72.26
72.82
73.4
73.95
74.48
75.02
75.59
76.12
76.64
77.17
77.71
78.23
78.79
79.35
79.92
80.49
81.04
81.62
82.16
82.75
83.25
83.72
84.24
84.8
85.37
85.94
86.53
87.12
87.69
88.26
88.85
89.44
90.06
90.72
91.31
91.88
92.48
93.06
93.62
94.22
94.81
95.44
96.16
96.93
97.63
98.38
99.13
99.93
100.69
101.43
102.21
