0.43
1.02
1.62
2.17
2.77
3.38
3.99
4.59
5.17
5.75
6.34
6.93
7.55
8.12
8.7
9.26
9.84
10.41
10.98
11.55
12.11
12.66
13.22
13.78
14.34
14.92
15.47
16.02
16.58
17.15
17.69
18.26
18.82
19.39
19.96
20.51
21.08
21.65
22.24
22.8
23.36
23.93
24.5
25.09
25.64
26.21
26.77
27.35
27.92
28.5
29.04
29.6
30.16
30.74
31.31
31.89
32.45
33.02
33.58
34.14
34.7
35.28
35.84
36.41
36.97
37.53
38.09
38.64
39.19
39.74
40.32
40.89
41.45
42.01
42.56
43.11
43.7
44.26
44.79
45.36
45.9
46.46
47.0
47.58
48.13
48.72
49.29
49.84
50.41
50.99
51.56
52.14
52.71
53.27
53.85
54.43
54.99
55.57
56.16
56.7
57.29
57.87
58.42
59.0
59.56
60.12
60.7
61.26
61.84
62.44
63.01
63.57
64.14
64.74
65.29
65.88
66.46
67.01
67.59
68.17
68.75
69.32
69.89
70.45
71.03
71.61
72.19
72.76
73.32
73.89
74.45
75.01
75.56
76.12
76.68
77.23
77.77
78.34
78.91
79.47
80.02
80.57
81.15
81.7
82.27
82.9
83.53
84.09
84.62
85.18
85.78
86.48
87.11
87.68
88.24
88.84
89.49
90.21
90.84
91.42
92.02
92.6
93.18
93.79
94.39
95.05
95.74
96.43
97.08
97.77
98.51
99.26
99.95
100.68
101.45
