0.0
0.51
1.01
1.51
1.99
2.51
3.02
3.54
4.05
4.56
5.06
5.62
6.14
6.68
7.25
7.78
8.25
8.75
9.26
9.73
10.22
10.74
11.23
11.7
12.19
12.71
13.26
13.76
14.25
14.78
15.28
15.78
16.3
16.81
17.32
17.88
18.42
18.91
19.42
19.93
20.41
20.92
21.43
21.93
22.47
22.98
23.46
23.97
24.46
24.95
25.47
25.97
26.52
27.09
27.64
28.14
28.67
29.14
29.64
30.17
30.67
31.16
31.65
32.16
32.66
33.17
33.65
34.14
34.64
35.15
35.66
36.2
36.77
37.26
37.77
38.28
38.77
39.3
39.79
40.27
40.78
41.3
41.77
42.29
42.78
43.3
43.84
44.38
44.88
45.37
45.88
46.38
46.92
47.41
47.9
48.4
48.87
49.34
49.84
50.34
50.81
51.32
51.83
52.36
52.92
53.47
53.96
54.48
54.98
55.54
56.13
56.67
57.17
57.68
58.16
58.67
59.19
59.69
60.17
60.66
61.17
61.66
62.18
62.7
63.19
63.73
64.22
64.72
65.26
65.77
66.26
66.77
67.29
67.75
68.23
68.73
69.2
69.7
70.22
70.76
71.35
71.91
72.42
72.93
73.44
73.98
74.49
74.96
75.46
75.97
76.57
77.16
77.71
78.25
78.82
79.34
79.88
80.42
80.99
81.51
82.06
82.59
83.14
83.74
84.28
84.9
85.57
86.2
86.86
87.62
88.57
89.48
90.38
91.42
92.39
93.4
