0.5
1.41
2.28
3.14
4.0
4.87
5.7
6.52
7.33
8.22
9.03
9.87
10.8
11.6
12.48
13.29
14.12
14.97
15.76
16.54
17.3
18.12
18.9
19.68
20.44
21.24
22.07
22.85
23.59
24.34
25.14
25.9
26.68
27.42
28.17
28.9
29.69
30.47
31.22
31.96
32.75
33.55
34.31
35.07
35.83
36.59
37.35
38.1
38.86
39.6
40.38
41.13
41.87
42.61
43.37
44.15
44.87
45.63
46.43
47.21
48.01
48.74
49.51
50.28
51.06
51.9
52.65
53.43
54.17
54.95
55.7
56.53
57.39
58.2
58.95
59.69
60.42
61.16
61.86
62.63
63.38
64.12
64.84
65.61
66.33
67.09
67.82
68.56
69.35
70.12
70.88
71.7
72.43
73.18
73.97
74.7
75.41
76.09
76.84
77.64
78.36
79.14
79.88
80.66
81.37
82.11
82.89
83.6
84.35
85.1
85.85
86.58
87.33
88.08
88.79
89.53
90.37
91.2
91.96
92.73
93.48
94.23
95.06
95.85
96.57
97.33
98.05
98.81
99.52
100.27
101.04
101.76
102.54
103.33
104.12
105.02
105.96
106.87
107.72
108.66
109.52
110.48
111.5
112.58
113.7
