0.5
1.18
1.82
2.43
3.05
3.66
4.26
4.83
5.41
6.03
6.62
7.18
7.81
8.41
9.03
9.61
10.23
10.86
11.48
12.07
12.67
13.27
13.89
14.48
15.1
15.71
16.33
16.93
17.53
18.13
18.74
19.33
19.96
20.55
21.16
21.77
22.38
22.99
23.61
24.21
24.85
25.46
26.07
26.68
27.29
27.89
28.5
29.09
29.72
30.34
30.94
31.52
32.14
32.73
33.35
33.99
34.62
35.27
35.89
36.52
37.15
37.79
38.4
39.04
39.66
40.26
40.87
41.47
42.1
42.72
43.35
43.94
44.58
45.19
45.83
46.43
47.05
47.63
48.25
48.84
49.45
50.03
50.64
51.23
51.85
52.45
53.04
53.62
54.24
54.86
55.44
56.07
56.64
57.25
57.87
58.49
59.06
59.67
60.28
60.91
61.49
62.11
62.73
63.35
63.93
64.53
65.17
65.81
66.46
67.07
67.7
68.33
68.97
69.59
70.21
70.81
71.46
72.07
72.7
73.31
73.94
74.55
75.17
75.79
76.41
77.01
77.62
78.23
78.85
79.48
80.13
80.75
81.39
82.0
82.62
83.27
84.05
84.84
85.59
86.4
87.21
87.98
88.75
89.5
90.26
