0.31
0.9
1.44
2.04
2.6
3.21
3.79
4.37
4.99
5.58
6.14
6.76
7.42
8.04
8.65
9.28
9.91
10.55
11.2
11.86
12.5
13.18
13.83
14.45
15.08
15.74
16.34
16.99
17.6
18.24
18.89
19.48
20.08
20.7
21.29
21.83
22.32
22.8
23.3
23.8
24.3
24.82
25.27
25.72
26.15
26.6
27.05
27.5
27.97
28.41
28.83
29.27
29.71
30.17
30.6
31.02
31.45
31.88
32.3
32.74
33.16
33.6
34.04
34.47
34.9
35.32
35.75
36.2
36.63
37.07
37.49
37.93
38.35
38.78
39.22
39.65
40.08
40.52
40.96
41.42
41.86
42.27
42.71
43.14
43.55
43.97
44.39
44.8
45.2
45.6
46.02
46.42
46.84
47.24
47.66
48.05
48.45
48.86
49.3
49.74
50.19
50.64
51.08
51.51
51.95
52.38
52.81
53.25
53.67
54.09
54.52
54.96
55.39
55.81
56.24
56.68
57.11
57.53
57.98
58.43
58.86
59.3
59.74
60.16
60.58
61.01
61.44
61.89
62.33
62.76
63.21
63.64
64.06
64.47
64.89
65.3
65.73
66.16
66.59
67.03
67.48
67.9
68.36
68.78
69.22
69.66
70.12
70.56
70.99
71.43
71.8
72.19
72.58
72.99
73.38
73.77
74.14
74.53
74.92
75.33
75.71
76.11
76.48
76.88
77.27
77.63
78.0
78.38
78.75
79.12
79.48
79.88
80.24
80.62
81.03
81.43
81.83
82.24
82.65
83.05
83.46
83.89
84.29
84.71
85.11
85.52
85.93
86.34
86.74
87.16
87.56
87.97
88.35
88.77
89.15
89.56
89.95
90.35
90.74
91.11
91.51
91.91
92.29
92.67
93.06
93.48
93.88
94.26
94.65
95.05
95.45
95.84
96.22
96.62
97.0
97.38
97.75
98.13
98.51
98.88
99.27
99.65
100.06
100.44
100.84
101.25
101.69
102.12
102.54
102.99
103.4
103.85
104.27
104.71
105.13
105.57
106.0
106.41
106.84
107.29
107.71
108.13
108.56
109.0
109.42
109.85
110.28
110.7
111.09
111.5
111.9
112.3
112.66
113.01
113.37
113.74
114.12
114.53
114.93
115.32
115.71
116.11
116.53
116.93
117.33
117.73
118.13
118.54
118.97
119.38
119.78
120.19
120.6
121.04
121.46
121.86
122.3
122.7
123.15
123.56
124.0
124.43
124.87
125.32
125.79
126.23
126.68
127.1
127.53
127.95
128.39
128.83
129.29
129.7
130.14
130.56
130.99
131.43
131.85
132.3
132.73
133.16
133.58
134.0
134.44
134.87
135.29
135.72
136.15
136.56
136.98
137.41
137.82
138.26
138.68
139.09
139.5
139.9
140.31
140.74
141.15
141.53
141.94
142.34
142.76
143.18
143.61
144.03
144.43
144.81
145.19
145.6
146.01
146.44
146.87
147.28
147.66
148.04
148.43
148.82
149.22
149.64
150.05
150.45
150.82
151.2
151.58
151.97
152.37
152.8
153.24
153.71
154.15
154.61
155.04
155.47
155.93
156.37
156.79
157.21
157.66
158.09
158.5
158.91
159.32
159.74
160.16
160.56
160.98
161.39
161.81
162.24
162.64
163.05
163.45
163.87
164.29
164.74
165.15
165.6
166.08
166.52
167.0
167.46
167.9
168.38
168.82
169.28
169.76
170.2
170.64
171.07
171.5
171.94
172.39
172.86
173.31
173.76
174.17
174.62
175.03
175.48
175.89
176.32
176.75
177.2
177.63
178.06
178.47
178.91
179.3
179.7
180.11
180.5
180.9
181.31
181.72
182.12
182.5
182.9
183.31
183.7
184.1
184.52
184.91
185.29
185.69
186.07
186.47
186.86
187.26
187.64
188.03
188.41
188.8
189.19
189.58
189.98
190.38
190.79
191.19
191.6
192.0
192.38
192.76
193.12
193.5
193.91
194.31
194.71
195.1
195.5
195.91
196.31
196.78
197.21
197.67
198.13
198.6
199.07
199.52
199.97
200.43
200.92
201.37
201.85
202.31
202.78
203.27
203.76
204.24
204.7
205.2
205.7
206.16
206.73
207.29
207.81
208.37
208.91
209.49
210.01
210.59
211.1
211.65
212.2
212.74
213.24
213.8
214.31
214.86
215.41
215.97
216.56
217.17
217.77
218.33
218.94
219.56
220.16
220.73
221.34
221.94
222.57
223.19
223.8
224.39
225.02
225.61
226.21
226.84
227.43
228.07
228.67
229.26
229.9
230.5
