2.6
4.43
6.31
8.03
9.72
11.44
13.18
14.88
16.54
18.23
19.9
21.48
23.11
24.82
26.57
28.4
30.17
31.87
33.6
35.31
37.07
38.78
40.5
42.27
43.96
45.6
47.24
48.86
50.63
52.38
54.09
55.81
57.53
59.29
61.0
62.76
64.46
66.15
67.84
69.45
71.01
72.57
74.13
75.71
77.27
78.74
80.23
81.82
83.45
85.1
86.74
88.35
89.94
91.5
93.06
94.65
96.21
97.75
99.27
100.83
102.53
104.26
105.99
107.7
109.41
111.09
112.65
114.12
115.7
117.32
118.94
120.59
122.22
124.0
125.78
127.52
129.28
130.98
132.72
134.43
136.14
137.81
139.49
141.14
142.75
144.42
146.01
147.66
149.21
150.82
152.36
154.14
155.92
157.66
159.31
160.97
162.63
164.29
165.98
167.89
169.76
171.48
173.28
175.06
176.98
178.91
180.84
182.8
184.51
186.07
187.63
189.19
190.78
192.54
194.71
197.18
199.94
202.87
206.0
209.15
212.2
215.24
218.23
221.23
224.13
