0.98
2.06
3.21
4.3
5.38
6.42
7.57
8.59
9.68
10.71
11.77
12.89
13.89
14.86
15.88
16.86
17.8
18.81
19.72
20.7
21.68
22.53
23.43
24.26
25.08
25.96
26.81
27.58
28.43
29.24
30.06
30.89
31.75
32.55
33.39
34.23
35.1
35.9
36.73
37.52
38.33
39.11
39.93
40.74
41.56
42.35
43.12
43.87
44.65
45.44
46.17
47.0
47.87
48.68
49.52
50.36
51.22
52.01
52.84
53.64
54.45
55.26
56.1
56.89
57.69
58.47
59.3
60.15
61.04
61.87
62.74
63.62
64.54
65.34
66.22
67.01
67.83
68.6
69.39
70.17
70.94
71.7
72.45
73.22
73.98
74.8
75.54
76.36
77.16
78.01
78.78
79.63
80.38
81.13
81.93
82.76
83.53
84.3
85.08
85.85
86.64
87.44
88.24
88.98
89.73
90.46
91.16
91.85
92.6
93.26
93.97
94.68
95.37
96.08
96.73
97.36
97.95
98.51
99.12
99.69
100.27
100.86
101.41
101.99
102.6
103.18
103.73
104.31
104.92
105.49
106.06
106.57
107.12
107.65
108.1
108.59
108.98
109.39
109.77
110.17
110.57
110.97
111.39
111.77
112.13
112.48
112.83
113.19
113.55
113.92
114.29
114.66
115.03
115.4
115.79
116.16
116.53
116.9
117.25
117.62
117.99
118.37
118.76
119.16
119.56
119.98
120.37
120.78
121.17
121.58
121.98
122.36
122.76
123.16
123.56
123.96
124.36
124.77
125.18
125.57
125.96
126.36
126.75
127.14
127.53
127.94
128.33
128.71
129.09
129.48
129.87
130.26
130.66
131.07
131.47
131.87
132.28
132.68
133.08
133.46
133.85
134.24
134.62
135.02
135.43
135.84
136.23
136.62
137.02
137.42
137.84
138.22
138.61
139.01
139.39
139.77
140.16
140.55
140.94
141.33
141.72
142.13
142.51
142.89
143.26
143.63
144.01
144.39
144.79
145.17
145.55
145.93
146.29
146.67
147.06
147.47
147.88
148.31
148.72
149.11
149.52
149.95
150.35
150.76
151.17
151.57
151.99
152.41
152.82
153.21
153.62
154.03
154.42
154.81
155.19
155.58
155.97
156.4
156.8
157.24
157.7
158.13
158.58
159.05
159.5
159.95
160.39
160.85
161.28
161.74
162.18
162.67
163.12
163.61
164.08
164.54
165.0
165.49
165.96
166.43
166.88
167.36
167.95
168.56
169.22
169.87
170.5
171.15
171.81
172.51
173.17
173.79
174.47
175.16
175.89
176.56
177.29
178.0
178.66
179.37
180.11
180.87
181.65
182.4
183.11
183.83
184.52
185.23
185.94
186.68
187.49
188.29
188.99
189.72
190.46
191.19
191.88
192.61
193.31
194.03
194.79
195.5
196.22
197.13
198.05
198.89
199.81
200.78
201.61
202.5
203.24
204.06
204.82
205.59
206.38
207.14
208.04
208.98
209.86
210.79
211.63
212.54
213.43
214.43
215.36
216.35
217.32
218.27
219.19
220.25
221.31
222.33
