0.37
0.82
1.28
1.71
2.17
2.63
3.06
3.53
3.97
4.41
4.86
5.31
5.76
6.23
6.66
7.13
7.56
8.02
8.48
8.87
9.26
9.66
10.07
10.46
10.88
11.28
11.7
12.11
12.51
12.91
13.32
13.73
14.16
14.57
14.99
15.41
15.84
16.27
16.66
17.07
17.44
17.79
18.18
18.54
18.9
19.28
19.66
20.08
20.53
21.0
21.45
21.83
22.24
22.64
23.04
23.42
23.78
24.16
24.53
24.9
25.26
25.64
26.02
26.39
26.75
27.12
27.49
27.85
28.22
28.58
28.95
29.32
29.68
30.05
30.42
30.79
31.16
31.55
31.92
32.29
32.65
32.99
33.37
33.75
34.11
34.48
34.86
35.23
35.59
35.96
36.32
36.7
37.09
37.48
37.89
38.26
38.67
39.06
39.43
39.81
40.18
40.55
40.91
41.29
41.67
42.02
42.37
42.69
43.03
43.4
43.78
44.15
44.53
44.9
45.27
45.65
46.02
46.38
46.73
47.1
47.48
47.85
48.21
48.58
48.95
49.31
49.68
50.04
50.41
50.76
51.13
51.49
51.85
52.21
52.58
52.94
53.3
53.67
54.04
54.4
54.77
55.17
55.6
56.0
56.42
56.8
57.2
57.61
58.02
58.42
58.8
59.2
59.62
60.0
60.42
60.84
61.29
61.72
62.14
62.54
62.94
63.32
63.72
64.13
64.52
64.92
65.32
65.72
66.14
66.51
66.87
67.23
67.6
67.99
68.35
68.69
69.06
69.43
69.78
70.13
70.49
70.85
71.23
71.55
71.87
72.18
72.5
72.82
73.15
73.49
73.81
74.17
74.53
74.89
75.26
75.62
75.98
76.33
76.7
77.06
77.4
77.76
78.13
78.48
78.85
79.21
79.59
79.97
80.33
80.71
81.09
81.49
81.86
82.24
82.63
83.03
83.43
83.81
84.2
84.6
84.99
85.36
85.75
86.14
86.55
86.91
87.26
87.61
87.99
88.34
88.69
89.07
89.43
89.82
90.19
90.55
90.9
91.27
91.63
91.99
92.35
92.72
93.06
93.41
93.78
94.12
94.48
94.82
95.16
95.5
95.86
96.2
96.54
96.87
97.21
97.56
97.91
98.3
98.69
99.1
99.47
99.85
100.22
100.6
100.95
101.33
101.7
102.07
102.41
102.77
103.14
103.5
103.87
104.22
104.58
104.93
105.27
105.62
105.96
106.32
106.68
107.05
107.44
107.85
108.24
108.61
109.02
109.4
109.76
110.13
110.52
110.89
111.26
111.61
111.99
112.37
112.74
113.11
113.5
113.89
114.3
114.69
115.07
115.45
115.81
116.19
116.58
116.97
117.38
117.76
118.14
118.5
118.87
119.24
119.63
120.0
120.4
120.78
121.15
121.52
121.87
122.24
122.64
123.03
123.44
123.87
124.27
124.64
125.04
125.42
125.8
126.18
126.54
126.91
127.29
127.66
128.02
128.37
128.73
129.09
129.45
129.82
130.2
130.56
130.93
131.28
131.63
131.99
132.35
132.72
133.1
133.46
133.84
134.19
134.53
134.88
135.24
135.62
135.99
136.35
136.72
137.07
137.43
137.78
138.15
138.52
138.9
139.32
139.76
140.18
140.58
140.98
141.41
141.79
142.19
142.61
143.0
143.41
143.8
144.17
144.58
144.97
145.35
145.73
146.13
146.52
146.9
147.32
147.76
148.18
148.6
149.0
149.38
149.78
150.18
150.6
151.0
151.42
151.82
152.24
152.65
153.07
153.47
153.87
154.28
154.7
155.15
155.62
156.06
156.52
156.97
157.39
157.83
158.21
158.6
159.0
159.38
159.79
160.17
160.56
160.94
161.39
161.86
162.31
162.76
163.17
163.61
164.04
164.48
164.89
165.33
165.75
166.2
166.59
167.0
167.41
167.78
168.17
168.57
168.96
169.32
169.68
170.05
170.44
170.8
171.19
171.58
171.98
172.34
172.71
173.06
173.42
173.78
174.13
174.5
174.85
175.19
175.55
175.91
176.26
176.62
177.01
177.42
177.8
178.15
178.51
178.86
179.2
179.56
179.9
180.29
180.7
181.07
181.47
181.87
182.26
182.64
183.0
183.39
183.74
184.08
184.41
184.74
185.1
185.46
185.81
186.18
186.53
186.91
187.26
187.62
188.0
188.37
188.72
189.09
189.49
189.86
190.23
190.64
191.01
191.42
191.81
192.18
192.57
192.93
193.3
193.66
194.03
194.42
194.77
195.1
195.46
195.78
196.12
196.45
196.77
197.12
197.45
197.78
198.09
198.41
198.73
199.05
199.35
199.67
199.98
200.29
200.59
200.91
201.21
201.52
201.83
202.15
202.46
202.77
203.05
203.33
203.6
203.89
204.16
204.44
204.72
205.0
205.29
205.57
205.84
206.13
206.41
206.69
206.96
207.25
207.52
207.81
208.09
208.37
208.66
208.96
209.24
209.53
209.83
210.12
