2.28
3.96
5.65
7.25
8.87
10.45
12.1
13.72
15.41
17.06
18.54
20.07
21.62
23.28
24.84
26.38
27.85
29.31
30.79
32.28
33.74
35.23
36.69
38.27
39.8
41.29
42.69
44.15
45.64
47.09
48.58
50.04
51.49
52.93
54.4
56.0
57.6
59.19
60.84
62.55
64.13
65.71
67.22
68.69
70.11
71.48
72.81
74.17
75.61
77.06
78.46
79.96
81.48
82.99
84.45
86.14
87.81
89.47
91.1
92.73
94.31
95.85
97.2
98.7
100.2
101.7
103.13
104.57
105.96
107.4
108.71
110.0
111.27
112.73
114.29
115.81
117.36
118.86
120.39
121.87
123.42
125.03
126.54
128.01
129.44
130.92
132.34
133.84
135.24
136.71
138.14
139.75
141.4
142.99
144.59
146.12
147.76
149.37
150.84
152.24
153.84
155.61
157.38
158.99
160.55
162.08
163.6
165.3
166.99
168.56
170.04
171.57
173.06
174.49
175.91
177.41
178.86
180.28
181.86
183.38
184.9
186.41
187.94
189.48
191.01
192.57
194.03
195.45
196.76
198.08
199.34
200.58
201.82
203.05
204.16
205.28
206.4
207.52
