0.28
1.05
1.83
2.63
3.42
4.17
4.87
5.58
6.24
6.95
7.62
8.35
9.0
9.69
10.42
11.1
11.75
12.4
13.03
13.69
14.32
14.92
15.57
16.17
16.75
17.23
17.72
18.25
18.72
19.24
19.65
20.05
20.45
20.86
21.27
21.7
22.1
22.5
22.91
23.35
23.81
24.3
24.77
25.22
25.71
26.16
26.64
27.1
27.59
28.04
28.53
28.98
29.46
29.91
30.37
30.83
31.24
31.64
32.04
32.44
32.86
33.28
33.72
34.13
34.55
34.97
35.36
35.78
36.2
36.63
37.05
37.47
37.9
38.3
38.7
39.11
39.52
39.95
40.37
40.78
41.21
41.62
42.01
42.42
42.83
43.25
43.67
44.08
44.48
44.9
45.29
45.7
46.12
46.51
46.9
47.3
47.69
48.08
48.48
48.88
49.28
49.67
50.09
50.49
50.89
51.29
51.69
52.08
52.47
52.87
53.27
53.68
54.09
54.48
54.87
55.27
55.66
56.05
56.45
56.87
57.28
57.69
58.09
58.49
58.88
59.28
59.68
60.08
60.49
60.91
61.31
61.7
62.09
62.49
62.9
63.31
63.71
64.12
64.53
64.95
65.41
65.85
66.27
66.72
67.16
67.6
68.05
68.52
68.95
69.42
69.85
70.32
70.75
71.23
71.67
72.24
72.78
73.33
73.87
74.43
75.0
75.55
76.04
76.56
77.07
77.57
78.12
78.61
79.17
79.67
80.2
80.73
81.29
81.79
82.34
82.87
83.39
83.94
84.45
84.97
85.51
86.05
86.46
86.91
87.32
87.77
88.18
88.57
88.98
89.37
89.77
90.16
90.59
91.0
91.44
91.86
92.27
92.66
93.06
93.45
93.86
94.25
94.62
95.01
95.42
95.8
96.21
96.59
97.01
97.44
97.88
98.32
98.75
99.16
99.59
100.01
100.41
100.84
101.27
101.69
102.16
102.63
103.07
103.53
103.99
104.47
104.93
105.34
105.77
106.18
106.58
106.98
107.4
107.81
108.21
108.62
109.05
109.44
109.83
110.2
110.56
110.92
111.29
111.66
112.06
112.42
112.8
113.2
113.58
113.94
114.32
114.74
115.18
115.58
116.0
116.43
116.86
117.26
117.66
118.08
118.46
118.82
119.19
119.56
119.94
120.31
120.68
121.07
121.45
121.81
122.21
122.59
122.97
123.34
123.71
124.09
124.49
124.86
125.24
125.61
125.99
126.37
126.77
127.14
127.51
127.86
128.23
128.64
129.04
129.43
129.84
130.24
130.65
131.06
131.5
131.94
132.37
132.76
133.18
133.58
133.99
134.41
134.84
135.27
135.69
136.09
136.51
136.93
137.35
137.78
138.23
138.64
139.05
139.45
139.87
140.28
140.68
141.09
141.49
141.9
142.3
142.69
143.09
143.49
143.89
144.3
144.7
145.1
145.52
145.96
146.35
146.74
147.12
147.52
147.93
148.35
148.76
149.16
149.55
149.93
150.31
150.71
151.12
151.53
151.94
152.34
152.74
153.12
153.5
153.9
154.31
154.71
155.12
155.51
155.89
156.26
156.65
157.06
157.46
157.86
158.27
158.65
159.03
159.42
159.81
160.22
160.62
161.04
161.48
161.89
162.31
162.73
163.18
163.6
164.02
164.47
164.89
165.31
165.73
166.13
166.57
166.97
167.39
167.84
168.27
168.8
169.41
169.99
170.54
171.16
171.74
172.36
173.01
173.62
174.24
174.85
175.49
176.1
176.72
177.35
178.01
178.59
179.23
179.81
180.42
181.03
181.66
182.28
182.95
183.59
184.21
184.81
185.4
185.97
186.57
187.23
187.87
188.49
189.15
189.79
190.48
191.15
191.81
192.59
193.44
194.29
195.09
195.91
196.69
197.53
198.32
199.11
199.84
200.59
201.33
202.04
202.74
203.43
204.12
204.86
205.55
206.28
207.01
207.73
208.36
209.06
209.7
210.38
211.09
211.85
212.55
213.25
213.94
214.61
215.31
215.98
216.67
217.4
218.17
218.9
219.63
220.39
221.24
222.08
222.85
223.73
224.62
225.53
226.39
227.22
228.08
228.96
229.91
230.95
232.01
233.04
234.16
235.26
236.35
237.37
238.48
239.59
240.68
241.7
242.78
243.83
244.98
246.03
247.13
