2.32
5.27
8.21
11.09
13.69
16.16
18.69
20.95
22.88
24.76
26.62
28.52
30.35
32.03
33.7
35.35
37.05
38.69
40.37
42.01
43.67
45.28
46.88
48.47
50.08
51.69
53.26
54.86
56.45
58.08
59.67
61.3
62.9
64.52
66.26
68.04
69.84
71.63
73.32
74.8
76.23
77.57
78.94
80.21
81.59
83.03
84.55
86.05
87.75
89.36
90.99
92.65
94.23
95.79
97.43
99.15
100.83
102.43
103.99
105.46
106.98
108.61
110.19
111.65
113.19
114.73
116.42
118.07
119.55
121.04
122.58
124.08
125.6
127.13
128.63
130.23
131.93
133.57
135.26
136.93
138.64
140.27
141.89
143.48
145.09
146.73
148.34
149.92
151.52
153.11
154.71
156.26
157.86
159.59
161.27
163.18
165.72
168.26
170.82
173.89
177.0
180.41
184.2
188.17
192.2
196.39
199.82
202.73
205.54
208.52
211.84
214.93
218.17
221.23
224.61
228.07
232.0
236.35
240.67
