2.73
5.27
7.72
10.26
12.82
15.55
17.87
19.64
21.24
22.83
24.4
26.01
27.47
28.99
30.52
32.12
33.7
35.28
36.83
38.4
39.96
41.55
43.12
44.6
46.13
47.72
49.27
50.84
52.36
53.89
55.46
57.02
58.57
60.12
61.74
63.42
65.1
66.73
68.33
69.85
71.47
73.1
74.56
76.05
77.55
79.14
80.66
82.17
83.7
85.17
86.56
88.02
89.56
91.07
92.66
94.08
95.53
97.09
98.69
100.31
101.79
103.37
104.97
106.5
108.02
109.51
110.94
112.42
113.92
115.5
117.1
118.71
120.33
121.92
123.53
125.13
126.73
128.28
129.9
131.43
132.97
134.47
136.03
137.51
139.08
140.58
142.13
143.59
145.19
146.81
148.46
150.14
152.11
153.75
155.23
156.77
158.59
160.37
162.17
164.04
166.0
168.12
170.13
172.4
175.16
178.0
180.75
183.51
186.33
188.89
191.35
193.98
196.76
199.76
203.0
206.05
209.27
212.59
