0.87
1.95
3.02
4.08
5.19
6.26
7.33
8.22
9.19
10.06
11.0
11.91
12.86
13.8
14.79
15.79
16.79
17.81
18.74
19.69
20.61
21.54
22.52
23.25
24.04
24.81
25.64
26.42
27.25
28.01
28.82
29.62
30.45
31.22
31.96
32.72
33.49
34.29
35.05
35.81
36.63
37.44
38.23
39.01
39.85
40.66
41.53
42.4
43.17
43.91
44.62
45.39
46.19
46.97
47.8
48.53
49.31
50.06
50.78
51.56
52.33
53.08
53.79
54.52
55.28
56.01
56.77
57.48
58.34
59.22
59.99
60.81
61.65
62.46
63.3
64.16
64.97
65.79
66.57
67.35
68.17
68.99
69.75
70.46
71.17
71.92
72.6
73.33
74.04
74.87
75.65
76.48
77.35
78.22
79.1
80.05
80.99
81.98
82.89
83.77
84.73
85.6
86.5
87.47
88.37
89.26
90.18
91.16
92.13
93.08
94.06
95.01
96.02
96.96
97.86
98.84
99.83
100.82
101.63
102.4
103.13
103.9
104.65
105.35
106.09
106.78
107.44
108.08
108.7
109.37
110.07
110.8
111.48
112.25
113.0
113.76
114.55
115.25
115.99
116.77
117.54
118.36
119.2
120.02
120.86
121.75
122.62
123.42
124.24
125.09
125.91
126.72
127.49
128.27
129.07
129.89
130.63
131.35
132.11
132.88
133.63
134.38
135.21
136.03
136.89
137.73
138.59
139.47
140.39
141.24
142.12
143.04
143.86
144.62
145.48
146.39
147.26
148.11
148.99
149.87
150.69
151.57
152.38
153.32
154.16
155.1
155.95
156.69
157.44
158.21
158.92
159.62
160.34
161.1
161.8
162.5
163.24
163.99
164.74
165.46
166.13
166.86
167.63
168.44
169.21
169.94
170.69
171.43
172.23
173.06
173.88
174.75
175.5
176.29
177.05
177.9
178.75
179.55
180.35
181.15
181.93
182.81
183.69
184.53
185.37
186.27
187.09
187.91
188.83
189.72
190.59
191.5
192.34
193.09
193.88
194.62
195.36
196.13
196.96
197.89
198.81
199.67
200.57
201.44
202.4
203.4
204.34
205.32
206.23
207.23
208.22
209.23
210.2
211.24
212.23
213.23
214.21
215.15
