0.68
1.45
2.18
2.93
3.71
4.43
5.21
5.96
6.68
7.37
8.12
8.84
9.53
10.27
10.92
11.58
12.22
12.82
13.46
13.97
14.54
15.07
15.55
16.05
16.53
16.97
17.42
17.87
18.34
18.77
19.22
19.64
20.07
20.48
20.87
21.24
21.63
22.04
22.44
22.83
23.23
23.64
24.03
24.4
24.8
25.2
25.58
25.94
26.32
26.7
27.1
27.47
27.84
28.22
28.61
28.99
29.37
29.75
30.13
30.53
30.93
31.32
31.71
32.12
32.53
32.91
33.31
33.71
34.11
34.49
34.9
35.28
35.67
36.06
36.44
36.84
37.23
37.61
38.01
38.4
38.8
39.19
39.56
39.97
40.37
40.76
41.16
41.56
41.96
42.36
42.75
43.13
43.49
43.86
44.23
44.6
44.99
45.37
45.76
46.13
46.51
46.91
47.33
47.73
48.11
48.5
48.89
49.28
49.66
50.06
50.45
50.84
51.23
51.6
51.98
52.37
52.74
53.11
53.5
53.9
54.28
54.68
55.08
55.47
55.85
56.24
56.64
57.03
57.4
57.81
58.19
58.57
58.95
59.31
59.73
60.13
60.54
60.95
61.34
61.75
62.16
62.59
63.01
63.43
63.86
64.28
64.67
65.1
65.51
65.9
66.31
66.74
67.12
67.53
67.94
68.34
68.72
69.09
69.46
69.86
70.23
70.61
70.95
71.31
71.69
72.05
72.41
72.75
73.11
73.48
73.84
74.19
74.56
74.93
75.3
75.69
76.05
76.43
76.79
77.18
77.56
77.96
78.34
78.76
79.14
79.54
79.92
80.3
80.67
81.05
81.43
81.81
82.17
82.54
82.91
83.27
83.6
83.95
84.31
84.68
85.05
85.44
85.79
86.16
86.55
86.92
87.28
87.67
88.03
88.43
88.79
89.18
89.58
89.99
90.4
90.79
91.18
91.58
91.99
92.4
92.79
93.2
93.59
93.98
94.37
94.75
95.14
95.53
95.91
96.3
96.7
97.09
97.51
97.91
98.3
98.7
99.09
99.52
99.92
100.32
100.74
101.18
101.6
101.99
102.38
102.78
103.19
103.58
103.97
104.36
104.76
105.18
105.54
105.93
106.32
106.7
107.07
107.44
107.82
108.21
108.59
108.96
109.35
109.72
110.13
110.51
110.91
111.29
111.67
112.03
112.42
112.81
113.18
113.55
113.93
114.31
114.71
115.12
115.51
115.93
116.33
116.72
117.11
117.51
117.93
118.31
118.72
119.12
119.55
119.95
120.33
120.73
121.13
121.53
121.93
122.34
122.74
123.15
123.53
123.93
124.33
124.73
125.13
125.54
125.95
126.35
126.73
127.11
127.52
127.89
128.29
128.71
129.09
129.5
129.91
130.3
130.68
131.06
131.43
131.82
132.2
132.59
132.97
133.35
133.72
134.09
134.48
134.87
135.25
135.64
136.03
136.4
136.78
137.13
137.52
137.91
138.3
138.68
139.08
139.46
139.84
140.2
140.58
140.96
141.36
141.75
142.14
142.51
142.88
143.23
143.6
143.98
144.37
144.77
145.19
145.6
146.02
146.41
146.82
147.22
147.61
148.04
148.46
148.88
149.31
149.73
150.15
150.55
150.93
151.35
151.73
152.13
152.53
152.94
153.35
153.75
154.13
154.49
154.87
155.27
155.74
156.2
156.68
157.13
157.61
158.11
158.59
159.04
159.49
159.92
160.37
160.84
161.29
161.72
162.17
162.64
163.13
163.6
164.07
164.57
165.03
165.53
166.0
166.45
166.89
167.31
167.75
168.16
168.61
169.13
169.6
170.14
170.63
171.16
171.77
172.41
173.03
173.76
174.49
175.17
175.91
176.6
177.28
178.01
178.7
179.38
180.07
180.76
181.41
182.1
182.79
183.53
184.24
184.99
185.69
186.48
187.23
187.96
188.74
189.5
190.25
191.03
191.84
192.61
193.39
194.13
194.87
195.55
196.31
197.1
197.83
198.61
199.36
200.12
200.84
201.54
202.23
203.01
203.79
204.54
205.29
206.06
206.86
207.67
208.46
209.37
210.27
211.07
211.86
212.62
213.36
214.16
214.91
215.68
216.4
217.17
217.96
218.68
