1.0
1.98
2.81
3.69
4.61
5.52
6.36
7.2
8.11
9.0
9.82
10.65
11.53
12.43
13.26
14.11
15.07
16.01
16.84
17.68
18.53
19.38
20.18
20.98
21.85
22.75
23.58
24.45
25.34
26.24
27.05
27.88
28.77
29.68
30.52
31.38
32.23
33.17
33.98
34.8
35.62
36.46
37.27
38.12
38.93
39.73
40.61
41.46
42.38
43.38
44.22
45.11
46.03
46.98
47.82
48.67
49.49
50.32
51.12
51.93
52.71
53.54
54.35
55.17
56.04
56.88
57.67
58.48
59.36
60.15
60.95
61.73
62.56
63.46
64.25
65.02
65.82
66.63
67.46
68.25
69.05
69.92
70.74
71.63
72.43
73.23
74.04
74.86
75.7
76.53
77.44
78.31
79.15
79.99
80.82
81.68
82.53
83.45
84.29
85.21
86.04
86.92
87.78
88.63
89.47
90.31
91.2
92.02
92.87
93.74
94.62
95.46
96.25
97.16
98.07
98.91
99.75
100.6
101.46
102.3
103.15
104.0
104.79
105.6
106.47
107.31
108.1
108.91
109.69
110.46
111.25
112.08
112.88
113.68
114.47
115.3
116.13
116.97
117.83
118.65
119.44
120.27
121.09
122.03
122.89
123.77
124.67
125.48
126.33
127.21
128.12
129.0
129.89
130.84
131.76
132.67
133.51
134.34
135.2
136.03
136.82
137.66
138.5
139.34
140.17
141.02
141.91
142.76
143.57
144.33
145.14
145.95
146.81
147.68
148.66
149.58
150.49
151.48
152.37
153.32
154.25
155.15
156.01
156.99
158.05
159.04
159.89
160.65
161.54
162.58
163.55
164.61
165.56
166.47
167.48
168.49
