0.15
0.95
1.74
2.58
3.42
4.33
5.16
6.0
6.85
7.75
8.55
9.39
10.22
11.15
12.0
12.87
13.83
14.73
15.63
16.49
17.32
18.25
19.09
19.93
20.73
21.63
22.45
23.29
24.15
25.05
25.91
26.78
27.61
28.54
29.41
30.3
31.13
32.0
32.8
33.64
34.47
35.42
36.24
37.09
37.9
38.74
39.55
40.37
41.16
42.06
42.88
43.73
44.58
45.47
46.41
47.26
48.13
49.04
49.86
50.71
51.58
52.48
53.31
54.17
55.05
55.96
56.76
57.62
58.43
59.36
60.19
61.03
61.85
62.7
63.52
64.37
65.2
66.06
66.88
67.76
68.55
69.39
70.28
71.27
72.19
73.06
73.86
74.72
75.56
76.4
77.24
78.09
78.92
79.76
80.63
81.49
82.49
83.43
84.39
85.3
86.21
87.17
88.05
88.94
89.81
90.74
91.59
92.51
93.37
94.3
95.14
95.99
96.82
97.73
98.61
99.49
100.37
101.26
102.09
102.93
103.76
104.64
105.45
106.34
107.16
108.1
108.92
109.73
110.57
111.47
112.32
113.18
114.02
114.87
115.72
116.57
117.4
118.26
119.15
120.02
120.83
121.68
122.47
123.34
124.17
125.1
125.98
126.82
127.64
128.56
129.42
130.25
131.11
132.12
133.22
134.14
135.04
136.01
136.9
137.78
138.64
139.54
140.4
141.27
142.11
142.99
143.84
144.71
145.54
146.48
147.36
148.26
149.2
150.16
151.15
152.08
153.04
153.98
154.94
155.95
156.91
157.83
158.87
159.74
160.66
161.66
162.77
163.87
164.76
165.62
166.68
167.69
168.77
169.74
170.79
171.88
172.95
174.1
175.18
176.22
177.37
