1.09
4.42
7.55
10.48
13.44
16.44
19.25
22.38
25.49
28.37
31.52
34.64
37.87
40.84
43.82
46.52
49.09
51.75
54.41
57.16
59.97
62.8
65.96
68.94
71.91
75.21
78.4
81.34
84.17
87.69
91.38
95.3
99.3
103.62
107.69
110.87
114.19
117.15
120.2
123.1
125.91
128.82
131.85
134.73
137.47
140.43
143.45
146.58
149.62
152.64
155.32
157.97
160.59
163.21
165.93
168.73
171.3
173.66
176.14
178.59
180.91
183.17
185.4
187.69
190.01
192.26
194.46
196.51
198.42
200.3
202.19
204.26
206.37
208.79
211.76
214.83
217.78
220.77
223.65
226.53
229.64
232.56
235.49
238.37
241.52
244.65
247.78
250.61
253.3
255.96
258.63
261.34
263.93
266.7
269.65
272.66
275.5
278.41
281.03
284.16
287.01
289.78
293.16
296.83
300.55
304.28
308.4
312.34
316.68
320.29
322.99
325.62
327.94
330.13
332.41
334.8
337.89
340.91
343.61
346.29
349.13
352.01
354.87
357.76
360.89
364.12
367.14
370.15
373.23
375.77
378.21
380.71
383.48
386.77
390.27
393.63
396.7
399.61
402.56
405.68
409.43
412.76
416.1
419.24
422.52
426.02
429.58
433.3
