0.5
1.27
2.05
2.87
3.66
4.42
5.19
6.0
6.77
7.56
8.3
9.06
9.77
10.48
11.21
12.0
12.73
13.45
14.21
14.96
15.65
16.37
17.12
17.85
18.54
19.26
19.97
20.71
21.45
22.19
22.89
23.61
24.37
25.03
25.68
26.31
26.97
27.65
28.37
29.07
29.72
30.43
31.16
31.87
32.59
33.35
34.13
34.92
35.67
36.4
37.15
37.88
38.65
39.4
40.12
40.85
41.6
42.33
43.08
43.85
44.52
45.21
45.87
46.52
47.17
47.81
48.45
49.1
49.74
50.41
51.06
51.76
52.41
53.1
53.73
54.41
55.1
55.8
56.44
57.16
57.84
58.51
59.23
60.04
60.86
61.65
62.44
63.25
64.01
64.83
65.59
66.35
67.15
67.92
68.63
69.31
70.01
70.76
71.46
72.14
72.89
73.67
74.42
75.15
75.87
76.62
77.39
78.13
78.85
79.53
80.23
80.96
81.71
82.41
83.12
83.83
84.6
85.39
86.15
86.92
87.7
88.42
89.15
89.9
90.5
91.15
91.79
92.36
92.96
93.56
94.12
94.71
95.3
95.9
96.48
97.06
97.66
98.21
98.81
99.36
99.89
100.4
100.9
101.42
101.98
102.5
103.03
103.56
104.02
104.52
104.98
105.48
105.94
106.43
106.86
107.31
107.73
108.17
108.58
108.96
109.37
109.76
110.12
110.5
110.88
111.27
111.69
112.12
112.55
112.97
113.37
113.77
114.2
114.58
114.94
115.31
115.67
116.05
116.43
116.79
117.15
117.52
117.9
118.29
118.7
119.09
119.47
119.83
120.21
120.61
120.98
121.35
121.74
122.11
122.49
122.89
123.27
123.64
124.03
124.43
124.82
125.22
125.56
125.92
126.29
126.65
127.0
127.36
127.74
128.08
128.45
128.83
129.22
129.58
129.96
130.36
130.74
131.11
131.5
131.86
132.22
132.59
132.98
133.33
133.7
134.04
134.39
134.74
135.08
135.44
135.78
136.12
136.44
136.78
137.12
137.48
137.85
138.22
138.61
138.98
139.34
139.7
140.08
140.44
140.83
141.24
141.67
142.08
142.49
142.86
143.27
143.64
144.01
144.36
144.73
145.1
145.48
145.84
146.22
146.59
146.95
147.32
147.69
148.07
148.45
148.82
149.17
149.51
149.85
150.22
150.55
150.92
151.25
151.6
151.95
152.31
152.65
152.98
153.33
153.67
154.0
154.33
154.67
155.0
155.32
155.66
155.98
156.33
156.66
156.99
157.3
157.63
157.98
158.33
158.67
158.99
159.31
159.62
159.94
160.26
160.59
160.91
161.24
161.58
161.92
162.25
162.57
162.89
163.22
163.55
163.88
164.23
164.56
164.89
165.25
165.58
165.94
166.3
166.67
167.03
167.36
167.73
168.07
168.41
168.73
169.08
169.41
169.75
170.13
170.52
170.9
171.3
171.72
172.12
172.57
173.04
173.66
174.27
174.92
175.51
176.15
176.77
177.37
177.98
178.6
179.15
179.73
180.31
180.91
181.47
182.08
182.63
183.17
183.74
184.3
184.82
185.4
185.94
186.52
187.12
187.69
188.28
188.86
189.44
189.98
190.56
191.12
191.7
192.26
192.86
193.42
193.94
194.46
195.0
195.51
196.01
196.51
197.01
197.47
197.94
198.43
198.88
199.35
199.82
200.31
200.77
201.23
201.72
202.2
202.71
203.2
203.73
204.27
204.91
205.64
206.43
207.23
208.05
208.79
209.49
210.24
210.97
211.76
212.59
213.37
214.09
214.84
215.56
216.26
217.0
217.79
218.52
219.27
220.06
220.79
221.45
222.13
222.9
223.66
224.36
225.1
225.79
226.53
227.28
228.09
228.89
229.65
230.35
231.12
231.83
232.56
233.22
233.92
234.7
235.49
236.2
236.91
237.61
238.37
239.11
239.98
240.8
241.53
242.3
243.11
243.88
244.66
245.38
246.15
246.95
247.79
248.55
249.21
249.91
250.61
251.3
251.99
252.66
253.31
253.97
254.62
255.28
255.97
256.59
257.25
257.94
258.64
259.29
259.96
260.67
261.35
261.98
262.62
263.26
263.94
264.59
265.21
265.95
266.69
267.47
268.17
268.95
269.65
270.41
271.16
271.95
272.67
273.45
274.14
274.86
275.51
276.2
276.89
277.63
278.29
279.03
279.68
280.33
281.04
281.84
282.61
283.34
284.16
284.93
285.77
286.66
287.37
288.09
288.77
289.45
290.18
290.81
291.47
292.1
292.77
293.38
294.05
294.61
295.18
295.74
296.33
296.87
297.48
298.03
298.62
299.19
299.78
300.38
300.93
301.47
302.03
302.61
303.2
303.77
304.29
304.86
305.36
305.91
306.39
306.89
307.4
307.9
308.4
308.91
309.46
309.99
310.67
311.39
312.05
312.74
313.45
314.22
314.93
315.66
316.36
317.06
317.73
318.39
319.06
319.76
320.43
321.05
321.74
322.37
323.0
323.64
324.32
324.94
325.63
326.27
326.84
327.39
327.94
328.48
329.01
329.57
330.13
330.71
331.27
331.83
332.42
333.01
333.57
334.17
334.8
335.48
336.27
337.04
337.91
338.73
339.54
340.26
340.92
341.58
342.27
342.92
343.61
344.29
344.96
345.62
346.3
347.1
347.92
348.73
349.47
350.26
351.0
351.67
352.38
353.13
353.86
354.52
355.24
355.93
356.7
357.44
358.27
359.1
359.92
360.72
361.56
362.46
363.29
364.13
364.96
365.72
366.44
367.15
367.83
368.58
369.31
370.16
370.98
371.73
372.53
373.24
373.9
374.5
375.11
375.8
376.53
377.2
377.85
378.57
379.22
379.92
380.62
381.37
382.07
382.75
383.48
384.26
385.0
385.71
386.46
387.26
388.02
388.78
389.58
390.38
391.17
391.97
392.84
393.64
394.44
395.23
395.99
396.71
397.48
398.21
398.9
399.62
400.35
401.04
401.76
402.56
403.34
404.09
404.87
405.69
406.56
407.57
408.48
409.44
410.42
411.24
412.0
412.77
413.61
414.49
415.28
416.11
416.86
417.65
418.41
419.24
420.15
421.0
421.79
422.53
423.35
424.12
425.04
426.02
426.99
427.86
428.71
429.59
430.55
431.45
432.4
433.31
434.13
435.03
435.86
