3.25
5.9
8.42
11.05
14.09
17.59
21.36
25.47
29.08
32.74
37.05
41.24
45.51
49.47
53.29
57.13
60.96
64.89
68.54
72.5
76.58
80.07
83.49
87.08
90.86
94.91
98.98
102.72
106.61
110.29
114.0
117.89
121.59
125.46
129.26
132.96
136.67
140.23
143.57
146.71
149.29
151.61
153.9
156.29
158.63
160.99
163.45
165.73
167.93
169.87
171.77
173.69
175.55
177.37
179.21
181.07
182.94
184.85
186.72
188.59
190.45
192.25
193.99
195.69
197.37
199.11
200.91
202.76
204.58
206.47
208.32
210.15
211.97
213.91
215.84
217.73
219.61
221.38
223.16
224.9
