0.27
1.01
1.79
2.5
3.26
4.03
4.67
5.31
5.9
6.52
7.14
7.76
8.41
9.01
9.62
10.28
10.88
11.54
12.14
12.8
13.43
14.1
14.74
15.44
16.09
16.71
17.31
17.92
18.54
19.16
19.75
20.36
20.9
21.47
22.04
22.64
23.18
23.75
24.32
24.9
25.48
25.96
26.41
26.87
27.34
27.8
28.23
28.65
29.08
29.51
29.93
30.36
30.8
31.29
31.81
32.35
32.86
33.39
33.91
34.44
34.97
35.48
36.0
36.55
37.06
37.61
38.13
38.66
39.21
39.74
40.24
40.75
41.27
41.83
42.36
42.86
43.4
43.95
44.47
45.0
45.54
46.13
46.72
47.31
47.88
48.4
48.96
49.48
50.03
50.61
51.16
51.73
52.32
52.8
53.29
53.76
54.25
54.74
55.24
55.74
56.2
56.67
57.14
57.63
58.1
58.55
59.05
59.53
60.0
60.48
60.96
61.45
61.91
62.39
62.92
63.47
63.99
64.45
64.9
65.37
65.84
66.28
66.74
67.18
67.63
68.08
68.54
68.99
69.45
69.93
70.39
70.85
71.31
71.75
72.23
72.71
73.19
73.72
74.2
74.69
75.21
75.68
76.12
76.59
77.04
77.48
77.91
78.35
78.78
79.22
79.64
80.08
80.51
80.94
81.38
81.81
82.24
82.67
83.08
83.51
83.94
84.39
84.83
85.3
85.76
86.23
86.69
87.13
87.59
88.05
88.53
88.97
89.41
89.87
90.33
90.86
91.36
91.83
92.35
92.87
93.38
93.87
94.38
94.91
95.45
95.96
96.43
96.94
97.43
97.93
98.45
98.95
99.42
99.87
100.34
100.81
101.3
101.77
102.22
102.72
103.2
103.69
104.2
104.69
105.15
105.66
106.12
106.62
107.08
107.52
107.98
108.46
108.92
109.37
109.82
110.29
110.75
111.2
111.67
112.16
112.61
113.08
113.53
114.0
114.44
114.95
115.43
115.95
116.42
116.94
117.42
117.9
118.34
118.8
119.27
119.74
120.21
120.7
121.16
121.6
122.06
122.52
123.0
123.51
124.01
124.5
124.97
125.47
125.94
126.42
126.9
127.4
127.86
128.36
128.82
129.3
129.79
130.27
130.72
131.15
131.6
132.07
132.5
132.96
133.46
133.94
134.47
134.94
135.44
135.97
136.5
137.0
137.55
138.02
138.49
138.99
139.47
139.93
140.41
140.94
141.42
141.91
142.44
142.91
143.42
143.94
144.42
144.91
145.43
146.01
146.53
147.11
147.65
148.19
148.74
149.29
149.86
150.43
151.01
151.63
152.22
152.78
153.35
153.9
154.5
155.05
155.65
156.29
156.92
157.53
158.08
158.65
159.25
159.8
160.34
160.81
161.31
161.81
162.34
162.86
163.45
164.04
164.61
165.17
165.75
166.38
166.98
167.58
168.15
168.76
169.38
169.9
170.46
171.02
171.58
172.15
172.74
173.22
173.69
174.16
174.62
175.08
175.55
176.02
176.47
176.93
177.38
177.86
178.32
178.76
179.22
179.68
180.15
180.6
181.08
181.56
182.03
182.48
182.97
183.48
183.97
184.4
184.85
185.31
185.75
186.21
186.72
187.21
187.68
188.13
188.62
189.08
189.54
190.01
190.46
190.92
191.37
191.8
192.26
192.72
193.15
193.58
194.0
194.44
194.84
195.28
195.7
196.12
196.52
196.94
197.38
197.78
198.22
198.67
199.14
199.58
200.04
200.49
200.92
201.37
201.83
202.31
202.77
203.23
203.69
204.13
204.59
205.06
205.53
206.02
206.48
206.95
207.4
207.87
208.33
208.8
209.26
209.71
210.16
210.6
211.07
211.51
211.98
212.45
212.96
213.44
213.92
214.4
214.89
215.37
215.85
216.32
216.79
217.27
217.74
218.22
218.71
219.2
219.74
220.29
220.79
221.34
221.84
222.27
222.72
223.16
223.6
224.04
224.47
224.89
225.35
225.81
226.24
226.7
227.16
227.62
228.08
228.56
