0.5
1.24
1.95
2.61
3.31
4.01
4.71
5.45
6.14
6.83
7.49
8.15
8.92
9.73
10.52
11.29
12.01
12.66
13.24
13.87
14.44
15.02
15.64
16.2
16.82
17.4
18.01
18.61
19.25
19.9
20.53
21.16
21.77
22.41
23.06
23.74
24.38
25.0
25.71
26.44
27.14
27.8
28.42
29.07
29.69
30.3
31.07
31.84
32.55
33.2
33.81
34.42
35.06
35.69
36.35
36.97
37.64
38.28
39.0
39.69
40.35
41.03
41.67
42.34
42.98
43.59
44.24
44.91
45.51
46.16
46.79
47.44
48.12
48.76
49.43
50.13
50.8
51.44
52.15
52.78
53.48
54.16
54.88
55.56
56.2
56.88
57.59
58.15
58.7
59.29
59.86
60.4
60.96
61.55
62.1
62.63
63.19
63.76
64.32
64.86
65.43
66.03
66.6
67.14
67.71
68.29
68.84
69.41
70.03
70.68
71.26
71.8
72.37
72.96
73.52
74.04
74.59
75.18
75.73
76.27
76.83
77.42
77.98
78.52
79.1
79.71
80.31
80.86
81.43
82.01
82.57
83.13
83.74
84.37
84.95
85.49
86.07
86.65
87.22
87.78
88.38
89.02
89.6
90.14
90.69
91.29
91.85
92.4
93.03
93.67
94.32
94.9
95.47
96.07
96.68
97.25
97.83
98.42
99.04
99.61
100.19
100.78
101.39
101.97
102.55
103.17
103.77
104.33
104.9
105.49
106.1
106.68
107.32
108.02
108.68
109.26
109.82
110.41
111.01
111.61
112.18
112.79
113.41
113.98
114.56
115.15
115.78
116.36
116.93
117.52
118.14
118.69
119.27
119.85
120.47
121.06
121.64
122.25
122.85
123.41
123.96
124.55
125.1
125.68
126.26
126.83
127.38
127.91
128.46
129.04
129.66
130.27
130.84
131.44
132.06
132.66
133.21
133.75
134.24
134.76
135.3
135.87
136.42
136.94
137.51
138.08
138.64
139.24
139.81
140.39
141.03
141.72
142.36
142.91
143.49
144.08
144.67
145.24
145.81
146.41
147.0
147.55
148.14
148.76
149.36
149.94
150.56
151.21
151.83
152.39
152.96
153.55
154.14
154.71
155.36
156.06
156.7
157.27
157.85
158.45
159.05
159.61
160.17
160.77
161.34
161.89
162.45
163.06
163.65
164.22
164.85
165.49
166.12
166.69
167.25
167.84
168.41
168.96
169.57
170.21
170.84
171.41
172.0
172.6
173.18
173.76
174.39
175.05
175.69
176.27
176.84
177.45
178.04
178.61
179.2
179.9
180.59
181.19
181.76
182.37
183.01
183.58
184.16
184.76
185.36
185.94
186.5
187.09
187.69
188.27
188.86
189.5
190.13
190.72
191.3
191.9
192.52
193.11
193.66
194.25
194.85
195.41
195.98
196.59
197.23
197.81
198.42
199.06
199.7
200.28
200.87
201.47
202.09
202.65
203.22
203.86
204.49
205.09
205.71
206.35
207.08
207.76
208.58
209.4
210.18
210.94
211.65
212.38
213.15
213.9
214.6
215.38
216.08
216.8
217.48
218.16
218.99
219.82
220.62
221.48
222.28
222.93
223.54
224.19
224.95
225.67
226.39
227.07
227.82
228.43
229.05
229.69
230.34
230.97
231.6
232.2
232.83
233.47
234.18
234.85
235.48
236.2
236.91
237.67
238.39
239.08
239.79
240.45
241.07
241.71
242.38
242.99
243.62
244.26
244.9
245.53
246.15
246.78
247.43
248.06
248.75
249.5
250.26
251.0
251.7
252.48
253.17
253.88
254.53
255.18
255.84
256.49
257.13
257.77
258.44
259.07
259.73
260.36
261.02
261.66
262.33
263.0
263.7
264.34
265.03
265.75
266.42
267.09
267.74
268.43
269.11
269.76
270.39
271.13
271.84
272.52
273.27
273.96
274.65
275.3
276.02
276.68
277.37
278.01
278.64
279.31
279.94
280.58
281.15
281.7
282.28
282.86
283.41
283.96
284.54
285.11
285.64
286.21
286.8
287.38
287.93
288.49
289.08
289.66
290.2
290.77
291.36
291.95
292.49
293.06
293.67
294.24
294.8
295.38
295.98
296.57
297.14
297.71
298.37
299.07
299.68
300.25
300.85
301.48
302.05
302.65
303.26
303.88
304.45
305.01
305.61
306.23
306.82
307.43
308.07
308.68
309.26
309.83
310.42
311.06
311.65
312.26
312.95
313.61
314.19
314.76
315.35
315.96
316.54
317.12
317.72
318.32
318.86
319.42
320.05
320.71
321.32
321.94
322.57
323.23
323.82
324.4
325.01
325.61
326.17
326.76
327.44
328.12
328.72
329.3
329.9
330.53
331.11
331.71
332.37
333.03
333.61
334.18
334.75
335.34
335.96
336.57
337.24
337.87
338.57
339.32
339.99
340.61
341.24
341.83
342.45
343.08
343.7
344.33
344.93
345.52
346.18
346.89
347.66
348.35
349.11
349.72
350.34
350.98
351.64
352.29
352.92
353.52
354.09
354.67
355.24
355.85
356.43
356.99
357.55
358.08
358.64
359.2
359.77
360.32
360.89
361.47
362.0
362.56
363.21
363.83
364.45
365.05
365.68
366.34
366.95
367.6
368.19
368.83
369.43
370.07
370.7
371.31
371.96
372.61
373.3
373.94
374.67
375.44
376.17
376.79
377.39
378.04
378.65
379.29
379.96
380.57
381.21
381.92
382.59
383.2
383.85
384.52
385.21
385.89
386.5
387.14
387.8
388.43
389.04
389.63
390.3
390.99
391.62
392.25
392.96
393.67
394.32
394.95
395.63
396.3
396.89
397.51
398.16
398.76
399.37
400.0
400.66
401.29
401.85
402.45
403.12
403.85
404.54
405.19
406.0
406.83
407.74
408.72
409.69
410.62
411.53
412.52
413.42
414.28
415.11
415.99
416.78
417.66
418.45
419.26
420.13
420.91
421.76
422.58
423.34
424.13
424.91
425.7
426.52
427.32
428.07
428.87
429.69
430.44
431.23
432.06
432.83
