0.49
3.31
6.13
8.91
12.0
14.68
17.38
20.02
23.06
25.71
28.41
30.85
33.19
35.68
38.27
41.09
44.23
46.78
49.43
52.14
54.85
57.04
59.28
61.54
63.75
66.02
68.28
70.67
72.94
75.17
77.42
79.7
82.0
84.36
86.64
89.01
91.28
94.32
96.67
99.03
101.38
103.76
106.09
108.67
111.0
113.4
115.77
118.13
120.46
122.84
125.1
127.33
129.65
132.05
134.43
136.89
139.24
141.71
144.08
146.4
148.75
151.21
153.54
156.06
158.44
160.76
163.06
165.49
167.83
170.21
172.59
175.05
177.44
179.89
183.0
185.36
187.69
190.12
192.51
194.84
197.22
199.7
202.08
204.48
207.07
210.17
213.14
216.07
218.98
222.27
224.95
227.8
230.45
233.46
236.19
239.07
241.7
244.25
246.77
249.48
253.16
255.83
258.43
260.87
263.2
265.74
268.42
271.12
273.95
277.0
279.93
282.27
284.54
286.79
289.08
291.35
293.66
295.97
298.36
300.84
303.25
305.6
308.06
310.41
312.94
315.34
317.71
320.05
322.56
325.0
327.43
329.89
332.37
334.74
337.23
339.98
343.69
347.86
351.63
355.44
359.13
362.55
365.37
367.74
370.06
372.6
375.43
378.01
380.28
382.58
385.21
387.79
390.29
392.95
395.62
398.15
400.66
403.11
406.82
410.61
414.27
417.57
420.9
424.12
427.2
