0.22
0.64
1.05
1.48
1.88
2.3
2.72
3.14
3.57
4.0
4.41
4.84
5.26
5.68
6.12
6.56
6.98
7.42
7.84
8.27
8.7
9.12
9.55
9.99
10.42
10.85
11.3
11.75
12.19
12.62
13.05
13.51
13.94
14.38
14.8
15.23
15.65
16.06
16.47
16.88
17.3
17.72
18.14
18.57
18.98
19.41
19.82
20.26
20.69
21.11
21.56
21.98
22.42
22.88
23.33
23.77
24.24
24.69
25.14
25.58
26.04
26.47
26.92
27.37
27.81
28.25
28.7
29.11
29.54
29.97
30.41
30.83
31.27
31.71
32.13
32.57
33.0
33.43
33.87
34.31
34.77
35.21
35.63
36.07
36.5
36.94
37.38
37.8
38.22
38.67
39.09
39.5
39.9
40.3
40.71
41.14
41.56
42.01
42.43
42.86
43.29
43.72
44.16
44.62
45.08
45.53
45.96
46.4
46.83
47.26
47.68
48.08
48.5
48.93
49.34
49.79
50.26
50.71
51.13
51.58
52.03
52.46
52.91
53.35
53.79
54.24
54.7
55.16
55.6
56.05
56.49
56.94
57.39
57.84
58.29
58.74
59.19
59.65
60.09
60.54
60.99
61.43
61.86
62.31
62.75
63.17
63.62
64.05
64.49
64.95
65.39
65.82
66.27
66.72
67.19
67.66
68.15
68.61
69.07
69.53
69.97
70.39
70.84
71.29
71.75
72.2
72.64
73.1
73.56
74.04
74.54
75.02
75.46
75.89
76.32
76.78
77.23
77.72
78.18
78.68
79.24
79.76
80.33
