0.11
0.53
0.98
1.43
1.87
2.29
2.71
3.15
3.61
4.05
4.51
4.98
5.45
5.92
6.39
6.86
7.33
7.79
8.25
8.73
9.18
9.65
10.12
10.59
11.06
11.52
11.99
12.47
12.93
13.39
13.84
14.28
14.74
15.2
15.67
16.13
16.58
17.03
17.46
17.91
18.34
18.78
19.26
19.73
20.2
20.68
21.13
21.61
22.08
22.54
23.01
23.48
23.95
24.43
24.91
25.4
25.87
26.35
26.83
27.31
27.78
28.24
28.72
29.2
29.66
30.15
30.63
31.1
31.59
32.05
32.48
32.9
33.32
33.76
34.18
34.62
35.06
35.51
35.98
36.45
36.93
37.39
37.84
38.31
38.76
39.23
39.68
40.14
40.62
41.1
41.56
42.0
42.46
42.92
43.35
43.82
44.29
44.78
45.24
45.71
46.18
46.64
47.1
47.55
48.04
48.51
48.99
49.46
49.94
50.39
50.81
51.25
51.69
52.17
52.63
53.11
53.59
54.06
54.52
55.0
55.48
55.95
56.44
56.92
57.41
57.91
58.37
58.85
59.3
59.79
60.25
60.74
61.23
61.71
62.18
62.67
63.17
63.66
64.13
64.59
65.05
65.55
66.03
66.51
66.96
67.45
67.92
68.42
68.88
69.35
69.83
70.3
70.77
71.25
71.78
72.34
72.83
73.33
73.81
74.28
74.75
75.22
75.69
76.18
76.64
77.1
77.57
78.04
78.52
78.98
79.47
79.94
80.41
80.87
81.34
81.81
82.29
82.79
83.31
83.9
84.48
85.04
85.59
86.19
86.73
