0.51
1.43
2.28
3.24
4.33
5.47
6.56
7.56
8.54
9.55
10.57
11.4
12.25
13.09
13.92
14.76
15.58
16.44
17.25
18.06
18.9
19.75
20.63
21.42
22.2
23.0
23.76
24.55
25.34
26.2
27.09
28.01
28.96
29.92
30.86
31.92
32.99
34.0
35.14
36.2
37.25
38.18
39.02
39.86
40.69
41.5
42.35
43.17
43.99
44.79
45.72
46.6
47.44
48.24
49.0
49.79
50.75
51.72
52.66
53.53
54.47
55.35
56.28
57.14
58.01
58.9
59.69
60.51
61.36
62.16
62.94
63.79
64.66
65.62
66.59
67.5
68.37
69.23
70.12
70.9
71.69
72.48
73.25
74.05
74.87
75.62
76.39
77.21
78.06
79.09
80.09
81.13
82.06
83.14
84.17
85.23
86.26
87.37
88.45
89.54
90.61
91.62
92.67
93.69
94.7
95.75
96.73
97.69
98.52
99.4
100.24
101.18
102.09
102.99
103.83
104.67
105.46
106.26
107.0
107.72
108.48
109.25
110.1
110.93
111.74
112.56
113.42
114.25
115.08
115.95
116.88
117.83
118.82
119.78
120.77
121.68
122.64
123.61
124.45
125.32
126.17
127.07
127.92
128.77
129.62
130.42
131.26
132.13
133.0
133.98
135.02
135.99
137.02
137.95
138.99
139.99
140.92
141.95
143.0
143.93
144.85
145.78
146.7
147.59
148.49
149.38
150.3
151.22
152.18
152.98
153.86
154.7
155.51
156.35
157.18
158.12
158.98
159.9
160.74
161.68
162.55
163.4
164.21
165.01
165.86
166.66
167.42
168.23
169.0
169.93
170.86
