0.21
0.53
0.87
1.21
1.53
1.86
2.19
2.5
2.82
3.14
3.44
3.75
4.05
4.35
4.65
4.96
5.25
5.56
5.86
6.16
6.45
6.75
7.05
7.35
7.65
7.95
8.25
8.55
8.86
9.18
9.48
9.77
10.06
10.35
10.65
10.95
11.25
11.54
11.84
12.14
12.44
12.74
13.05
13.35
13.64
13.95
14.25
14.55
14.84
15.12
15.41
15.7
15.99
16.28
16.58
16.86
17.16
17.45
17.74
18.03
18.33
18.63
18.93
19.22
19.52
19.82
20.13
20.42
20.71
21.0
21.28
21.57
21.87
22.16
22.46
22.76
23.05
23.35
23.65
23.94
24.23
24.52
24.82
25.12
25.43
25.73
26.03
26.33
26.62
26.93
27.23
27.53
27.82
28.12
28.42
28.73
29.02
29.32
29.62
29.92
30.22
30.53
30.83
31.13
31.43
31.73
32.02
32.33
32.62
32.92
33.23
33.53
33.82
34.12
34.42
34.72
35.03
35.33
35.63
35.92
36.22
36.52
36.83
37.13
37.43
37.71
38.01
38.31
38.61
38.91
39.21
39.51
39.81
40.1
40.4
40.71
41.01
41.3
41.59
41.88
42.16
42.46
42.75
43.03
43.32
43.62
43.93
44.23
44.53
44.83
45.12
45.42
45.71
46.0
46.29
46.59
46.87
47.17
47.48
47.77
48.06
48.34
48.64
48.92
49.21
49.52
49.82
50.12
50.42
50.71
51.0
51.29
51.58
51.87
52.17
52.46
52.75
53.04
53.33
53.62
53.91
54.2
54.49
54.78
55.07
55.35
55.64
55.94
56.23
56.52
56.81
57.1
57.39
57.67
57.96
58.26
58.55
58.85
59.15
59.44
59.73
60.02
60.32
60.6
60.89
61.17
61.46
61.73
62.03
62.34
62.66
62.97
63.27
63.59
63.89
64.23
64.58
64.91
65.26
65.61
65.97
66.29
66.6
66.93
67.24
67.56
67.88
68.2
68.53
68.85
69.16
