0.9
5.18
8.88
12.49
16.05
19.67
23.26
26.48
29.93
33.96
37.85
41.72
45.78
49.43
53.25
57.2
61.3
65.31
69.37
73.39
77.44
81.44
85.3
89.28
93.4
97.4
100.94
104.49
108.15
111.82
115.53
119.21
122.77
126.78
130.95
134.86
138.76
143.14
147.31
151.43
155.57
159.64
163.71
167.53
171.29
175.02
178.5
181.94
185.42
189.01
192.42
195.89
199.06
202.18
205.21
208.24
211.58
215.0
218.17
221.82
225.49
228.91
232.44
236.23
240.12
243.73
246.97
249.92
253.04
256.93
260.64
264.17
267.78
270.73
273.76
277.5
281.75
285.63
289.41
293.21
297.23
301.12
304.68
308.15
311.72
315.17
318.44
321.66
324.78
