0.2
0.91
1.6
2.32
2.97
3.67
4.37
5.18
6.01
6.89
7.66
8.46
9.3
10.06
10.86
11.66
12.46
13.37
14.29
15.13
16.03
16.98
17.84
18.76
19.71
20.57
21.53
22.39
23.26
24.1
24.87
25.7
26.49
27.24
28.03
29.0
29.94
30.97
31.98
32.95
33.96
35.02
35.97
36.89
37.86
38.81
39.82
40.78
41.72
42.7
43.66
44.76
45.79
46.79
47.64
48.55
49.43
50.41
51.34
52.33
53.26
54.2
55.13
56.09
57.21
58.33
59.28
60.32
61.3
62.3
63.31
64.27
65.32
66.3
67.29
68.3
69.38
70.38
71.39
72.35
73.39
74.42
75.46
76.47
77.45
78.45
79.48
80.44
81.46
82.42
83.37
84.35
85.32
86.28
87.26
88.23
89.29
90.28
91.28
92.32
93.41
94.45
95.45
96.41
97.4
98.31
99.18
100.07
100.95
101.81
102.73
103.59
104.5
105.44
106.36
107.26
108.16
109.09
109.97
110.87
111.83
112.75
113.66
114.61
115.54
116.47
117.4
118.3
119.21
120.11
120.97
121.83
122.78
123.75
124.68
125.62
126.5
127.32
128.22
129.21
130.19
131.13
132.04
132.98
133.92
134.86
135.78
136.71
137.69
138.58
139.42
140.34
141.21
142.16
143.15
144.16
145.13
146.26
147.32
148.39
149.43
150.45
151.44
152.48
153.51
154.53
155.59
156.6
157.58
158.63
159.65
160.64
161.66
162.74
163.72
164.77
165.72
166.63
167.54
168.5
169.47
170.35
171.3
172.21
173.18
174.07
175.02
175.96
176.83
177.63
178.51
179.3
180.13
181.01
181.96
182.81
183.71
184.55
185.43
186.29
187.22
188.09
189.02
189.89
190.71
191.54
192.42
193.21
194.07
194.98
195.91
196.72
197.52
198.3
199.07
199.84
200.64
201.41
202.19
202.98
203.71
204.46
205.22
205.95
206.69
207.44
208.25
209.02
209.91
210.7
211.58
212.43
213.31
214.13
215.01
215.82
216.6
217.36
218.18
218.95
219.7
220.45
221.21
222.03
222.77
223.69
224.6
225.49
226.36
227.2
228.05
228.91
229.75
230.58
231.45
232.39
233.26
234.14
235.09
235.97
236.93
237.93
238.9
239.84
240.8
241.71
242.64
243.58
244.54
245.45
246.35
247.3
248.29
249.22
250.21
251.12
252.13
253.05
254.05
254.98
255.94
256.9
257.88
258.8
259.69
260.64
261.53
262.48
263.33
264.18
265.04
265.91
266.89
267.79
268.53
269.26
269.97
270.74
271.47
272.19
272.95
273.77
274.58
275.49
276.47
277.5
278.56
279.63
280.64
281.66
282.72
283.72
284.77
285.83
286.82
287.94
288.99
290.08
291.22
292.27
293.23
294.24
295.29
296.3
297.24
298.28
299.35
300.21
301.13
302.04
302.94
303.81
304.69
305.54
306.46
307.27
308.15
309.02
309.86
310.81
311.73
312.67
313.49
314.3
315.17
316.02
316.89
317.7
318.46
319.28
320.1
320.86
321.67
322.45
323.24
324.0
324.79
325.56
326.38
327.12
327.94
328.68
329.49
