4.07
8.33
12.55
16.28
19.55
22.66
26.39
30.2
34.03
37.74
41.31
45.07
49.43
53.73
58.06
61.75
65.3
68.49
71.73
75.15
78.64
81.94
85.11
88.32
91.26
94.45
97.66
100.85
103.98
107.36
110.63
114.07
117.51
121.04
124.61
128.53
132.91
137.07
141.12
145.36
149.66
154.07
158.32
162.12
165.71
169.39
173.43
177.43
181.22
184.61
188.09
191.69
195.25
199.11
203.09
206.47
210.17
213.99
217.6
221.15
224.69
228.16
231.71
235.28
238.36
241.88
245.72
249.54
253.62
257.63
261.43
265.24
268.96
272.75
276.26
279.95
283.56
287.02
