0.95
2.07
3.04
4.07
5.05
6.1
7.05
7.97
8.89
9.81
10.77
11.71
12.55
13.45
14.36
15.33
16.29
17.24
18.02
18.76
19.56
20.32
21.12
21.86
22.67
23.4
24.17
24.94
25.73
26.46
27.26
28.02
28.77
29.57
30.41
31.28
32.11
33.09
34.05
34.99
35.87
36.85
37.75
38.61
39.5
40.41
41.43
42.43
43.47
44.4
45.39
46.3
47.28
48.2
49.11
50.07
51.04
51.93
52.88
53.74
54.58
55.45
56.3
57.19
58.07
58.98
59.94
60.86
61.76
62.65
63.57
64.44
65.33
66.29
67.26
68.13
68.94
69.8
70.74
71.56
72.39
73.21
74.03
74.79
75.61
76.42
77.14
77.89
78.65
79.48
80.31
81.15
81.95
82.75
83.51
84.31
85.13
85.94
86.74
87.53
88.3
89.04
89.74
90.49
91.28
92.12
92.91
93.69
94.46
95.24
96.1
96.87
97.67
98.51
99.31
100.07
100.86
101.69
102.47
103.23
103.99
104.86
105.65
106.54
107.36
108.18
108.97
109.84
110.64
111.44
112.3
113.17
114.08
114.9
115.8
116.6
117.51
118.64
119.68
120.81
121.91
122.84
123.73
124.62
125.49
126.47
127.53
128.53
129.65
130.77
131.79
132.92
133.94
135.04
136.12
137.18
138.27
139.31
140.38
141.47
142.54
143.62
144.71
145.79
146.91
147.95
149.07
150.13
151.28
152.31
153.2
154.08
155.03
155.85
156.68
157.54
158.33
158.96
159.64
160.29
160.94
161.6
162.29
162.94
163.61
164.26
164.89
165.51
166.15
166.81
167.44
168.09
168.72
169.4
170.05
170.7
171.4
172.02
172.68
173.3
173.95
174.58
175.22
175.89
176.52
177.16
177.82
178.47
179.13
179.72
180.32
180.91
181.48
182.02
182.6
183.12
183.67
184.23
184.84
185.42
185.97
186.55
187.14
187.79
188.43
189.06
189.67
190.31
190.92
191.55
192.3
192.99
193.74
194.5
195.26
196.08
196.88
197.64
198.38
199.12
199.92
200.65
201.41
202.2
203.1
203.94
204.76
205.59
206.48
207.36
208.22
209.2
210.19
211.14
212.16
213.1
214.0
214.98
215.82
216.73
217.6
218.49
219.35
220.26
221.15
222.03
222.95
223.85
224.69
225.55
226.46
227.28
228.18
229.04
229.9
230.84
231.72
232.69
233.57
234.52
235.29
236.11
236.88
237.61
238.37
239.16
239.95
240.89
241.88
242.87
243.88
244.81
245.72
246.66
247.66
248.56
249.54
250.42
251.36
252.26
253.21
254.15
255.07
256.08
257.09
258.07
259.1
260.19
261.2
262.24
263.32
264.35
265.26
266.16
267.12
268.02
268.97
269.91
270.88
271.83
272.76
273.68
274.54
275.4
276.26
277.05
277.89
278.75
279.61
280.38
281.18
282.01
282.77
283.57
284.47
285.27
286.12
287.04
287.93
288.87
289.75
290.71
291.6
292.55
293.51
294.49
