0.43
1.26
2.07
2.84
3.65
4.65
5.59
6.6
7.65
8.71
9.75
10.82
11.82
12.88
13.93
14.87
15.84
16.78
17.87
18.84
19.91
20.94
21.92
22.96
23.87
24.84
25.79
26.75
27.67
28.54
29.47
30.23
31.04
31.85
32.62
33.37
34.01
34.62
35.22
35.87
36.42
37.01
37.6
38.19
38.81
39.42
39.99
40.59
41.21
41.87
42.49
43.07
43.66
44.25
44.8
45.37
45.95
46.52
47.12
47.73
48.28
48.89
49.45
50.04
50.63
51.21
51.83
52.39
52.91
53.41
53.93
54.5
55.06
55.61
56.14
56.69
57.28
57.83
58.37
58.93
59.46
60.01
60.58
61.14
61.7
62.22
62.73
63.24
63.79
64.35
64.91
65.43
65.96
66.48
67.06
67.64
68.25
68.87
69.47
70.07
70.7
71.29
71.93
72.51
73.06
73.62
74.19
74.78
75.34
75.95
76.49
77.03
77.59
78.15
78.69
79.24
79.79
80.35
80.88
81.41
81.95
82.51
83.06
83.57
84.11
84.7
85.28
85.88
86.44
87.0
87.58
88.12
88.68
89.24
89.81
90.42
90.97
91.58
92.14
92.69
93.23
93.8
94.36
94.95
95.54
96.09
96.68
97.28
97.84
98.43
98.97
99.48
100.03
100.57
101.12
101.65
102.23
102.77
103.34
103.94
104.57
105.17
105.75
106.36
106.94
107.57
108.21
108.76
109.32
109.86
110.45
111.01
111.65
112.25
112.86
113.46
114.09
114.75
115.39
116.02
116.58
117.14
117.68
118.25
118.86
119.42
120.05
120.71
121.31
121.97
122.59
123.17
123.78
124.34
124.88
125.43
126.01
126.58
127.19
127.81
128.42
129.06
129.73
130.36
130.96
131.56
132.1
132.66
133.24
133.78
134.34
134.89
135.44
135.97
136.52
137.08
137.6
138.24
138.88
139.52
140.15
140.74
141.34
141.95
142.57
143.2
143.81
144.38
144.98
145.61
146.2
146.8
147.37
147.9
148.44
149.0
149.55
150.09
150.68
151.26
151.84
152.46
153.05
153.61
154.23
154.81
155.37
155.97
156.55
157.12
157.72
158.31
158.91
159.51
160.12
160.77
161.39
161.95
162.54
163.13
163.76
164.42
165.07
165.77
166.43
167.09
167.77
168.51
169.26
170.02
170.75
171.44
172.17
172.92
173.62
174.34
174.99
175.61
176.27
176.9
177.51
178.13
178.76
179.41
179.98
180.61
181.19
181.78
182.4
183.0
183.67
184.28
184.92
185.6
186.25
186.92
187.54
188.2
188.89
189.44
190.05
190.61
191.2
191.79
192.35
192.92
193.47
194.04
194.64
195.18
195.7
196.23
196.8
197.38
197.94
198.51
199.1
199.7
200.27
200.89
201.45
202.06
202.61
203.2
203.78
204.36
205.07
205.73
206.38
207.04
207.87
208.72
209.55
210.4
211.23
212.05
212.88
213.74
214.58
215.37
216.14
216.94
217.77
218.57
219.35
220.07
220.86
221.66
222.57
223.51
224.44
225.43
226.36
227.22
228.1
228.95
229.81
230.64
231.46
232.35
233.16
234.02
234.8
235.59
236.48
237.3
238.2
239.03
239.88
240.71
241.52
242.29
243.08
243.84
244.62
245.44
246.25
247.03
247.84
248.65
249.49
250.38
251.25
252.1
252.88
253.52
254.16
254.78
255.44
256.0
256.54
257.09
257.6
258.14
258.72
259.29
259.91
260.47
261.09
261.65
262.21
262.77
263.36
263.91
264.51
265.09
265.65
266.27
266.85
267.43
268.03
268.63
269.21
269.83
270.45
271.08
271.74
272.35
272.99
