3.64
7.64
11.82
15.83
19.47
22.96
26.34
29.46
32.6
35.23
37.59
39.99
42.49
44.8
47.12
49.44
51.81
53.92
56.13
58.36
60.57
62.72
64.9
67.06
69.46
71.92
74.19
76.48
78.68
80.86
83.05
85.27
87.57
89.78
92.13
94.34
96.68
99.0
101.38
103.63
105.76
108.2
110.44
112.85
115.38
117.68
120.03
122.58
124.88
127.21
129.68
132.09
134.34
136.52
138.87
141.34
143.8
146.19
148.62
150.96
153.35
155.66
157.99
160.42
163.26
166.31
169.25
172.44
175.6
179.4
183.29
187.26
190.92
194.34
197.93
201.35
204.66
207.86
211.22
214.58
217.77
220.85
224.43
228.1
231.45
234.8
238.19
241.52
244.63
247.84
251.24
254.77
257.5
259.91
262.2
264.5
266.83
269.45
