2.55
5.81
8.84
11.17
13.42
15.28
17.05
18.64
20.24
21.9
23.49
25.25
26.89
28.49
30.12
31.79
33.49
35.2
36.93
38.6
40.25
41.91
43.52
45.14
46.74
48.28
49.85
51.39
52.91
54.47
55.99
57.59
59.09
60.67
62.22
63.77
65.2
66.8
68.37
69.89
71.42
72.99
74.73
76.62
78.24
79.88
81.53
83.21
84.89
86.6
88.46
90.37
92.23
93.93
95.78
97.51
99.17
100.8
102.41
104.04
105.67
107.28
108.87
110.5
112.13
113.73
115.3
116.94
118.57
120.16
121.77
123.37
124.96
126.55
128.14
129.76
131.37
133.01
134.61
136.17
138.04
140.45
142.82
145.16
147.8
150.4
152.83
155.64
158.8
161.71
163.87
165.51
167.2
168.9
170.57
172.23
173.85
175.49
177.11
178.71
180.28
181.83
183.37
184.91
186.4
187.96
189.4
190.96
192.48
194.07
195.65
197.19
198.73
200.26
201.77
203.17
204.68
206.11
207.62
209.18
210.74
212.17
213.68
215.18
216.66
218.16
219.73
221.36
223.13
224.94
226.59
228.27
229.99
231.69
233.54
235.64
