0.0
0.51
1.02
1.5
2.02
2.56
3.1
3.66
4.2
4.74
5.26
5.82
6.4
6.95
7.47
8.05
8.58
9.11
9.61
10.14
10.7
11.19
11.71
12.24
12.77
13.24
13.71
14.18
14.63
15.1
15.57
16.05
16.55
17.06
17.56
18.1
18.65
19.16
19.69
20.25
20.78
21.33
21.91
22.43
22.96
23.5
24.06
24.65
25.25
25.82
26.41
26.91
27.47
28.0
28.5
29.03
29.57
30.13
30.7
31.25
31.8
32.37
32.92
33.5
34.06
34.63
35.22
35.8
36.38
36.94
37.52
38.06
38.61
39.16
39.7
40.26
40.8
41.35
41.92
42.46
42.99
43.53
44.08
44.63
45.15
45.7
46.21
46.75
47.26
47.77
48.29
48.82
49.34
49.86
50.39
50.91
51.4
51.92
52.42
52.92
53.44
53.96
54.48
54.98
55.48
56.0
56.55
57.08
57.6
58.09
58.59
59.1
59.62
60.13
60.67
61.19
61.72
62.21
62.76
63.28
63.78
64.25
64.72
65.21
65.73
66.27
66.81
67.32
67.85
68.37
68.87
69.39
69.9
70.4
70.91
71.43
71.95
72.46
73.0
73.52
74.08
74.61
75.11
75.63
76.13
76.63
77.17
77.71
78.26
78.8
79.34
79.89
80.46
81.0
81.54
82.12
82.67
83.22
83.79
84.35
84.9
85.48
86.02
86.6
87.1
87.63
88.17
88.73
89.28
89.8
90.38
90.97
91.62
92.25
92.79
93.38
93.94
94.52
95.14
95.79
96.42
96.95
97.52
98.08
98.6
99.18
99.71
100.27
100.81
101.34
101.89
102.43
102.96
103.51
104.05
104.57
105.14
105.68
106.19
106.76
107.28
107.8
108.33
108.88
109.41
109.96
110.51
111.03
111.58
112.13
112.66
113.22
113.74
114.25
114.79
115.31
115.85
116.4
116.95
117.5
118.04
118.58
119.12
119.65
120.16
120.68
121.23
121.78
122.3
122.85
123.38
123.9
124.45
124.97
125.49
126.03
126.56
127.09
127.62
128.14
128.67
129.23
129.76
130.31
130.86
131.38
131.91
132.46
133.01
133.54
134.09
134.62
135.13
135.68
136.19
136.72
137.27
137.78
138.31
138.84
139.38
139.93
140.46
140.96
141.49
142.04
142.58
143.1
143.6
144.15
144.67
145.16
145.7
146.23
146.72
147.27
147.77
148.31
148.81
149.32
149.88
150.41
150.91
151.44
151.98
152.52
153.03
153.59
154.09
154.65
155.17
155.65
156.14
156.65
157.17
157.69
158.24
158.8
159.39
159.95
160.56
161.11
161.72
162.23
162.77
163.32
163.87
164.43
164.98
165.52
166.08
166.62
167.21
167.77
168.34
168.91
169.46
170.02
170.58
171.16
171.7
172.24
172.78
173.32
173.86
174.41
174.94
175.5
176.06
176.6
177.12
177.66
178.2
178.72
179.27
179.78
180.29
180.82
181.33
181.84
182.37
182.88
183.38
183.89
184.39
184.92
185.41
185.91
186.41
186.94
187.44
187.96
188.44
188.92
189.41
189.94
190.46
190.97
191.45
191.94
192.49
193.03
193.55
194.08
194.59
195.11
195.66
196.17
196.67
197.2
197.7
198.21
198.73
199.24
199.74
200.27
200.77
201.29
201.78
202.24
202.7
203.18
203.69
204.19
204.69
205.16
205.64
206.12
206.61
207.1
207.63
208.15
208.68
209.18
209.69
210.24
210.74
211.23
211.7
212.18
212.68
213.16
213.68
214.2
214.71
215.19
215.67
216.17
216.67
217.15
217.64
218.17
218.7
219.21
219.74
220.24
220.76
221.25
221.75
222.28
222.77
223.26
223.8
224.38
224.93
225.51
226.06
226.6
227.18
227.73
228.28
228.86
229.44
230.0
230.57
231.12
231.7
232.27
232.82
233.55
234.26
234.94
235.65
236.35
237.02
