0.600
1.350
2.060
2.730
3.440
4.210
4.940
5.610
6.320
7.070
7.760
8.440
9.150
9.910
10.620
11.330
12.060
12.820
13.530
14.220
14.930
15.690
16.410
17.110
17.810
18.570
19.270
19.970
20.720
21.450
22.130
22.930
23.670
24.480
25.200
25.880
26.610
27.310
28.020
28.710
29.440
30.140
30.840
31.520
32.250
32.950
33.670
34.380
35.120
35.890
36.640
37.340
38.080
38.870
39.590
40.280
41.010
41.760
42.450
43.160
43.890
44.630
45.300
46.000
46.710
47.400
48.150
48.850
49.590
50.350
51.070
51.770
52.500
53.270
53.990
54.680
55.360
56.060
56.810
57.510
58.190
58.920
59.630
60.440
61.220
62.000
62.780
63.610
64.500
65.360
66.190
66.930
67.740
68.490
69.320
70.090
70.890
71.730
72.460
73.180
73.940
74.700
75.430
76.180
76.990
77.740
78.560
79.330
80.120
80.910
81.740
82.520
83.310
84.150
84.930
85.730
86.510
87.330
88.150
88.830
89.540
90.290
90.980
91.720
92.500
93.250
93.940
94.670
95.440
96.160
96.850
97.570
98.320
99.050
99.820
100.540
101.330
102.050
102.820
103.540
104.330
105.040
105.800
106.520
107.200
107.950
108.620
109.350
110.070
110.790
111.460
112.200
112.890
113.610
114.280
115.030
115.770
116.550
117.310
118.080
118.860
119.650
120.440
121.210
121.980
122.720
123.480
124.260
125.060
125.780
126.540
127.270
128.050
128.890
129.770
130.620
131.490
132.460
133.370
134.360
135.280
136.210
137.160
138.190
139.150
140.070
141.080
141.990
143.070
144.060
145.050
146.140
147.230
148.380
149.440
150.550
151.520
152.560
153.500
154.530
155.540
156.650
157.710
158.750
159.880
160.810
161.820
162.830
163.800
164.700
165.640
166.600
167.550
168.480
169.370
170.400
171.420
172.460
173.490
174.420
175.350
176.340
177.260
178.200
179.190
180.080
181.040
182.050
182.980
183.950
184.870
185.800
186.730
187.720
188.630
189.590
190.550
191.550
192.460
193.380
194.320
195.280
196.200
197.130
198.040
198.960
199.910
200.900
201.840
202.770
203.910
204.950
206.100
207.160
208.220
209.230
210.290
211.360
212.380
213.300
214.310
215.250
216.200
217.250
218.210
219.250
220.300
221.280
222.300
223.440
224.480
225.560
226.690
227.790
228.830
229.850
230.810
231.740
232.750
233.680
234.650
235.560
236.520
237.560
238.600
239.550
240.590
241.610
242.530
243.500
244.480
245.420
246.400
247.360
248.290
249.280
250.150
251.090
251.970
252.910
253.850
254.720
255.670
256.550
257.440
258.300
259.190
260.070
260.850
261.520
262.150
262.820
263.490
264.110
264.710
265.250
265.820
266.420
266.980
267.550
268.090
268.680
269.210
269.780
270.340
270.920
271.450
272.020
272.600
273.140
273.700
274.200
274.700
275.230
275.740
276.270
276.800
277.310
277.800
278.310
278.810
279.320
279.830
280.370
280.860
281.450
282.070
282.660
283.260
283.910
284.530
285.160
285.830
286.470
287.150
287.830
288.480
289.200
289.860
290.540
291.300
292.030
292.760
293.490
294.180
294.890
295.580
296.280
297.030
297.780
298.490
299.210
299.980
300.740
301.460
302.260
303.000
303.780
304.480
305.200
305.920
306.720
307.430
308.160
308.890
309.600
310.390
311.110
311.880
312.650
313.420
314.250
315.050
315.960
316.840
317.690
318.570
319.420
320.270
321.200
322.060
322.910
323.820
324.710
325.540
326.430
327.320
328.210
329.080
329.940
330.790
331.520
332.280
333.020
333.800
334.510
335.290
336.050
336.770
337.530
338.270
339.050
339.780
340.610
341.490
342.290
343.110
343.930
344.770
345.590
346.410
347.270
348.060
348.930
349.750
350.600
351.380
352.230
353.140
353.970
354.790
355.590
356.460
357.230
358.090
358.900
359.750
360.510
361.260
362.000
362.720
363.500
364.220
364.960
365.680
366.420
367.160
367.890
368.570
369.200
369.900
370.550
371.240
371.930
372.630
373.390
374.120
374.860
375.590
376.250
376.880
377.570
378.230
378.880
379.560
380.260
380.980
381.650
382.460
383.260
384.130
384.950
385.810
386.650
387.530
388.510
389.450
390.430
391.360
392.370
393.230
394.180
395.080
395.920
396.670
397.480
398.240
398.930
399.660
400.370
401.110
401.830
402.600
403.340
404.040
404.790
405.560
406.360
407.230
408.030
408.860
409.670
410.460
411.270
412.000
412.800
413.510
414.260
414.960
415.720
416.430
417.200
417.950
418.720
419.530
420.290
421.040
421.820
422.620
423.360
424.230
425.160
426.140
427.170
428.110
429.140
430.030
430.990
431.890
432.830
433.770
434.720
435.660
436.600
437.580
438.550
439.530
440.470
441.540
442.590
443.650
444.710
445.730
446.810
447.850
448.870
449.830
450.750
451.690
452.700
453.670
454.650
455.750
456.830
457.800
458.780
459.690
460.640
461.540
462.490
463.490
464.450
465.400
466.320
467.240
468.140
469.020
469.900
470.840
471.730
472.630
473.610
474.580
475.550
476.490
477.480
478.390
479.370
480.380
481.380
482.420
483.450
484.510
485.550
486.480
487.420
488.270
489.100
489.970
490.820
491.660
492.530
493.350
494.150
495.030
495.820
496.640
497.490
498.340
499.210
500.080
500.950
501.890
502.700
503.520
504.280
505.080
505.830
506.660
507.440
508.200
508.980
509.840
510.650
511.540
512.350
513.230
514.100
514.890
515.760
516.550
517.420
518.200
519.120
520.040
521.010
521.910
522.890
523.820
524.700
525.650
526.580
527.510
528.380
529.220
530.170
531.090
532.010
