1.34
4.2
7.06
9.9
12.81
15.64
18.57
21.44
24.48
27.31
30.14
32.95
35.89
38.85
41.76
44.61
47.4
50.34
53.26
56.05
59.08
62.77
66.19
69.32
72.45
75.43
78.56
81.73
84.93
88.13
90.98
93.94
96.84
99.82
102.81
105.93
108.99
112.01
115.03
118.08
121.18
124.26
127.26
130.61
134.34
138.18
141.99
146.13
150.54
154.52
158.74
162.82
167.21
171.41
175.35
179.19
182.97
186.72
190.54
194.32
198.03
201.81
206.1
210.28
214.44
218.2
221.98
225.75
229.46
233.34
237.04
240.6
244.47
248.28
252.31
255.79
259.19
262.52
266.42
269.99
273.71
277.06
280.06
283.54
287.14
290.26
293.22
296.28
299.21
302.1
304.83
307.79
310.78
313.55
316.42
319.41
322.45
325.65
329.07
332.27
335.28
338.27
341.15
344.33
347.66
351.37
354.78
358.09
361.26
364.21
367.15
369.88
372.63
375.58
378.49
381.3
384.94
388.5
392.36
395.92
398.93
401.82
404.78
408.03
411.26
414.25
417.2
420.28
423.35
426.61
430.02
433.77
437.58
441.08
444.71
448.87
452.69
456.82
460.63
464.89
469.23
473.6
477.48
481.37
485.55
489.09
492.52
495.81
499.2
502.69
505.82
508.97
512.29
515.75
519.11
522.54
526.3
530.17
