0.6
1.35
2.06
2.73
3.44
4.21
4.94
5.61
6.32
7.07
7.76
8.44
9.15
9.91
10.62
11.33
12.06
12.82
13.53
14.22
14.93
15.69
16.41
17.11
17.81
18.57
19.27
19.97
20.72
21.45
22.13
22.93
23.67
24.48
25.2
25.88
26.61
27.31
28.02
28.71
29.44
30.14
30.84
31.52
32.25
32.95
33.67
34.38
35.12
35.89
36.64
37.34
38.08
38.87
39.59
40.28
41.01
41.76
42.45
43.16
43.89
44.63
45.3
46.0
46.71
47.4
48.15
48.85
49.59
50.35
51.07
51.77
52.5
53.27
53.99
54.68
55.36
56.06
56.81
57.51
58.19
58.92
59.63
60.44
61.22
62.0
62.78
63.61
64.5
65.36
66.19
66.93
67.74
68.49
69.32
70.09
70.89
71.73
72.46
73.18
73.94
74.7
75.43
76.18
76.99
77.74
78.56
79.33
80.12
80.91
81.74
82.52
83.31
84.15
84.93
85.73
86.51
87.33
88.15
88.83
89.54
90.29
90.98
91.72
92.5
93.25
93.94
94.67
95.44
96.16
96.85
97.57
98.32
99.05
99.82
100.54
101.33
102.05
102.82
103.54
104.33
105.04
105.8
106.52
107.2
107.95
108.62
109.35
110.07
110.79
111.46
112.2
112.89
113.61
114.28
115.03
115.77
116.55
117.31
118.08
118.86
119.65
120.44
121.21
121.98
122.72
123.48
124.26
125.06
125.78
126.54
127.27
128.05
128.89
129.77
130.62
131.49
132.46
133.37
134.36
135.28
136.21
137.16
138.19
139.15
140.07
141.08
141.99
143.07
144.06
145.05
146.14
147.23
148.38
149.44
150.55
151.52
152.56
153.5
154.53
155.54
156.65
157.71
158.75
159.88
160.81
161.82
162.83
163.8
164.7
165.64
166.6
167.55
168.48
169.37
170.4
171.42
172.46
173.49
174.42
175.35
176.34
177.26
178.2
179.19
180.08
181.04
182.05
182.98
183.95
184.87
185.8
186.73
187.72
188.63
189.59
190.55
191.55
192.46
193.38
194.32
195.28
196.2
197.13
198.04
198.96
199.91
200.9
201.84
202.77
203.91
204.95
206.1
207.16
208.22
209.23
210.29
211.36
212.38
213.3
214.31
215.25
216.2
217.25
218.21
219.25
220.3
221.28
222.3
223.44
224.48
225.56
226.69
227.79
228.83
229.85
230.81
231.74
232.75
233.68
234.65
235.56
236.52
237.56
238.6
239.55
240.59
241.61
242.53
243.5
244.48
245.42
246.4
247.36
248.29
249.28
250.15
251.09
251.97
252.91
253.85
254.72
255.67
256.55
257.44
258.3
259.19
260.07
260.85
261.52
262.15
262.82
263.49
264.11
264.71
265.25
265.82
266.42
266.98
267.55
268.09
268.68
269.21
269.78
270.34
270.92
271.45
272.02
272.6
273.14
273.7
274.2
274.7
275.23
275.74
276.27
276.8
277.31
277.8
278.31
278.81
279.32
279.83
280.37
280.86
281.45
282.07
282.66
283.26
283.91
284.53
285.16
285.83
286.47
287.15
287.83
288.48
289.2
289.86
290.54
291.3
292.03
292.76
293.49
294.18
294.89
295.58
296.28
297.03
297.78
298.49
299.21
299.98
300.74
301.46
302.26
303.0
303.78
304.48
305.2
305.92
306.72
307.43
308.16
308.89
309.6
310.39
311.11
311.88
312.65
313.42
314.25
315.05
315.96
316.84
317.69
318.57
319.42
320.27
321.2
322.06
322.91
323.82
324.71
325.54
326.43
327.32
328.21
329.08
329.94
330.79
331.52
332.28
333.02
333.8
334.51
335.29
336.05
336.77
337.53
338.27
339.05
339.78
340.61
341.49
342.29
343.11
343.93
344.77
345.59
346.41
347.27
348.06
348.93
349.75
350.6
351.38
352.23
353.14
353.97
354.79
355.59
356.46
357.23
358.09
358.9
359.75
360.51
361.26
362.0
362.72
363.5
364.22
364.96
365.68
366.42
367.16
367.89
368.57
369.2
369.9
370.55
371.24
371.93
372.63
373.39
374.12
374.86
375.59
376.25
376.88
377.57
378.23
378.88
379.56
380.26
380.98
381.65
382.46
383.26
384.13
384.95
385.81
386.65
387.53
388.51
389.45
390.43
391.36
392.37
393.23
394.18
395.08
395.92
396.67
397.48
398.24
398.93
399.66
400.37
401.11
401.83
402.6
403.34
404.04
404.79
405.56
406.36
407.23
408.03
408.86
409.67
410.46
411.27
412.0
412.8
413.51
414.26
414.96
415.72
416.43
417.2
417.95
418.72
419.53
420.29
421.04
421.82
422.62
423.36
424.23
425.16
426.14
427.17
428.11
429.14
430.03
430.99
431.89
432.83
433.77
434.72
435.66
436.6
437.58
438.55
439.53
440.47
441.54
442.59
443.65
444.71
445.73
446.81
447.85
448.87
449.83
450.75
451.69
452.7
453.67
454.65
455.75
456.83
457.8
458.78
459.69
460.64
461.54
462.49
463.49
464.45
465.4
466.32
467.24
468.14
469.02
469.9
470.84
471.73
472.63
473.61
474.58
475.55
476.49
477.48
478.39
479.37
480.38
481.38
482.42
483.45
484.51
485.55
486.48
487.42
488.27
489.1
489.97
490.82
491.66
492.53
493.35
494.15
495.03
495.82
496.64
497.49
498.34
499.21
500.08
500.95
501.89
502.7
503.52
504.28
505.08
505.83
506.66
507.44
508.2
508.98
509.84
510.65
511.54
512.35
513.23
514.1
514.89
515.76
516.55
517.42
518.2
519.12
520.04
521.01
521.91
522.89
523.82
524.7
525.65
526.58
527.51
528.38
529.22
530.17
531.09
532.01
