0.6
1.25
1.88
2.6
3.3
3.97
4.68
5.3
5.97
6.59
7.23
7.88
8.54
9.18
9.81
10.47
11.22
11.88
12.54
13.22
13.92
14.57
15.22
15.88
16.53
17.18
17.82
18.48
19.15
19.87
20.51
21.19
21.84
22.51
23.16
23.8
24.43
25.0
25.62
26.18
26.79
27.36
27.98
28.62
29.25
29.9
30.52
31.15
31.78
32.48
33.14
33.8
34.47
35.17
35.82
36.48
37.13
37.82
38.46
39.07
39.7
40.33
40.94
41.52
42.13
42.77
43.44
44.06
44.71
45.35
45.99
46.6
47.24
47.87
48.48
49.09
49.68
50.31
50.89
51.49
52.08
52.7
53.31
53.89
54.52
55.13
55.76
56.38
56.98
57.62
58.22
58.9
59.56
60.33
61.03
61.76
62.51
63.26
63.99
64.7
65.41
66.13
66.84
67.57
68.22
68.92
69.64
70.3
70.96
71.66
72.31
72.94
73.6
74.28
74.95
75.61
76.26
76.94
77.63
78.29
78.95
79.61
80.24
80.91
81.58
82.21
82.88
83.5
84.15
84.81
85.47
86.09
86.75
87.45
88.12
88.75
89.38
89.98
90.62
91.25
91.9
92.51
93.16
93.76
94.39
95.04
95.68
96.28
96.94
97.55
98.2
98.85
99.51
100.15
100.81
101.47
102.12
102.77
103.44
104.1
104.78
105.4
106.1
106.76
107.44
108.09
108.79
109.43
110.12
110.9
111.63
112.38
113.2
114.0
114.76
115.6
116.37
117.22
118.07
118.85
119.72
120.6
121.4
122.3
123.1
123.95
124.76
125.55
126.39
127.16
128.05
128.88
129.68
130.52
131.36
132.14
132.93
133.69
134.57
135.44
136.26
137.12
138.02
138.83
139.74
140.57
141.42
142.41
143.37
144.35
145.34
146.26
147.37
148.43
149.57
150.51
151.45
152.43
153.34
154.27
155.24
156.37
157.4
158.55
159.58
160.69
161.74
162.87
163.92
164.97
165.97
166.75
167.59
168.37
169.25
170.03
170.9
171.74
172.61
173.52
174.49
175.44
176.42
177.32
178.08
178.89
179.71
180.48
181.31
182.11
182.86
183.62
184.43
185.16
185.95
186.73
187.43
188.09
188.8
189.5
190.2
190.87
191.54
192.33
193.08
193.79
194.56
195.37
196.1
196.97
197.86
198.79
199.73
200.62
201.53
202.48
203.35
204.25
205.17
206.16
207.11
208.09
209.13
210.23
211.33
212.37
213.47
214.54
215.56
216.62
217.71
218.56
219.44
220.34
221.41
222.38
223.39
224.31
225.34
226.34
227.31
228.34
229.3
230.19
231.16
232.08
232.93
233.86
234.76
235.66
236.52
237.43
238.29
239.2
240.04
240.88
241.77
242.69
243.55
244.39
245.25
246.1
246.88
247.66
248.45
249.19
250.0
250.79
251.56
252.36
253.19
253.97
254.79
255.54
256.34
257.14
257.94
258.77
259.59
260.41
261.24
262.01
262.83
263.55
264.32
265.09
265.89
266.59
267.32
268.06
268.8
269.48
270.18
270.9
271.68
272.43
273.24
273.99
274.7
275.42
276.12
276.83
277.5
278.12
278.82
279.52
280.22
280.91
281.59
282.26
282.97
283.64
284.32
284.97
285.64
286.31
286.98
287.66
288.33
289.03
289.67
290.35
291.02
291.72
292.35
293.01
293.69
294.47
295.17
295.94
296.66
297.42
298.21
298.92
299.69
300.42
301.21
301.92
302.68
303.44
304.29
305.18
306.08
306.9
307.76
308.61
309.42
310.26
311.13
311.99
312.78
313.62
314.38
315.18
316.0
316.82
317.59
318.41
319.16
319.85
320.58
321.29
322.04
322.79
323.47
324.16
324.82
325.53
326.2
326.93
327.6
328.31
329.04
329.74
330.45
331.17
331.94
332.66
333.43
334.16
334.88
335.64
336.35
337.09
337.88
338.61
339.37
340.04
340.7
341.36
341.98
342.64
343.25
343.9
344.58
345.22
345.87
346.56
347.19
347.84
348.49
349.12
349.75
350.39
351.05
351.67
352.38
353.03
353.75
354.41
355.08
355.73
356.4
357.03
357.66
358.35
358.96
359.62
360.32
360.97
361.62
362.3
362.95
363.58
364.21
364.89
365.57
366.24
366.96
367.64
368.28
368.98
369.66
370.35
371.02
371.69
372.42
373.15
373.9
374.68
375.41
376.13
376.83
377.58
378.32
379.05
379.79
380.48
381.11
381.75
382.4
383.06
383.7
384.35
384.99
385.61
386.27
386.89
387.55
388.17
388.81
389.46
390.08
390.69
391.34
391.95
392.62
393.24
393.89
394.54
395.14
395.8
396.41
397.06
397.7
398.37
399.06
399.75
400.43
401.09
401.77
402.41
403.06
403.67
404.33
405.11
405.84
406.6
407.36
408.1
408.88
409.69
410.5
411.3
412.1
412.87
413.64
414.43
415.33
416.15
417.0
417.88
418.72
419.58
420.45
421.3
422.13
423.02
423.92
424.83
425.63
426.42
427.19
427.87
428.51
429.2
429.89
430.55
431.2
431.91
432.58
433.29
434.03
434.75
435.47
436.22
436.97
437.73
438.53
439.27
440.06
440.78
441.48
442.24
442.97
443.74
444.44
445.23
445.97
446.74
447.52
448.22
448.95
449.7
450.51
451.26
452.05
452.8
453.51
454.23
454.96
455.67
456.37
457.08
457.81
458.55
459.3
460.0
460.76
461.49
462.24
463.0
463.79
464.54
465.37
466.25
467.05
467.9
468.66
469.48
470.29
471.02
471.78
472.48
473.2
473.85
474.55
475.28
475.96
476.7
477.44
478.26
479.02
479.84
480.66
481.44
482.23
483.02
483.89
484.76
485.59
486.46
487.31
488.13
488.96
489.78
490.65
491.47
492.28
