2.79
5.29
7.87
10.47
13.21
15.87
18.48
21.18
23.8
26.16
28.61
31.14
33.8
36.48
38.98
41.5
44.06
46.6
49.09
51.49
53.89
56.46
59.55
62.5
65.41
68.21
71.2
74.28
76.93
79.6
82.21
84.81
87.45
90.34
93.2
96.07
98.84
101.47
104.09
107.11
110.12
113.05
116.37
120.54
124.76
128.88
133.29
137.12
141.08
144.72
148.22
151.77
155.24
158.58
161.73
164.59
167.58
170.9
174.48
178.08
181.75
185.58
189.48
193.77
198.1
201.87
205.8
209.52
213.28
216.62
219.67
223.36
227.31
231.15
234.76
238.28
241.76
245.24
248.64
252.0
255.72
259.33
262.82
265.88
268.8
271.67
274.7
277.48
280.21
282.96
285.64
288.33
291.01
293.68
296.65
299.69
302.86
306.09
309.31
312.41
315.43
318.4
321.28
324.15
326.92
329.73
332.65
335.63
338.75
341.98
345.11
347.83
350.38
353.01
355.72
358.33
360.96
363.57
366.03
368.61
371.35
374.42
377.58
380.47
383.06
385.6
388.16
390.69
393.23
395.77
398.36
401.09
403.74
406.6
409.69
413.29
417.38
421.16
424.83
427.85
430.55
433.28
436.21
439.3
442.23
445.22
448.55
451.94
454.95
457.8
460.93
463.98
467.51
471.31
475.02
478.68
482.6
486.61
490.64
