3.81
7.19
10.39
13.7
16.91
20.23
23.46
26.99
30.18
33.48
36.74
39.98
43.12
46.42
49.66
53.01
56.27
59.37
62.54
65.69
68.85
71.96
74.81
77.64
79.89
81.72
83.57
85.39
87.25
88.95
90.67
92.3
93.89
95.43
97.01
98.52
100.12
101.73
103.32
104.89
106.5
108.07
109.63
111.14
112.69
114.29
115.88
117.42
119.06
120.64
122.18
123.8
125.4
126.96
128.47
130.09
131.69
133.25
134.8
136.37
137.93
139.48
141.2
142.89
144.58
146.47
148.35
150.21
152.41
154.82
157.33
160.34
163.86
167.9
171.88
175.12
178.13
181.11
184.92
189.14
193.07
196.7
200.79
205.11
209.06
212.75
215.38
218.12
221.25
224.57
227.72
231.05
234.52
238.28
242.58
246.42
250.12
253.18
256.13
259.1
261.93
264.68
267.46
270.39
273.33
276.25
279.09
281.65
284.18
286.67
289.05
291.3
293.52
295.64
297.8
300.54
303.29
306.27
309.4
312.62
316.04
319.29
322.44
325.6
328.6
331.47
334.27
336.78
339.32
341.35
343.33
345.01
346.62
348.19
349.75
351.31
352.87
354.44
356.01
357.59
359.19
360.77
362.34
363.94
365.49
367.07
368.83
370.61
372.44
374.12
375.73
377.3
378.88
380.42
381.98
383.46
384.96
386.42
387.87
389.31
390.77
392.2
393.71
395.37
397.12
398.87
400.64
402.32
404.01
405.73
407.35
409.07
410.86
412.67
414.52
416.29
417.86
419.42
420.95
422.5
424.11
425.67
427.33
428.98
430.6
432.2
433.74
435.24
436.82
438.38
439.86
441.33
443.05
445.56
448.48
451.68
454.83
458.0
461.06
464.28
467.82
471.48
475.05
478.41
481.61
484.74
488.54
492.45
495.5
498.68
502.19
505.66
508.79
512.4
516.06
519.31
522.39
525.39
528.45
531.43
534.5
