0.2
0.6
1.01
1.41
1.82
2.22
2.61
3.01
3.4
3.8
4.19
4.56
4.96
5.35
5.73
6.12
6.53
6.92
7.31
7.68
8.09
8.48
8.86
9.24
9.61
10.0
10.4
10.81
11.22
11.61
12.03
12.47
12.88
13.29
13.71
14.15
14.57
14.98
15.37
15.75
16.15
16.53
16.92
17.3
17.66
18.04
18.43
18.8
19.19
19.59
19.97
20.37
20.76
21.14
21.53
21.92
22.3
22.69
23.08
23.47
23.87
24.27
24.69
25.06
25.47
25.83
26.23
26.59
26.99
27.37
27.73
28.14
28.55
28.96
29.38
29.77
30.19
30.6
31.01
31.42
31.84
32.25
32.67
33.07
33.49
33.89
34.31
34.72
35.14
35.55
35.95
36.34
36.75
37.16
37.56
37.97
38.38
38.79
39.19
39.59
39.99
40.37
40.74
41.12
41.51
41.93
42.33
42.72
43.12
43.52
43.91
44.33
44.72
45.13
45.53
45.91
46.31
46.71
47.11
47.55
47.97
48.37
48.79
49.21
49.65
50.06
50.47
50.89
51.32
51.75
52.16
52.57
53.01
53.41
53.83
54.25
54.67
55.08
55.48
55.89
56.28
56.67
57.07
57.47
57.87
58.3
58.7
59.09
59.49
59.89
60.29
60.68
61.08
61.5
61.9
62.29
62.67
63.07
63.46
63.84
64.25
64.62
65.03
65.41
65.81
66.18
66.6
66.98
67.38
67.78
68.2
68.6
68.99
69.38
69.8
70.18
70.61
71.02
71.41
71.85
72.27
72.69
73.09
73.51
73.94
74.39
74.82
75.23
75.67
76.1
76.52
76.96
77.38
77.81
78.25
78.67
79.1
79.55
79.97
80.4
80.84
81.25
81.71
82.15
82.57
83.02
83.46
83.89
84.35
84.78
85.21
85.62
86.04
86.47
86.87
87.3
87.73
88.13
88.54
88.95
89.39
89.83
90.25
90.67
91.12
91.51
91.9
92.3
92.71
93.11
93.49
93.89
94.28
94.65
95.04
95.43
95.82
96.22
96.61
97.01
97.4
97.77
98.14
98.53
98.94
99.33
99.72
100.13
100.53
100.92
101.32
101.74
102.14
102.54
102.93
103.33
103.73
104.12
104.5
104.89
105.29
105.68
106.08
106.5
106.9
107.3
107.68
108.08
108.45
108.84
109.25
109.72
110.16
110.61
111.05
111.54
112.05
112.57
113.08
113.59
114.08
114.7
115.31
115.96
116.64
117.41
118.23
119.07
119.86
120.65
121.41
122.19
123.02
123.81
124.59
125.41
126.19
126.97
127.71
128.48
129.25
130.09
130.9
131.69
132.47
133.25
134.0
134.81
135.6
136.38
137.14
137.93
138.73
139.49
140.28
141.17
142.09
142.9
143.72
144.58
145.39
146.16
146.96
147.76
148.63
149.42
150.24
151.19
152.06
152.97
153.93
154.83
155.72
156.63
157.51
158.33
159.21
160.06
161.05
161.96
162.88
163.86
164.87
165.87
166.9
167.9
168.67
169.47
170.29
171.07
171.91
172.69
173.5
174.32
175.13
175.95
176.7
177.39
178.11
178.85
179.6
180.33
181.13
181.93
182.76
183.5
184.25
184.98
185.73
186.52
187.24
187.98
188.71
189.52
190.38
191.26
192.16
193.07
193.92
194.82
195.79
196.71
197.67
198.62
199.76
200.8
201.87
202.91
204.03
205.11
206.07
206.95
207.78
208.63
209.45
210.16
210.91
211.56
212.2
212.82
213.48
214.1
214.75
215.39
216.05
216.66
217.41
218.12
218.82
219.58
220.42
221.26
222.16
222.98
223.79
224.58
225.33
226.09
226.92
227.73
228.57
229.34
230.22
231.06
231.88
232.75
233.67
234.53
235.41
236.26
237.21
238.28
239.38
240.42
241.54
242.58
243.63
244.46
245.24
246.02
246.86
247.62
248.42
249.25
250.06
250.84
251.67
252.5
253.38
254.23
255.0
255.75
256.53
257.33
258.02
258.76
259.47
260.16
260.89
261.6
262.25
262.92
263.62
264.29
265.01
265.7
266.36
267.06
267.75
268.45
269.2
269.91
270.66
271.33
272.03
272.72
273.43
274.09
274.79
275.5
276.26
276.91
277.61
278.18
278.78
279.41
280.05
280.71
281.34
281.98
282.61
283.24
283.86
284.49
285.09
285.71
286.35
287.01
287.6
288.22
288.79
289.37
289.94
290.5
291.05
291.59
292.13
292.68
293.26
293.8
294.35
294.85
295.36
295.9
296.45
296.97
297.47
298.0
298.4
298.78
299.16
299.53
299.92
300.3
300.69
301.05
301.44
301.8
302.17
302.54
302.92
303.29
303.66
304.04
304.42
304.77
305.16
305.53
305.88
306.27
306.67
307.09
307.49
307.88
308.25
308.64
309.03
309.42
309.83
310.22
310.61
310.98
311.37
311.77
312.2
312.63
313.05
313.5
313.9
314.28
314.67
315.08
315.46
315.83
316.21
316.58
316.98
317.37
317.75
318.14
318.52
318.91
319.3
319.72
320.12
320.51
320.9
321.3
321.7
322.13
322.52
322.95
323.33
323.71
324.1
324.47
324.84
325.24
325.61
326.0
326.36
326.74
327.12
327.5
327.85
328.23
328.61
328.96
329.33
329.7
330.08
330.45
330.84
331.22
331.58
331.98
332.39
332.79
333.17
333.57
333.99
334.39
334.78
335.17
335.58
335.97
336.39
336.79
337.23
337.63
338.07
338.47
338.91
339.33
339.75
340.16
340.53
340.88
341.23
341.62
341.97
342.35
342.71
343.09
343.49
343.87
344.23
344.62
345.02
345.44
345.82
346.24
346.63
347.03
347.44
347.84
348.2
348.6
348.97
349.34
349.73
350.14
350.54
350.93
351.32
351.72
352.11
352.5
352.88
353.27
353.66
354.07
354.45
354.83
355.23
355.62
356.02
356.41
356.81
357.2
357.59
357.99
358.41
358.81
359.2
359.61
359.99
360.4
360.78
361.18
361.58
361.95
362.35
362.77
363.17
363.56
363.95
364.32
364.73
365.1
365.5
365.88
366.27
366.67
367.07
367.49
367.94
368.39
368.83
369.26
369.7
370.14
370.59
371.01
371.46
371.92
372.4
372.86
373.31
373.72
374.13
374.54
374.94
375.33
375.73
376.15
376.52
376.91
377.3
377.71
378.1
378.49
378.88
379.27
379.65
380.05
380.43
380.82
381.2
381.59
381.99
382.39
382.82
383.23
383.64
384.08
384.54
384.97
385.47
385.94
386.41
386.91
387.38
387.87
388.33
388.83
389.29
389.79
390.26
390.74
391.22
391.69
392.19
392.65
393.15
393.62
394.07
394.53
394.95
395.38
395.81
396.23
396.69
397.12
397.56
398.01
398.45
398.87
399.33
399.75
400.19
400.64
401.07
401.51
401.91
402.33
402.77
403.19
403.6
404.02
404.45
404.9
405.33
405.74
406.15
406.56
406.95
407.36
407.8
408.22
408.67
409.08
409.53
409.96
410.35
410.77
411.18
411.58
412.01
412.41
412.8
413.18
413.58
413.97
414.34
414.75
415.13
415.51
415.9
416.3
416.68
417.08
417.47
417.87
418.25
418.63
419.02
419.43
419.8
420.19
420.58
420.95
421.32
421.71
422.09
422.5
422.89
423.31
423.71
424.11
424.5
424.87
425.27
425.67
426.06
426.5
426.92
427.34
427.75
428.18
428.57
428.98
429.39
429.79
430.19
430.6
431.01
431.39
431.81
432.2
432.59
432.98
433.37
433.74
434.13
434.49
434.88
435.25
435.66
436.04
436.44
436.83
437.21
437.59
438.0
438.38
438.75
439.11
439.5
439.87
440.24
440.6
440.97
441.33
441.72
442.12
442.6
443.06
443.57
444.08
444.56
445.08
445.57
446.05
446.53
447.04
447.52
448.0
448.49
449.04
449.54
450.07
450.6
451.16
451.69
452.18
452.71
453.19
453.65
454.07
454.51
454.96
455.41
455.84
456.29
456.73
457.16
457.58
458.01
458.43
458.87
459.31
459.76
460.21
460.65
461.07
461.52
461.96
462.41
462.85
463.27
463.71
464.17
464.61
465.05
465.47
465.91
466.37
466.81
467.28
467.72
468.21
468.66
469.14
469.61
470.09
470.54
471.02
471.48
471.95
472.4
472.84
473.29
473.75
474.2
474.62
475.06
475.48
475.91
476.33
476.75
477.15
477.57
477.99
478.42
478.84
479.24
479.67
480.04
480.45
480.84
481.21
481.61
481.99
482.4
482.79
483.17
483.55
483.95
484.36
484.77
485.22
485.63
486.08
486.45
486.82
487.21
487.59
487.99
488.38
488.78
489.19
489.58
490.0
490.39
490.8
491.18
491.61
492.02
492.45
492.88
493.27
493.67
494.06
494.48
494.88
495.24
495.6
495.95
496.31
496.67
497.04
497.43
497.82
498.19
498.56
498.93
499.3
499.66
500.02
500.39
500.77
501.13
501.53
501.9
502.29
502.66
503.06
503.5
503.95
504.37
504.83
505.24
505.67
506.06
506.43
506.82
507.22
507.62
507.99
508.39
508.8
509.26
509.68
510.12
510.58
511.02
511.44
511.91
512.4
512.89
513.37
513.81
514.29
514.71
515.17
515.59
516.05
516.47
516.92
517.35
517.81
518.22
518.65
519.09
519.53
519.94
520.36
520.79
521.19
521.57
521.97
522.39
522.79
523.17
523.54
523.91
524.27
524.63
525.0
525.4
525.79
526.21
526.63
527.03
527.45
527.83
528.25
528.65
529.04
529.43
529.85
530.25
530.63
531.04
531.44
531.85
532.22
532.61
533.02
533.4
533.78
534.15
534.52
534.92
535.28
535.66
