0.48
1.04
1.65
2.21
2.74
3.28
3.8
4.36
4.92
5.52
6.09
6.64
7.2
7.8
8.35
8.89
9.43
9.98
10.55
11.08
11.63
12.21
12.75
13.28
13.79
14.32
14.89
15.43
15.98
16.58
17.13
17.7
18.24
18.8
19.38
19.94
20.48
21.05
21.57
22.1
22.59
23.1
23.62
24.17
24.76
25.45
26.08
26.61
27.16
27.68
28.22
28.77
29.34
29.98
30.59
31.12
31.66
32.22
32.76
33.33
33.89
34.41
34.96
35.56
36.1
36.69
37.25
37.79
38.36
38.96
39.57
40.13
40.72
41.32
41.92
42.43
42.97
43.51
44.06
44.6
45.12
45.64
46.18
46.72
47.25
47.94
48.59
49.25
49.83
50.41
50.96
51.54
52.13
52.7
53.26
53.81
54.38
55.0
55.58
56.21
56.75
57.28
57.86
58.39
58.95
59.46
60.01
60.54
61.1
61.68
62.22
62.77
63.32
63.82
64.36
64.89
65.43
65.98
66.52
67.04
67.52
68.04
68.58
69.11
69.65
70.2
70.75
71.34
71.92
72.51
73.05
73.59
74.16
74.72
75.31
75.86
76.44
77.0
77.53
78.06
78.61
79.15
79.7
80.24
80.79
81.32
81.88
82.48
83.11
83.7
84.24
84.74
85.28
85.81
86.36
86.88
87.43
87.97
88.59
89.18
89.74
90.29
90.87
91.43
92.03
92.64
93.2
93.77
94.47
95.1
95.78
96.51
97.19
97.82
98.44
99.1
99.72
100.36
