0.35
1.05
1.73
2.36
3.03
3.68
4.33
4.97
5.63
6.28
6.89
7.54
8.18
8.82
9.48
10.11
10.73
11.38
12.01
12.64
13.27
13.9
14.55
15.18
15.8
16.39
16.98
17.63
18.29
18.95
19.59
20.21
20.8
21.41
22.06
22.73
23.38
24.04
24.66
25.31
25.94
26.54
27.18
27.84
28.48
29.16
29.82
30.47
31.12
31.77
32.41
33.07
33.71
34.37
34.99
35.62
36.26
36.89
37.54
38.19
38.82
39.46
40.09
40.72
41.33
41.98
42.6
43.23
43.85
44.5
45.15
45.78
46.4
47.06
47.69
48.32
48.94
49.57
50.19
50.8
51.42
52.0
52.62
53.28
53.94
54.57
55.21
55.86
56.49
57.12
57.77
58.39
59.03
59.66
60.29
60.96
61.59
62.28
62.95
63.58
64.21
64.83
65.45
66.08
66.72
67.37
68.01
68.66
69.31
69.96
70.59
71.22
71.85
72.47
73.14
73.79
74.43
75.07
75.68
76.32
76.96
77.61
78.25
78.89
79.58
80.32
81.0
81.63
82.27
82.92
83.57
84.21
84.87
85.52
86.16
86.81
87.47
88.09
88.72
89.37
89.99
90.61
91.28
91.91
92.55
93.19
93.82
94.46
95.11
95.71
96.35
97.0
97.64
98.25
98.89
99.53
100.15
100.77
101.37
102.01
102.65
103.28
103.91
104.54
105.16
105.84
106.52
107.33
108.28
109.21
110.1
111.07
111.99
112.99
113.93
