0.48
1.07
1.65
2.24
2.86
3.44
4.02
4.6
5.22
5.79
6.38
6.95
7.53
8.14
8.78
9.42
9.98
10.55
11.09
11.65
12.22
12.82
13.49
14.13
14.78
15.33
15.9
16.5
17.09
17.67
18.31
18.92
19.57
20.18
20.83
21.41
21.99
22.56
23.13
23.69
24.25
24.87
25.5
26.13
26.75
27.38
28.03
28.71
29.34
29.91
30.47
31.05
31.59
32.15
32.69
33.24
33.78
34.33
34.91
35.45
36.03
36.59
37.18
37.77
38.43
39.15
39.84
40.56
41.18
41.76
42.35
42.95
43.55
44.14
44.74
45.33
45.94
46.52
47.12
47.72
48.35
48.97
49.57
50.13
50.72
51.32
51.92
52.52
53.13
53.72
54.29
54.88
55.48
56.12
56.77
57.37
58.01
58.66
59.29
59.92
60.49
61.05
61.62
62.21
62.77
63.31
63.87
64.41
64.95
65.51
66.08
66.69
67.28
67.86
68.46
69.09
69.71
70.29
70.9
71.51
72.11
72.67
73.23
73.78
74.33
74.91
75.53
76.19
76.78
77.39
77.97
78.52
79.09
79.62
80.17
80.71
81.27
81.81
82.37
82.91
83.45
84.01
84.57
85.16
85.71
86.26
86.84
87.45
88.05
88.62
89.2
89.76
90.34
90.94
91.53
92.11
92.71
93.34
93.96
94.54
95.15
95.8
96.43
97.08
97.71
98.34
98.97
99.76
100.51
101.3
102.16
102.97
103.84
104.62
105.42
106.2
107.0
107.8
108.6
109.43
