0.65
1.33
2.0
2.67
3.31
3.99
4.64
5.35
6.08
6.76
7.45
8.13
8.81
9.55
10.29
10.95
11.65
12.36
13.07
13.76
14.45
15.18
15.89
16.58
17.23
17.92
18.64
19.31
19.99
20.76
21.5
22.17
22.81
23.49
24.21
24.86
25.53
26.28
27.01
27.68
28.37
29.1
29.79
30.47
31.25
32.07
32.86
33.5
34.14
34.8
35.47
36.11
36.83
37.59
38.36
38.99
39.64
40.36
41.02
41.77
42.52
43.16
43.82
44.55
45.23
45.94
46.68
47.35
48.03
48.74
49.44
50.1
50.79
51.57
52.34
53.02
53.69
54.42
55.09
55.74
56.42
57.1
57.81
58.47
59.15
59.89
60.62
61.33
62.03
62.79
63.55
64.25
64.97
65.81
66.61
67.33
68.06
68.69
69.29
69.93
70.59
71.27
72.01
72.72
73.39
74.07
74.83
75.51
76.26
76.95
77.71
78.49
79.23
79.94
80.72
81.41
82.14
82.92
83.68
84.42
85.07
85.75
86.45
87.14
87.93
88.76
89.54
90.21
90.93
91.61
92.32
93.03
93.74
94.46
95.2
95.9
96.63
97.32
98.02
98.72
99.4
100.13
100.85
101.58
102.3
103.05
103.77
104.68
105.53
106.23
106.94
107.64
108.34
109.07
109.79
110.51
111.21
112.03
112.86
113.55
114.25
115.05
115.82
116.63
117.42
118.14
118.91
119.7
120.55
121.35
122.2
122.98
123.76
124.52
125.32
126.1
126.84
127.66
