0.35
1.08
1.86
2.6
3.34
4.07
4.8
5.58
6.36
7.11
7.86
8.64
9.41
10.16
10.89
11.63
12.38
13.16
13.9
14.64
15.4
16.22
16.97
17.75
18.47
19.26
20.0
20.78
21.57
22.33
23.13
23.9
24.63
25.42
26.17
26.96
27.71
28.47
29.21
29.96
30.77
31.59
32.35
33.08
33.83
34.61
35.37
36.12
36.85
37.58
38.35
39.09
39.86
40.64
41.4
42.15
42.89
43.66
44.39
45.17
45.94
46.71
47.48
48.28
49.13
49.9
50.64
51.37
52.11
52.9
53.63
54.37
55.13
55.88
56.61
57.35
58.08
58.86
59.59
60.34
61.04
61.81
62.55
63.33
64.13
64.89
65.68
66.52
67.27
68.05
68.8
69.57
70.41
71.22
71.98
72.75
73.51
74.29
75.04
75.79
76.55
77.31
78.06
78.81
79.58
80.34
81.07
81.82
82.56
83.35
84.1
84.82
85.55
86.32
87.09
87.87
88.65
89.44
90.19
90.97
91.74
92.51
93.3
94.09
94.74
95.43
96.16
96.94
97.68
98.43
99.19
99.96
100.78
101.56
102.33
103.11
103.9
104.67
105.45
106.19
106.97
107.81
108.61
109.35
110.09
110.84
111.62
112.34
113.08
113.82
114.55
115.25
116.01
116.75
117.51
118.26
119.04
119.81
120.57
121.33
122.15
122.91
123.72
124.47
125.28
126.05
126.87
127.68
128.51
129.28
130.11
130.83
131.62
132.34
133.11
133.81
134.57
