0.36
0.99
1.66
2.28
2.92
3.54
4.14
4.78
5.4
6.04
6.67
7.3
7.94
8.61
9.24
9.85
10.47
11.1
11.74
12.36
12.98
13.68
14.32
14.93
15.53
16.16
16.8
17.45
18.08
18.82
19.49
20.09
20.68
21.32
21.96
22.6
23.24
23.9
24.54
25.19
25.84
26.48
27.15
27.8
28.48
29.24
29.96
30.58
31.22
31.82
32.45
33.07
33.69
34.33
34.96
35.56
36.18
36.8
37.45
38.09
38.74
39.35
39.97
40.64
41.28
42.04
42.77
43.39
44.02
44.66
45.27
45.9
46.53
47.21
47.84
48.47
49.09
49.71
50.37
50.97
51.58
52.19
52.83
53.47
54.1
54.74
55.44
56.07
56.7
57.37
58.08
58.74
59.38
60.07
60.79
61.45
62.16
62.9
63.62
64.26
64.9
65.53
66.2
66.81
67.45
68.11
68.75
69.38
70.01
70.7
71.39
72.02
72.64
73.28
73.97
74.59
75.23
75.92
76.57
77.19
77.84
78.46
79.08
79.71
80.34
81.12
81.95
82.58
83.21
83.88
84.52
85.16
85.78
86.42
87.07
87.68
88.3
88.98
89.63
90.24
90.88
91.51
92.13
92.76
93.4
94.05
94.68
95.3
95.92
96.53
97.18
97.79
98.42
99.02
99.65
100.28
100.93
101.58
102.2
102.83
103.48
104.1
104.76
105.43
106.05
106.69
107.36
108.01
108.72
109.47
110.28
111.09
111.9
112.69
