0.49
1.66
2.81
4.1
5.38
6.6
7.79
9.0
10.2
11.4
12.6
13.84
15.07
16.28
17.49
18.74
19.99
21.23
22.51
23.74
24.98
26.21
27.42
28.65
29.92
31.19
32.43
33.7
34.97
36.22
37.49
38.77
40.04
41.3
42.54
43.8
45.06
46.33
47.62
48.85
50.09
51.35
52.64
53.92
55.17
56.42
57.68
58.96
60.23
61.49
62.73
63.99
65.26
66.51
67.78
69.01
70.29
71.56
72.84
74.09
75.37
76.63
77.87
79.14
80.41
81.66
82.95
84.23
85.47
86.71
87.98
89.27
90.54
91.83
93.11
94.41
95.66
96.94
98.21
99.54
100.79
102.05
103.33
104.59
105.87
107.16
108.47
109.72
110.98
112.26
113.55
114.88
116.18
117.46
118.75
120.0
121.3
122.61
123.9
125.18
126.45
127.73
128.99
130.3
131.57
132.87
134.18
135.5
136.77
138.06
139.34
140.63
141.91
143.19
144.49
145.83
147.14
148.45
149.79
151.11
152.45
153.85
155.23
156.66
158.06
159.43
160.86
162.39
164.31
