0.5
1.08
1.68
2.23
2.82
3.46
4.11
4.73
5.39
6.02
6.62
7.22
7.79
8.4
9.0
9.59
10.2
10.81
11.4
12.01
12.61
13.22
13.85
14.47
15.07
15.68
16.28
16.89
17.49
18.1
18.74
19.37
20.01
20.61
21.24
21.91
22.52
23.13
23.75
24.37
24.98
25.62
26.2
26.83
27.43
28.04
28.66
29.29
29.93
30.55
31.2
31.82
32.44
33.09
33.71
34.33
34.98
35.61
36.23
36.87
37.51
38.14
38.78
39.41
40.04
40.69
41.31
41.93
42.55
43.17
43.81
44.45
45.06
45.71
46.34
46.98
47.62
48.25
48.86
49.47
50.1
50.72
51.37
52.02
52.65
53.27
53.93
54.55
55.17
55.81
56.43
57.06
57.69
58.32
58.98
59.6
60.23
60.87
61.5
62.11
62.74
63.37
64.0
64.64
65.27
65.89
66.52
67.15
67.79
68.4
69.02
69.66
70.3
70.95
71.57
72.21
72.84
73.48
74.1
74.74
75.37
76.0
76.65
77.21
77.56
77.88
78.2
78.52
78.83
79.15
79.48
79.79
80.1
80.42
80.73
81.03
81.36
81.67
81.99
82.32
82.64
82.96
83.28
83.59
83.91
84.23
84.55
84.85
85.16
85.48
85.78
86.09
86.4
86.72
87.03
87.35
87.67
87.99
88.31
88.64
88.95
89.28
89.6
89.92
90.24
90.55
90.87
91.2
91.52
91.84
92.16
92.48
92.8
93.12
93.45
93.77
94.1
94.42
94.73
95.05
95.35
95.67
95.99
96.3
96.63
96.94
97.26
97.59
97.9
98.22
98.56
98.88
99.2
99.54
99.86
100.17
100.48
100.79
101.11
101.42
101.73
102.06
102.38
102.7
103.01
103.34
103.65
103.97
104.29
104.6
104.91
105.23
105.55
105.88
106.2
106.52
106.85
107.17
107.5
107.83
108.16
108.48
108.79
109.1
109.42
109.73
110.04
110.35
110.67
110.99
111.31
111.63
111.95
112.26
112.59
112.91
113.23
113.57
113.9
114.23
114.55
114.89
115.2
115.53
115.88
116.19
116.51
116.84
117.15
117.47
117.79
118.12
118.44
118.76
119.07
119.38
119.7
120.0
120.33
120.65
120.98
121.31
121.64
121.98
122.29
122.62
122.94
123.26
123.59
123.91
124.23
124.55
124.87
125.18
125.51
125.83
126.15
126.46
126.78
127.1
127.43
127.74
128.05
128.37
128.68
128.99
129.32
129.65
129.97
130.31
130.62
130.94
131.27
131.58
131.9
132.23
132.55
132.88
133.21
133.54
133.86
134.19
134.51
134.84
135.18
135.51
135.83
136.14
136.47
136.79
137.11
137.43
137.74
138.06
138.39
138.7
139.03
139.35
139.66
139.99
140.32
140.65
140.97
141.29
141.6
141.92
142.24
142.56
142.88
143.2
143.52
143.84
144.17
144.5
144.85
145.18
145.51
145.84
146.16
146.48
146.83
147.15
147.47
147.82
148.14
148.46
148.81
149.12
149.45
149.8
150.12
150.44
150.78
151.12
151.44
151.78
152.13
152.46
152.8
153.14
153.49
153.86
154.23
154.58
154.92
155.24
155.58
155.93
156.29
156.67
157.03
157.39
157.71
158.07
158.4
158.75
159.08
159.44
159.78
160.13
160.51
160.88
161.24
161.61
162.0
162.4
162.83
163.29
163.77
164.21
164.67
165.15
165.61
166.05
166.51
166.97
167.44
167.91
168.4
168.85
