0.49
1.77
3.05
4.39
5.74
7.03
8.27
9.56
10.81
12.05
13.29
14.54
15.83
17.08
18.33
19.61
20.89
22.16
23.43
24.65
25.9
27.12
28.34
29.59
30.82
32.06
33.29
34.52
35.76
37.03
38.3
39.57
40.8
42.05
43.26
44.5
45.78
47.03
48.27
49.5
50.76
52.04
53.32
54.63
55.9
57.16
58.41
59.65
60.88
62.13
63.36
64.6
65.84
67.08
68.3
69.5
70.75
72.03
73.32
74.59
75.82
77.07
78.34
79.62
80.91
82.16
83.44
84.69
85.94
87.13
88.36
89.59
90.83
92.08
93.3
94.54
95.78
97.05
98.34
99.67
100.94
102.24
103.66
105.04
106.37
107.69
108.94
110.17
111.41
112.68
113.98
115.3
116.61
117.95
119.22
120.46
121.75
123.1
124.43
125.72
127.01
128.28
129.53
130.78
132.06
133.4
134.71
136.03
137.32
138.6
139.89
141.17
142.45
143.73
145.03
146.35
147.64
148.94
150.26
151.57
152.92
154.32
155.69
157.04
158.49
159.88
161.25
162.88
164.7
166.28
