0.5
1.13
1.78
2.4
3.05
3.75
4.4
5.05
5.75
6.41
7.04
7.66
8.28
8.91
9.56
10.18
10.81
11.45
12.06
12.66
13.3
13.91
14.55
15.22
15.85
16.47
17.09
17.71
18.34
18.97
19.63
20.27
20.9
21.52
22.17
22.83
23.44
24.05
24.66
25.27
25.9
26.52
27.13
27.73
28.35
28.97
29.6
30.22
30.83
31.44
32.07
32.68
33.3
33.93
34.52
35.14
35.77
36.39
37.04
37.69
38.32
38.96
39.59
40.19
40.8
41.43
42.06
42.67
43.27
43.88
44.51
45.15
45.78
46.43
47.04
47.65
48.28
48.89
49.51
50.13
50.77
51.4
52.05
52.7
53.33
53.98
54.64
55.28
55.9
56.54
57.17
57.78
58.42
59.05
59.67
60.29
60.89
61.5
62.14
62.76
63.37
63.99
64.6
65.23
65.84
66.48
67.08
67.69
68.32
68.91
69.5
70.12
70.76
71.41
72.03
72.68
73.33
73.97
74.59
75.21
75.81
76.46
77.1
77.71
78.34
78.99
79.62
80.27
80.91
81.53
82.16
82.8
83.45
84.07
84.7
85.33
85.95
86.54
87.14
87.76
88.38
88.98
89.6
90.22
90.83
91.47
92.09
92.7
93.31
93.93
94.55
95.16
95.78
96.4
97.06
97.71
98.34
99.01
99.68
100.32
100.95
101.59
102.24
102.88
103.29
103.72
104.04
104.38
104.71
105.04
105.37
105.72
106.05
106.38
106.71
107.04
107.38
107.69
108.02
108.33
108.64
108.95
109.25
109.57
109.87
110.18
110.49
110.8
111.11
111.42
111.74
112.05
112.37
112.69
113.01
113.32
113.65
113.99
114.31
114.64
114.98
115.31
115.64
115.98
116.3
116.62
116.97
117.29
117.62
117.96
118.28
118.6
118.91
119.23
119.53
119.84
120.15
120.47
120.78
121.11
121.44
121.76
122.12
122.45
122.78
123.11
123.45
123.77
124.11
124.44
124.76
125.08
125.41
125.74
126.07
126.39
126.7
127.02
127.34
127.64
127.95
128.28
128.6
128.91
129.23
129.55
129.86
130.17
130.49
130.8
131.1
131.42
131.74
132.07
132.4
132.73
133.07
133.4
133.74
134.06
134.39
134.72
135.05
135.38
135.72
136.04
136.37
136.68
137.0
137.32
137.64
137.96
138.28
138.61
138.93
139.26
139.57
139.89
140.22
140.53
140.85
141.17
141.5
141.82
142.14
142.46
142.78
143.1
143.42
143.74
144.05
144.37
144.71
145.04
145.37
145.7
146.04
146.35
146.69
147.02
147.34
147.65
147.96
148.28
148.61
148.95
149.28
149.61
149.94
150.26
150.58
150.91
151.24
151.58
151.94
152.28
152.6
152.92
153.26
153.6
153.97
154.32
154.67
155.01
155.35
155.7
156.07
156.41
156.75
157.07
157.41
157.77
158.13
158.49
158.85
159.2
159.55
159.89
160.23
160.57
160.92
161.26
161.64
162.05
162.46
162.88
163.35
163.78
164.24
164.75
165.26
165.79
166.28
166.81
167.28
167.76
168.24
168.73
169.21
169.68
170.16
170.64
