0.49
1.49
2.45
3.43
4.49
5.49
6.5
7.45
8.39
9.29
10.19
11.1
12.0
12.92
13.88
14.83
15.75
16.64
17.55
18.47
19.44
20.38
21.27
22.19
23.1
23.99
24.89
25.8
26.69
27.57
28.44
29.36
30.34
31.31
32.18
33.06
33.94
34.84
35.74
36.65
37.55
38.47
39.39
40.28
41.19
42.08
42.98
43.88
44.79
45.69
46.58
47.47
48.35
49.22
50.09
50.99
51.89
52.79
53.73
54.65
55.58
56.47
57.34
58.24
59.13
60.01
60.88
61.74
62.62
63.51
64.4
65.27
66.15
67.01
67.93
68.84
69.72
70.61
71.52
72.41
73.29
74.16
75.04
75.93
76.87
77.77
78.64
79.52
80.35
81.2
82.03
82.88
83.78
84.75
85.7
86.67
87.59
88.53
89.42
90.32
91.27
92.22
93.18
94.07
94.97
95.88
96.82
97.69
98.56
99.42
100.29
101.17
102.08
102.99
103.92
104.83
105.72
106.58
107.46
108.33
109.2
110.1
110.99
111.93
112.85
113.77
114.67
115.56
116.47
117.36
118.26
119.16
120.08
121.05
121.97
122.86
123.77
124.74
125.69
126.63
127.55
128.48
129.41
130.36
131.33
132.25
133.12
133.98
134.86
135.73
136.6
137.5
138.47
139.44
140.37
141.31
142.27
143.18
144.08
145.01
145.98
146.93
147.93
148.9
150.15
151.47
152.72
154.04
155.4
156.77
158.17
159.6
