0.18
0.5
0.83
1.15
1.49
1.82
2.13
2.45
2.78
3.09
3.44
3.8
4.16
4.5
4.83
5.16
5.5
5.86
6.2
6.51
6.85
7.15
7.46
7.78
8.08
8.39
8.71
9.0
9.3
9.61
9.9
10.2
10.51
10.81
11.1
11.41
11.71
12.01
12.32
12.62
12.94
13.27
13.59
13.9
14.22
14.53
14.83
15.15
15.46
15.76
16.05
16.35
16.65
16.95
17.26
17.56
17.86
18.17
18.47
18.79
19.11
19.45
19.78
20.07
20.38
20.68
20.97
21.27
21.57
21.88
22.19
22.51
22.81
23.11
23.41
23.7
24.0
24.3
24.6
24.9
25.21
25.51
25.8
26.11
26.4
26.7
27.0
27.29
27.58
27.87
28.15
28.44
28.75
29.06
29.37
29.69
30.0
30.35
30.67
31.0
31.31
31.61
31.89
32.19
32.47
32.76
33.06
33.36
33.65
33.95
34.25
34.55
34.85
35.15
35.45
35.75
36.05
36.35
36.66
36.96
37.25
37.56
37.86
38.16
38.48
38.79
39.09
39.4
39.69
39.99
40.29
40.59
40.9
41.2
41.5
41.8
42.09
42.39
42.69
42.99
43.3
43.6
43.89
44.2
44.49
44.8
45.1
45.4
45.7
46.0
46.3
46.59
46.89
47.19
47.48
47.78
48.07
48.36
48.65
48.94
49.22
49.51
49.8
50.09
50.4
50.69
51.0
51.3
51.59
51.89
52.2
52.49
52.8
53.12
53.43
53.74
54.05
54.35
54.66
54.97
55.28
55.58
55.89
56.18
56.48
56.77
57.06
57.35
57.65
57.94
58.24
58.54
58.83
59.13
59.43
59.72
60.02
60.31
60.6
60.88
61.17
61.46
61.75
62.04
62.33
62.62
62.92
63.21
63.51
63.82
64.11
64.41
64.69
64.98
65.28
65.57
65.86
66.15
66.44
66.73
67.02
67.33
67.62
67.94
68.25
68.55
68.85
69.16
69.44
69.73
70.03
70.32
70.62
70.93
71.23
71.53
71.83
72.12
72.42
72.73
73.01
73.3
73.6
73.88
74.17
74.47
74.76
75.05
75.33
75.63
75.94
76.26
76.56
76.87
77.19
77.48
77.78
78.08
78.36
78.65
78.94
79.23
79.52
79.8
80.08
80.36
80.64
80.93
81.21
81.49
81.76
82.04
82.32
82.6
82.89
83.16
83.44
83.72
84.01
84.32
84.61
84.91
85.22
85.51
85.82
86.11
86.41
86.71
87.01
87.32
87.61
87.91
88.22
88.53
88.85
89.15
89.44
89.74
90.04
90.33
90.63
90.91
91.19
91.46
91.75
92.02
92.32
92.61
92.89
93.19
93.49
93.78
94.08
94.39
94.68
94.98
95.29
95.58
95.89
96.21
96.52
96.82
97.12
97.4
97.69
97.98
98.28
98.57
98.86
99.15
99.43
99.73
100.02
100.3
100.59
100.88
101.18
101.49
101.78
102.09
102.39
102.69
102.99
103.31
103.61
103.92
104.23
104.53
104.83
105.13
105.42
105.72
106.01
106.3
106.58
106.87
107.16
107.46
107.75
108.03
108.33
108.62
108.9
109.2
109.51
109.8
110.11
110.41
110.7
111.0
111.32
111.63
111.93
112.25
112.55
112.86
113.18
113.48
113.78
114.08
114.37
114.68
114.97
115.27
115.57
115.87
116.17
116.48
116.78
117.08
117.37
117.68
117.98
118.27
118.58
118.87
119.18
119.48
119.77
120.08
120.4
120.73
121.05
121.37
121.67
121.97
122.26
122.57
122.87
123.17
123.47
123.77
124.09
124.42
124.77
125.09
125.39
125.7
126.01
126.33
126.64
126.95
127.25
127.56
127.88
128.19
128.49
128.8
129.11
129.42
129.74
130.06
130.37
130.69
131.01
131.34
131.66
131.96
132.26
132.55
132.84
133.13
133.41
133.7
133.99
134.29
134.58
134.87
135.15
135.45
135.74
136.03
136.32
136.61
136.91
137.2
137.5
137.81
138.14
138.48
138.82
139.13
139.44
139.76
140.06
140.37
140.69
141.0
141.32
141.65
141.97
142.28
142.6
142.89
143.19
143.5
143.79
144.09
144.39
144.7
145.02
145.35
145.67
145.99
146.3
146.62
146.94
147.26
147.61
147.94
148.27
148.59
148.91
149.25
149.56
149.88
150.2
150.54
150.88
151.21
151.54
151.9
152.33
152.72
153.16
153.58
154.04
154.48
154.95
155.41
155.85
156.33
156.77
157.23
157.71
158.17
158.66
159.13
159.63
160.16
160.73
161.3
161.84
162.43
162.99
163.55
164.09
