0.5
1.12
1.77
2.37
3.01
3.7
4.37
5.01
5.71
6.38
7.03
7.67
8.28
8.9
9.54
10.16
10.8
11.41
12.04
12.63
13.24
13.85
14.46
15.11
15.72
16.34
16.98
17.62
18.23
18.86
19.5
20.14
20.78
21.39
22.04
22.7
23.33
23.92
24.55
25.18
25.8
26.41
27.02
27.63
28.24
28.85
29.48
30.11
30.72
31.33
31.96
32.57
33.19
33.81
34.41
35.03
35.63
36.21
36.84
37.5
38.12
38.77
39.41
40.03
40.64
41.27
41.91
42.55
43.19
43.84
44.47
45.15
45.77
46.4
47.02
47.61
48.24
48.86
49.46
50.08
50.71
51.34
51.97
52.64
53.28
53.91
54.59
55.24
55.89
56.54
57.17
57.82
58.44
59.07
59.7
60.33
60.97
61.61
62.23
62.84
63.46
64.08
64.66
65.28
65.9
66.5
67.12
67.75
68.36
68.98
69.57
70.21
70.83
71.47
72.08
72.7
73.34
73.97
74.59
75.22
75.86
76.49
77.13
77.76
78.38
79.01
79.62
80.25
80.91
81.52
82.13
82.76
83.42
84.04
84.66
85.3
85.93
86.53
87.15
87.79
88.42
89.09
89.75
90.47
91.11
91.72
92.36
92.99
93.64
94.27
94.89
95.5
96.13
96.75
97.39
98.05
98.68
99.33
100.0
100.64
101.26
101.88
102.52
103.14
103.77
104.39
105.03
105.67
106.32
106.95
107.59
108.22
108.87
109.51
110.14
110.77
111.4
112.03
112.65
113.03
113.38
113.69
114.03
114.35
114.67
114.99
115.32
115.64
115.96
116.3
116.62
116.94
117.26
117.57
117.89
118.21
118.54
118.85
119.16
119.47
119.78
120.1
120.41
120.71
121.01
121.3
121.6
121.91
122.25
122.58
122.9
123.23
123.56
123.88
124.21
124.55
124.88
125.21
125.54
125.85
126.17
126.49
126.82
127.14
127.46
127.77
128.09
128.41
128.73
129.06
129.38
129.69
130.02
130.36
130.7
131.02
131.34
131.7
132.02
132.36
132.69
133.02
133.35
133.68
134.01
134.35
134.67
135.01
135.34
135.67
136.0
136.32
136.64
136.96
137.27
137.58
137.89
138.21
138.53
138.86
139.18
139.49
139.82
140.14
140.46
140.78
141.09
141.41
141.74
142.06
142.38
142.7
143.02
143.34
143.66
143.97
144.29
144.62
144.95
145.3
145.62
145.96
146.29
146.6
146.93
147.26
147.6
147.91
148.23
148.53
148.84
149.18
149.5
149.85
150.17
150.49
150.81
151.12
151.45
151.78
152.12
152.44
152.77
153.09
153.43
153.77
154.15
154.51
154.91
155.29
155.7
156.13
156.53
156.91
157.27
157.65
158.01
158.37
158.71
159.08
159.45
159.79
160.17
160.52
160.89
161.25
161.59
161.95
162.35
162.77
163.21
163.62
164.03
164.47
164.89
165.32
165.77
166.18
166.68
167.14
167.63
168.1
168.58
169.06
169.54
170.04
170.52
170.98
171.46
172.02
