0.49
1.74
3.0
4.36
5.71
7.03
8.27
9.52
10.79
12.03
13.23
14.47
15.71
16.97
18.22
19.49
20.77
22.03
23.31
24.54
25.79
27.01
28.24
29.48
30.71
31.95
33.18
34.41
35.62
36.83
38.11
39.4
40.63
41.9
43.18
44.46
45.77
47.01
48.23
49.46
50.71
51.97
53.26
54.58
55.88
57.16
58.43
59.69
60.97
62.22
63.46
64.67
65.88
67.12
68.36
69.59
70.83
72.07
73.33
74.58
75.85
77.13
78.37
79.61
80.89
82.12
83.4
84.66
85.91
87.14
88.41
89.76
91.11
92.35
93.63
94.88
96.12
97.38
98.67
99.99
101.25
102.51
103.76
105.02
106.31
107.58
108.86
110.14
111.39
112.67
114.02
115.32
116.61
117.88
119.15
120.4
121.6
122.89
124.2
125.53
126.81
128.08
129.37
130.68
132.01
133.34
134.66
135.98
137.26
138.53
139.82
141.09
142.38
143.65
144.94
146.28
147.59
148.86
150.17
151.44
152.76
154.15
155.68
157.26
158.71
160.17
161.59
163.2
164.88
166.67
