0.5
1.04
1.62
2.16
2.75
3.39
4.01
4.6
5.23
5.81
6.38
6.95
7.49
8.04
8.62
9.17
9.74
10.3
10.9
11.45
12.02
12.58
13.14
13.71
14.24
14.8
15.35
15.89
16.43
16.97
17.54
18.1
18.68
19.25
19.83
20.41
20.97
21.51
22.07
22.61
23.17
23.73
24.27
24.81
25.34
25.88
26.43
26.98
27.54
28.13
28.74
29.31
29.85
30.42
30.98
31.52
32.09
32.64
33.19
33.75
34.28
34.83
35.37
35.92
36.47
37.0
37.55
38.09
38.65
39.18
39.75
40.33
40.88
41.44
41.97
42.5
43.04
43.58
44.14
44.67
45.23
45.77
46.33
46.89
47.45
48.0
48.57
49.11
49.67
50.22
50.79
51.38
51.93
52.51
53.08
53.63
54.19
54.77
55.33
55.88
56.4
56.95
57.49
58.03
58.58
59.11
59.66
60.2
60.74
61.29
61.82
62.37
62.92
63.48
64.01
64.54
65.1
65.65
66.16
66.73
67.29
67.85
68.45
69.02
69.56
70.1
70.65
71.22
71.79
72.31
72.85
73.4
73.93
74.49
75.05
75.6
76.13
76.66
77.23
77.78
78.33
78.95
79.56
80.13
80.7
81.26
81.85
82.41
83.02
83.59
84.15
84.7
85.25
85.79
86.35
86.92
87.46
88.02
88.58
89.14
89.67
90.21
90.77
91.28
91.83
92.34
92.88
93.41
93.96
94.51
95.06
95.63
96.18
96.7
97.24
97.78
98.31
98.84
99.37
99.91
100.47
101.01
101.58
102.12
102.67
103.24
103.79
104.38
104.92
105.49
106.09
106.64
107.21
107.79
108.34
108.88
109.45
110.01
110.58
111.14
111.66
112.22
112.76
113.3
113.84
114.4
114.94
115.45
116.0
116.54
117.09
117.65
118.2
118.76
119.31
119.9
120.46
121.01
121.54
122.08
122.63
123.18
123.73
124.29
124.84
125.39
125.93
126.47
127.04
127.62
128.19
128.73
129.27
129.81
130.37
130.93
131.5
132.03
132.6
133.16
133.73
134.3
134.92
135.5
136.08
136.68
137.31
137.93
138.5
139.09
139.72
140.3
140.97
141.67
142.51
143.41
144.26
145.14
146.08
147.11
148.14
