1.19
2.45
3.79
5.11
6.43
7.75
9.06
10.32
11.6
12.85
14.13
15.46
16.74
17.99
19.22
20.47
21.74
23.05
24.32
25.6
26.89
28.14
29.38
30.61
31.85
33.1
34.33
35.58
36.85
38.11
39.35
40.6
41.84
43.13
44.39
45.66
46.95
48.21
49.44
50.69
51.96
53.29
54.56
55.85
57.16
58.48
59.75
61.04
62.32
63.59
64.87
66.13
67.36
68.6
69.81
71.02
72.29
73.53
74.75
75.98
77.23
78.47
79.68
80.91
82.15
83.36
84.59
85.84
87.04
88.25
89.45
90.68
91.88
93.1
94.3
95.5
96.72
97.96
99.2
100.45
101.66
102.89
104.14
105.36
106.59
107.84
109.08
110.31
111.51
112.75
114.02
115.26
116.54
117.76
118.97
120.21
121.55
122.82
124.07
125.31
126.54
127.74
128.95
130.19
131.43
132.68
133.92
135.15
136.36
137.55
138.76
139.99
141.21
142.41
143.66
144.9
146.1
147.3
148.54
149.73
150.96
152.27
153.54
154.82
156.11
157.44
159.02
160.7
162.63
