0.5
1.2
1.85
2.46
3.1
3.8
4.46
5.12
5.79
6.43
7.1
7.76
8.41
9.06
9.72
10.33
10.96
11.61
12.24
12.85
13.5
14.14
14.8
15.47
16.12
16.74
17.37
18.0
18.62
19.23
19.85
20.48
21.14
21.75
22.39
23.07
23.72
24.32
24.96
25.61
26.25
26.9
27.51
28.15
28.75
29.39
30.0
30.6
31.23
31.86
32.49
33.11
33.73
34.36
34.98
35.59
36.23
36.86
37.5
38.12
38.75
39.36
40.0
40.61
41.21
41.85
42.48
43.15
43.76
44.4
45.03
45.67
46.31
46.96
47.58
48.22
48.83
49.44
50.06
50.7
51.33
51.97
52.64
53.29
53.93
54.56
55.22
55.86
56.49
57.17
57.83
58.49
59.12
59.75
60.42
61.06
61.69
62.36
62.97
63.6
64.23
64.88
65.52
66.14
66.74
67.37
67.99
68.58
69.22
69.82
70.41
71.02
71.66
72.3
72.93
73.54
74.13
74.77
75.36
75.98
76.61
77.23
77.87
78.48
79.09
79.68
80.29
80.92
81.54
82.16
82.74
83.36
83.99
84.58
85.21
85.85
86.45
87.04
87.65
88.26
88.86
89.46
90.07
90.69
91.27
91.89
92.52
93.11
93.71
94.31
94.9
95.49
96.1
96.73
97.35
97.97
98.6
99.2
99.83
100.46
101.08
101.67
102.29
102.9
103.53
104.15
104.77
105.37
105.99
106.59
107.21
107.85
108.48
109.09
109.71
110.32
110.9
111.52
112.13
112.76
113.41
114.03
114.66
115.27
115.92
116.55
117.16
117.77
118.37
118.99
119.6
120.19
120.88
121.55
122.21
122.83
123.46
124.08
124.7
125.32
125.93
126.54
127.15
127.75
128.34
128.96
129.59
130.19
130.81
131.44
132.06
132.71
133.32
133.93
134.55
135.16
135.76
136.37
136.95
137.55
138.17
138.77
139.38
140.0
140.6
141.22
141.82
142.42
143.05
143.67
144.28
144.91
145.49
146.12
146.7
147.32
147.92
148.55
149.14
149.74
150.37
150.97
151.61
152.29
152.91
153.58
154.28
154.93
155.51
156.13
156.75
157.45
158.11
158.83
159.53
160.22
160.95
161.67
162.49
163.27
164.04
164.84
165.61
