0.32
0.66
0.99
1.32
1.66
1.99
2.32
2.65
2.99
3.32
3.64
3.98
4.31
4.65
4.96
5.29
5.62
5.97
6.31
6.65
6.98
7.32
7.67
7.99
8.33
8.65
8.97
9.31
9.63
9.97
10.29
10.64
10.99
11.33
11.71
12.07
12.41
12.74
13.09
13.42
13.76
14.09
14.43
14.78
15.11
15.44
15.76
16.1
16.43
16.79
17.14
17.48
17.81
18.15
18.5
18.84
19.18
19.51
19.86
20.2
20.53
20.88
21.21
21.55
21.88
22.21
22.55
22.9
23.24
23.57
23.92
24.27
24.59
24.9
25.22
25.54
25.87
26.21
26.54
26.89
27.23
27.57
27.92
28.27
28.62
28.94
29.28
29.62
29.95
30.29
30.64
30.98
31.31
31.65
31.99
32.32
32.67
33.0
33.37
33.73
34.09
34.45
34.79
35.12
35.47
35.82
36.16
36.48
36.82
37.16
37.52
37.86
38.18
38.52
38.89
39.23
39.57
39.92
40.28
40.64
40.99
41.37
41.72
42.1
42.46
42.84
43.19
43.56
43.93
44.31
44.67
45.02
45.36
45.7
46.06
46.41
46.77
47.14
47.49
47.85
48.22
48.62
49.04
49.44
49.8
50.15
50.5
50.86
51.2
51.54
51.88
52.22
52.57
52.9
53.23
53.54
53.87
54.2
54.56
54.91
55.26
55.6
55.95
56.3
56.64
56.99
57.31
57.65
57.99
58.34
58.69
59.03
59.37
59.7
60.03
60.38
60.73
61.08
61.42
61.79
62.15
62.51
62.87
63.24
63.59
63.96
64.32
64.71
65.08
65.43
65.78
66.15
66.52
66.9
67.26
67.62
68.0
68.39
68.78
69.14
69.54
69.92
70.3
70.68
71.06
71.42
