0.28
0.66
1.05
1.43
1.81
2.19
2.57
2.96
3.34
3.73
4.11
4.49
4.87
5.25
5.64
6.02
6.41
6.78
7.16
7.55
7.93
8.32
8.72
9.1
9.49
9.87
10.26
10.65
11.04
11.43
11.81
12.2
12.6
12.98
13.39
13.79
14.19
14.58
14.97
15.38
15.76
16.16
16.55
16.93
17.33
17.73
18.13
18.51
18.91
19.29
19.68
20.07
20.46
20.86
21.25
21.66
22.06
22.45
22.84
23.23
23.62
24.01
24.4
24.79
25.19
25.57
25.97
26.37
26.77
27.15
27.55
27.98
28.43
28.86
29.25
29.66
30.06
30.46
30.87
31.28
31.68
32.08
32.48
32.88
33.28
33.68
34.07
34.47
34.86
35.27
35.67
36.07
36.47
36.87
37.26
37.66
38.06
38.48
38.89
39.3
39.71
40.09
40.48
40.87
41.28
41.67
42.06
42.44
42.84
43.23
43.65
44.04
44.45
44.85
45.24
45.65
46.07
46.47
46.89
47.32
47.72
48.12
48.51
48.91
49.31
49.73
50.09
50.45
50.82
51.2
51.59
51.99
52.39
52.77
53.15
53.54
53.94
54.36
54.75
55.13
55.52
55.88
56.24
56.63
57.03
57.41
57.81
58.2
58.59
59.0
59.39
59.78
60.17
60.56
60.96
61.36
61.76
62.15
62.53
62.92
63.3
63.69
64.07
64.48
64.87
65.29
65.69
66.09
66.48
66.88
67.28
67.67
68.06
68.46
68.85
69.25
69.64
70.03
70.43
70.84
71.22
71.61
72.01
72.42
72.81
73.21
73.6
74.03
74.42
74.83
75.24
75.66
76.06
76.45
76.85
77.26
77.66
78.01
78.32
78.65
79.0
79.32
79.64
79.95
80.26
80.56
80.88
81.18
81.49
81.81
82.12
