4.3
7.98
11.87
16.15
19.92
23.49
26.55
29.71
32.66
35.49
37.72
39.71
41.68
43.6
45.56
47.43
49.33
51.15
53.16
55.24
57.15
58.98
60.82
62.85
64.71
66.68
68.56
70.36
72.14
74.21
76.17
78.0
79.79
81.71
84.03
87.19
90.57
94.09
97.54
101.01
104.67
108.18
111.69
115.22
118.56
122.36
126.14
129.75
133.12
136.39
139.65
143.06
146.42
149.52
152.45
155.18
157.72
160.18
162.65
165.1
167.48
169.81
172.69
176.24
180.07
183.7
187.22
190.86
194.5
198.19
201.97
205.78
209.54
213.59
217.22
220.65
223.78
226.49
229.01
231.14
233.27
235.37
237.63
240.06
242.51
245.09
247.28
249.74
252.26
254.55
256.75
259.3
261.79
264.25
266.81
269.25
271.55
273.81
276.23
278.63
281.0
283.5
286.01
288.57
291.3
294.0
296.6
298.63
300.6
302.56
304.44
306.34
308.18
309.94
311.58
313.24
314.97
316.8
318.64
320.46
322.19
323.92
325.69
327.64
329.82
332.23
334.54
336.6
338.61
340.58
342.61
344.51
346.52
348.43
350.34
352.16
354.06
355.95
357.92
359.83
361.63
363.61
365.62
367.63
369.6
371.71
374.0
376.06
378.04
379.87
381.73
383.7
385.83
387.99
390.18
392.65
396.12
399.56
403.05
406.55
410.03
413.57
417.0
420.62
424.08
426.65
428.97
431.37
433.86
436.22
438.54
441.12
444.17
447.13
450.06
452.59
455.13
457.66
460.06
462.51
464.89
467.16
469.46
471.71
473.93
476.03
478.19
480.33
482.47
484.81
487.22
489.54
491.83
493.98
496.07
498.12
500.26
502.27
504.26
506.17
508.13
510.3
512.66
515.11
517.66
520.05
522.65
525.34
528.16
530.9
533.46
536.07
538.86
541.55
544.27
546.83
549.48
552.29
554.94
557.41
559.43
561.43
563.31
565.21
567.85
570.51
573.27
575.88
578.14
580.42
