0.0
0.46
0.96
1.44
1.9
2.38
2.88
3.36
3.82
4.3
4.78
5.25
5.71
6.18
6.63
7.09
7.56
8.02
8.47
8.95
9.45
9.91
10.39
10.88
11.37
11.85
12.26
12.7
13.14
13.57
13.98
14.43
14.84
15.27
15.71
16.16
16.59
17.06
17.54
18.03
18.54
19.01
19.49
19.99
20.53
21.08
21.61
22.11
22.65
23.19
23.7
24.27
24.86
25.44
25.99
26.55
27.13
27.72
28.32
28.9
29.46
30.05
30.64
31.18
31.78
32.32
32.92
33.42
33.91
34.4
34.9
35.37
35.82
36.29
36.77
37.25
37.72
38.21
38.69
39.19
39.71
40.19
40.72
41.2
41.68
42.17
42.64
43.11
43.61
44.11
44.59
45.07
45.56
46.04
46.49
46.96
47.44
47.91
48.38
48.86
49.33
49.8
50.25
50.71
51.16
51.62
52.12
52.62
53.17
53.69
54.18
54.7
55.24
55.75
56.21
56.68
57.15
57.62
58.09
58.56
58.99
59.46
59.91
60.34
60.82
61.33
61.85
62.35
62.85
63.32
63.78
64.24
64.71
65.21
65.7
66.18
66.68
67.15
67.6
68.08
68.61
69.1
69.62
70.15
70.65
71.17
71.65
72.16
72.67
73.18
73.71
74.22
74.73
75.25
75.73
76.17
76.64
77.1
77.57
78.01
78.53
79.0
79.53
80.03
80.49
80.98
81.48
81.97
82.47
83.02
83.53
84.04
84.53
85.06
85.57
86.12
86.66
87.21
87.76
88.32
88.86
89.44
89.98
90.58
91.15
91.73
92.3
92.9
93.52
94.09
94.66
95.27
95.82
96.42
96.98
97.55
98.12
98.69
99.24
99.85
100.41
101.01
101.62
102.26
102.85
103.45
104.09
104.68
105.29
106.0
106.68
107.34
108.03
108.7
109.41
110.05
110.83
111.7
112.58
113.48
114.33
115.22
116.14
116.95
117.81
118.57
119.38
120.13
120.93
121.62
122.37
123.04
123.77
124.37
125.0
125.57
126.15
126.74
127.34
127.89
128.43
128.99
129.53
130.04
130.59
131.14
131.74
132.29
132.89
133.46
134.07
134.63
135.25
135.82
136.4
137.02
137.63
138.22
138.86
139.65
140.55
141.38
142.24
143.06
143.96
144.81
145.63
146.42
147.23
147.99
148.8
149.66
150.52
151.32
152.23
153.19
154.22
155.2
156.16
157.16
158.2
159.21
160.2
161.26
162.26
163.17
164.18
165.12
166.17
167.24
168.38
169.45
170.5
171.59
172.7
173.83
174.79
175.83
176.8
177.8
178.77
179.76
180.78
181.73
182.72
183.7
184.61
185.49
186.35
187.23
188.14
189.05
189.93
191.01
192.04
193.11
194.15
195.2
196.11
197.1
198.03
198.96
199.93
200.86
201.98
203.07
204.13
205.26
206.34
207.37
208.45
209.54
210.55
211.59
212.61
213.59
214.49
215.44
216.4
217.21
218.07
218.97
219.81
220.66
221.47
222.31
223.13
223.79
224.44
225.12
225.81
226.49
227.16
227.84
228.44
229.01
229.56
230.07
230.61
231.15
231.66
232.18
232.73
233.27
233.8
234.32
234.85
235.38
235.9
236.42
237.02
237.64
238.27
238.85
239.44
240.07
240.67
241.24
241.88
242.5
243.14
243.83
244.47
245.1
245.63
246.18
246.72
247.28
247.9
248.47
249.13
249.74
250.37
251.0
251.62
252.27
252.89
253.54
254.2
254.89
255.55
256.17
256.78
257.42
258.04
258.68
259.33
259.92
260.54
261.16
261.8
262.43
263.05
263.64
264.26
264.92
265.54
266.18
266.82
267.49
268.09
268.65
269.26
269.86
270.42
270.97
271.55
272.14
272.69
273.25
273.82
274.45
275.02
275.62
276.25
276.82
277.42
278.04
278.65
279.23
279.82
280.45
281.05
281.62
282.24
282.88
283.51
284.16
284.79
285.39
286.05
286.65
287.28
287.92
288.59
289.23
289.84
290.43
291.07
291.6
292.16
292.72
293.29
293.84
294.43
294.98
295.53
296.09
296.61
297.14
297.61
298.14
298.61
299.13
299.61
300.11
300.61
301.12
301.63
302.1
302.57
303.02
303.49
303.96
304.45
304.91
305.37
305.86
306.34
306.82
307.28
307.74
308.21
308.68
309.17
309.64
310.1
310.56
310.99
311.43
311.88
312.3
312.75
313.2
313.62
314.06
314.52
314.98
315.43
315.86
316.33
316.8
317.26
317.71
318.17
318.64
319.12
319.59
320.04
320.51
320.98
321.47
321.92
322.39
322.86
323.35
323.8
324.29
324.74
325.22
325.68
326.12
326.58
327.09
327.64
328.17
328.68
329.21
329.77
330.28
330.76
331.25
331.75
332.23
332.7
333.14
333.6
334.06
334.54
335.04
335.56
336.06
336.6
337.11
337.62
338.09
338.61
339.11
339.6
340.11
340.59
341.09
341.59
342.11
342.61
343.09
343.58
344.04
344.52
345.01
345.52
346.01
346.52
347.01
347.51
347.96
348.43
348.9
349.4
349.86
350.34
350.81
351.25
351.71
352.17
352.64
353.12
353.59
354.05
354.5
354.97
355.41
355.87
356.35
356.81
357.25
357.72
358.2
358.66
359.14
359.59
360.07
360.54
361.08
361.59
362.1
362.58
363.1
363.62
364.11
364.65
365.15
365.63
366.12
366.62
367.13
367.64
368.12
368.64
369.14
369.62
370.12
370.62
371.15
371.64
372.1
372.59
373.08
373.57
374.04
374.54
375.04
375.56
376.07
376.57
377.11
377.6
378.05
378.5
378.97
379.44
379.88
380.34
380.8
381.26
381.73
382.2
382.67
383.2
383.71
384.2
384.73
385.3
385.84
386.35
386.9
387.48
387.99
388.55
389.09
389.63
390.18
390.71
391.26
391.89
392.65
393.49
394.38
395.21
396.12
396.95
397.81
398.66
399.56
400.47
401.33
402.23
403.06
403.89
404.79
405.65
406.55
407.41
408.18
408.89
409.58
410.3
410.96
411.6
412.15
412.72
413.29
413.85
414.42
414.99
415.56
416.17
416.72
417.3
417.91
418.46
419.05
419.65
420.31
420.92
421.55
422.2
422.8
423.43
424.09
424.73
425.36
425.99
426.66
427.28
427.83
428.4
428.97
429.57
430.11
430.66
431.19
431.74
432.31
432.87
433.45
433.98
434.54
435.1
435.7
436.24
436.82
437.41
437.96
438.54
439.21
439.82
440.46
441.13
441.77
442.41
443.0
443.63
444.24
444.96
445.67
446.36
447.13
447.87
448.61
449.32
450.09
450.81
451.57
452.25
452.97
453.67
454.42
455.13
455.75
456.39
457.06
457.68
458.28
458.85
459.45
460.06
460.67
461.24
461.82
462.44
463.01
463.61
464.27
464.89
465.53
466.2
466.83
467.49
468.17
468.83
469.48
470.08
470.69
471.31
471.94
472.58
473.14
473.71
474.29
474.9
475.45
476.02
476.58
477.14
477.66
478.2
478.76
479.3
479.8
480.33
480.89
481.39
481.92
482.49
483.07
483.68
484.23
484.84
485.39
485.99
486.62
487.22
487.8
488.36
488.94
489.55
490.13
490.68
491.24
491.83
492.41
492.91
493.45
493.99
494.51
495.01
495.54
496.07
496.58
497.09
497.62
498.13
498.65
499.18
499.71
500.27
500.76
501.24
501.74
502.27
502.79
503.27
503.79
504.44
505.07
505.7
506.4
507.06
507.71
508.4
509.05
509.72
510.31
510.88
511.48
512.07
512.65
513.28
513.88
514.52
515.12
515.76
516.41
517.02
517.67
518.28
518.85
519.48
520.06
520.65
521.26
521.98
522.66
523.32
523.99
524.68
525.35
526.03
526.78
527.48
528.16
528.9
529.59
530.3
530.93
531.6
532.21
532.88
533.49
534.14
534.79
535.43
536.08
536.81
537.47
538.17
538.87
539.54
540.22
540.88
541.56
542.25
542.91
543.6
544.28
544.91
545.58
546.19
546.83
547.49
548.11
548.78
549.42
550.05
550.66
551.31
551.9
552.52
553.12
553.75
554.36
554.85
555.39
555.87
556.38
556.89
557.41
557.93
558.43
558.95
559.44
559.95
560.49
560.99
561.44
561.92
562.38
562.86
563.32
563.81
564.27
564.75
565.25
565.84
566.4
566.93
567.5
568.06
568.65
569.2
569.86
570.51
571.16
571.82
572.54
573.28
574.03
574.85
575.67
576.45
577.27
578.07
578.85
579.64
580.43
581.22
581.98
582.77
583.61
584.41
585.19
