1.03
4.46
7.2
9.91
12.64
15.6
18.4
20.84
22.92
25.04
26.99
28.87
30.69
32.49
34.37
36.29
38.16
40.02
41.84
43.71
45.67
47.48
49.28
51.15
53.13
54.93
56.83
58.62
60.49
62.3
64.08
65.83
67.63
69.51
71.51
73.52
75.62
77.61
79.63
81.67
83.68
85.69
87.6
89.46
91.3
93.19
95.15
97.53
99.88
102.22
104.48
106.68
108.84
111.11
113.85
116.27
118.56
120.95
123.48
125.8
128.13
130.27
132.35
134.41
136.59
138.7
140.75
142.88
145.1
147.41
150.47
154.12
158.06
162.06
166.32
170.47
174.74
178.6
182.32
186.3
190.06
193.57
196.79
199.94
202.79
205.19
207.7
210.01
212.37
214.62
216.93
219.24
221.65
223.95
225.99
228.02
230.04
232.08
234.05
236.13
238.8
242.37
245.71
248.85
252.14
255.58
258.71
261.78
264.92
268.62
271.89
274.73
277.69
280.79
283.64
285.7
287.68
289.7
291.78
293.73
295.91
298.46
300.72
302.81
304.7
306.93
309.26
311.89
314.74
317.76
320.92
324.2
327.52
331.03
334.73
338.63
342.53
345.83
348.94
351.47
354.07
356.64
359.07
361.36
364.27
367.91
370.96
373.7
376.59
378.93
381.71
384.38
386.71
388.79
390.74
392.64
394.45
396.33
398.15
400.01
401.84
403.67
405.6
407.43
409.25
411.06
412.89
414.79
416.6
418.41
420.22
422.09
424.01
426.08
428.01
429.89
431.82
433.74
435.71
437.54
439.48
441.39
443.2
445.01
446.89
448.97
451.35
453.76
455.87
458.02
460.17
462.34
464.58
467.06
469.37
471.67
473.92
476.13
478.33
480.72
482.9
485.05
487.18
489.39
491.48
493.96
497.09
500.05
502.81
505.75
508.99
512.85
516.72
520.34
523.45
526.02
528.22
530.6
532.97
535.06
537.19
539.2
541.24
543.33
545.39
547.41
549.43
551.67
554.16
556.62
558.91
561.05
563.18
565.49
568.33
571.08
573.68
576.66
579.96
583.63
587.41
591.27
595.1
598.79
602.58
606.17
609.4
612.5
615.55
618.61
621.48
624.38
627.39
630.41
