0.36
1.04
1.72
2.42
3.12
3.85
4.51
5.22
5.89
6.55
7.21
7.88
8.56
9.24
9.92
10.61
11.08
11.58
12.11
12.58
13.1
13.58
14.1
14.58
15.06
15.52
16.0
16.48
16.98
17.45
17.92
18.4
18.89
19.38
19.84
20.36
20.84
21.39
21.91
22.42
22.92
23.44
24.0
24.52
25.04
25.56
26.05
26.52
27.0
27.5
28.03
28.52
29.0
29.47
29.96
30.42
30.9
31.4
31.85
32.32
32.79
33.28
33.73
34.22
34.74
35.22
35.72
36.24
36.74
37.23
37.68
38.16
38.63
39.09
39.57
40.03
40.46
40.91
41.37
41.84
42.29
42.77
43.24
43.74
44.27
44.76
45.22
45.67
46.12
46.57
47.04
47.48
47.93
48.37
48.84
49.29
49.74
50.17
50.65
51.16
51.65
52.16
52.63
53.13
53.59
54.04
54.48
54.93
55.41
55.88
56.35
56.83
57.29
57.73
58.17
58.62
59.08
59.56
60.02
60.49
60.97
61.41
61.86
62.31
62.75
63.19
63.63
64.09
64.53
64.96
65.4
65.83
66.28
66.74
67.17
67.64
68.13
68.59
69.05
69.52
70.0
70.5
71.04
71.54
72.05
72.55
73.05
73.52
74.01
74.49
75.06
75.62
76.16
76.65
77.12
77.61
78.08
78.58
79.12
79.64
80.19
80.69
81.17
81.68
82.19
82.7
83.2
83.69
84.19
84.67
85.17
85.7
86.18
86.66
87.13
87.61
88.08
88.53
89.0
89.46
89.94
90.4
90.85
91.3
91.76
92.23
92.73
93.19
93.68
94.15
94.65
95.16
95.76
96.36
97.02
97.79
98.5
99.28
99.89
100.55
101.09
101.67
102.23
102.81
103.35
103.95
104.49
105.03
105.57
106.15
106.69
107.21
107.76
108.29
108.85
109.43
109.97
110.55
111.12
111.68
112.21
112.77
113.35
113.91
114.52
115.12
115.67
116.27
116.83
117.42
117.97
118.56
119.11
119.68
120.25
120.82
121.39
121.99
122.57
123.18
123.77
124.33
124.93
125.5
126.1
126.71
127.36
127.95
128.58
129.2
129.74
130.28
130.83
131.33
131.87
132.36
132.9
133.4
133.89
134.42
134.96
135.49
136.06
136.59
137.12
137.64
138.16
138.7
139.27
139.8
140.43
141.14
141.78
142.6
143.44
144.23
145.1
146.03
146.9
147.8
148.72
149.63
150.48
151.39
152.3
153.21
154.13
155.1
156.08
157.13
158.21
159.26
160.22
161.12
162.07
162.96
163.87
164.78
165.7
166.63
167.46
168.25
169.07
169.93
170.77
171.64
172.56
173.52
174.42
175.33
176.22
177.06
177.99
178.9
179.76
180.66
181.62
182.57
183.5
184.41
185.31
186.27
187.28
188.2
189.15
190.07
190.94
191.82
192.68
193.58
194.48
195.26
196.08
196.81
197.58
198.36
199.14
199.96
200.75
201.51
202.28
203.09
203.76
204.51
205.2
205.89
206.6
207.36
208.08
208.87
209.75
210.66
211.53
212.38
213.26
214.07
214.96
215.79
216.7
217.53
218.39
219.25
220.1
220.99
221.81
222.59
223.41
224.18
224.94
225.7
226.5
227.23
228.03
228.76
229.53
230.42
231.24
232.09
233.04
234.06
235.03
236.13
237.06
238.06
239.0
240.0
241.12
242.1
243.19
244.18
245.23
246.27
247.19
248.04
248.85
249.69
250.48
251.25
252.15
252.97
253.86
254.69
255.59
256.37
257.13
257.95
258.73
259.45
260.21
261.03
261.8
262.6
263.41
264.16
264.93
265.73
266.46
267.26
268.02
268.81
269.56
270.31
271.08
271.85
272.65
273.37
274.04
274.74
275.49
276.24
276.95
277.7
278.42
279.21
280.04
280.81
281.59
282.38
283.16
283.99
284.75
285.71
286.67
287.7
288.66
289.73
290.69
291.79
292.74
293.74
294.71
295.54
296.34
297.04
297.74
298.48
299.05
299.58
300.15
300.73
301.27
301.82
302.42
303.03
303.65
304.19
304.7
305.23
305.76
306.33
306.94
307.54
308.11
308.67
309.27
309.83
310.5
311.17
311.9
312.6
313.3
314.01
314.75
315.47
316.16
316.87
317.52
318.23
318.9
319.62
320.28
320.93
321.61
322.24
322.88
323.52
324.2
324.86
325.48
326.12
326.8
327.43
328.07
328.67
329.27
329.83
330.43
331.04
331.64
332.32
332.98
333.66
334.4
335.12
335.87
336.61
337.29
338.0
338.71
339.37
340.01
340.6
341.14
341.69
342.25
342.86
343.46
344.05
344.63
345.2
345.79
346.45
347.08
347.71
348.34
348.96
349.6
350.2
350.84
351.51
352.15
352.77
353.44
354.08
354.73
355.4
356.02
356.65
357.26
357.85
358.46
359.08
359.65
360.22
360.79
361.37
361.99
362.65
363.35
364.02
364.81
365.53
366.29
367.12
367.91
368.71
369.51
370.29
371.17
371.97
372.8
373.58
374.41
375.16
375.91
376.59
377.21
377.78
378.37
378.93
379.4
379.88
380.37
380.92
381.43
381.97
382.55
383.1
383.62
384.18
384.75
385.26
385.8
386.31
386.77
387.26
387.79
388.28
388.79
389.29
389.76
390.25
390.75
391.23
391.71
392.18
392.64
393.11
393.54
393.99
394.46
394.94
395.41
395.87
396.34
396.8
397.26
397.7
398.16
398.62
399.09
399.55
400.02
400.48
400.94
401.39
401.85
402.31
402.77
403.23
403.68
404.16
404.66
405.13
405.6
406.09
406.56
407.0
407.44
407.89
408.35
408.8
409.26
409.72
410.19
410.63
411.07
411.52
411.98
412.43
412.89
413.37
413.85
414.34
414.8
415.25
415.72
416.16
416.61
417.06
417.53
417.98
418.42
418.87
419.32
419.77
420.22
420.66
421.13
421.62
422.09
422.55
423.03
423.5
424.03
424.59
425.11
425.61
426.09
426.56
427.04
427.49
427.98
428.44
428.91
429.39
429.89
430.38
430.86
431.36
431.88
432.36
432.93
433.45
434.0
434.48
434.97
435.47
435.94
436.45
436.98
437.52
438.02
438.47
438.89
439.34
439.77
440.23
440.69
441.16
441.62
442.07
442.52
442.98
443.46
443.9
444.34
444.79
445.25
445.73
446.2
446.67
447.13
447.62
448.14
448.69
449.3
449.94
450.56
451.15
451.78
452.43
453.11
453.76
454.31
454.83
455.34
455.87
456.38
456.92
457.49
458.03
458.55
459.08
459.63
460.19
460.71
461.27
461.79
462.35
462.88
463.42
463.99
464.59
465.2
465.84
466.45
467.07
467.66
468.24
468.79
469.38
469.93
470.5
471.08
471.69
472.24
472.81
473.35
473.93
474.48
475.04
475.57
476.13
476.68
477.23
477.77
478.34
478.91
479.46
480.08
480.73
481.3
481.81
482.35
482.91
483.43
483.95
484.49
485.06
485.59
486.1
486.63
487.19
487.73
488.29
488.84
489.38
489.89
490.41
490.94
491.49
492.0
492.64
493.27
493.97
494.59
495.25
496.05
496.94
497.86
498.73
499.67
500.66
501.74
502.82
503.86
504.88
505.89
506.95
507.95
509.0
509.97
510.95
511.85
512.86
513.85
514.79
515.82
516.73
517.72
518.6
519.52
520.35
521.16
522.04
522.74
523.48
524.26
524.98
525.68
526.37
527.07
527.66
528.22
528.81
529.4
530.01
530.61
531.17
531.76
532.36
532.97
533.49
534.0
534.53
535.07
535.59
536.12
536.66
537.21
537.7
538.19
538.68
539.21
539.7
540.19
540.72
541.26
541.78
542.27
542.79
543.34
543.86
544.36
544.86
545.4
545.91
546.39
546.9
547.43
547.94
548.41
548.91
549.43
549.94
550.44
550.91
551.43
551.96
552.53
553.06
553.62
554.17
554.71
555.26
555.93
556.63
557.25
557.82
558.36
558.92
559.42
559.96
560.5
561.05
561.63
562.16
562.67
563.19
563.76
564.35
564.94
565.5
566.17
566.91
567.6
568.33
569.01
569.75
570.4
571.08
571.7
572.36
573.06
573.68
574.33
575.01
575.62
576.3
577.0
577.63
578.3
579.01
579.62
580.26
580.92
581.51
582.12
582.76
583.34
583.95
584.58
585.23
585.87
586.5
587.12
587.77
588.45
589.16
589.88
590.62
591.28
591.9
592.53
593.18
593.8
594.43
595.05
595.71
596.31
596.94
597.59
598.23
598.81
599.44
600.03
600.67
601.25
601.86
602.59
603.33
604.03
604.74
605.47
606.25
607.07
607.84
608.66
609.42
610.2
610.99
611.78
612.5
613.19
613.86
614.57
615.32
616.08
616.85
617.6
618.41
619.17
620.05
620.92
621.89
622.84
623.83
624.77
625.75
626.68
627.72
628.81
629.73
630.69
631.54
632.47
633.34
634.25
635.16
636.07
