0.95
3.23
5.22
7.18
9.09
11.18
13.33
15.51
17.61
19.55
21.41
23.24
25.11
27.13
29.34
31.41
33.3
35.09
36.95
38.85
40.74
42.56
44.39
46.23
47.99
49.8
51.57
53.48
55.41
57.26
59.0
60.76
62.58
64.36
66.2
68.02
69.87
71.66
73.54
75.42
77.34
79.3
81.2
83.13
85.03
86.95
88.86
91.0
93.22
95.4
97.57
99.71
101.85
104.24
106.45
108.63
110.76
112.79
114.93
117.07
119.19
121.25
123.3
125.51
127.52
129.68
132.05
134.64
137.15
139.48
141.46
143.46
145.65
147.85
149.99
152.18
154.44
156.55
158.74
160.96
163.13
165.23
167.48
169.61
171.76
173.77
175.79
177.97
180.08
182.31
184.5
186.7
188.85
191.11
193.34
195.51
197.62
199.92
202.03
204.27
206.72
209.05
211.17
213.19
215.25
217.29
219.18
221.18
223.44
225.81
227.95
230.18
232.09
234.07
236.29
238.51
240.66
242.87
245.06
247.27
249.46
251.64
253.85
256.28
258.77
261.18
263.45
265.64
267.89
270.13
272.39
274.89
277.05
279.06
281.05
282.95
284.84
286.95
289.17
291.38
293.56
295.58
297.48
299.33
301.15
302.93
304.76
306.58
308.43
310.26
312.07
314.04
315.93
317.78
319.6
321.47
323.25
325.05
326.85
328.65
330.57
332.46
334.29
336.05
337.87
339.69
341.52
343.33
345.2
347.06
348.86
350.81
352.69
354.65
356.53
358.49
360.41
362.31
364.47
366.76
369.0
371.2
373.34
375.47
377.59
379.93
382.13
384.29
386.45
388.81
390.94
393.36
395.48
397.52
399.61
401.79
403.87
406.08
408.27
410.99
413.58
416.72
420.24
423.91
426.39
428.74
430.85
433.05
435.22
437.38
439.43
441.68
443.77
445.95
447.99
450.08
452.16
454.22
456.27
458.26
460.19
462.15
464.4
466.71
468.95
471.04
473.37
475.46
477.56
479.78
481.91
484.12
486.27
488.41
490.58
492.68
494.77
496.86
499.02
501.32
503.84
506.16
508.34
510.83
513.38
515.84
518.24
521.02
524.17
527.5
530.64
533.73
