0.4
0.96
1.51
2.08
2.67
3.24
3.76
4.27
4.75
5.23
5.74
6.23
6.72
7.19
7.66
8.14
8.64
9.1
9.58
10.1
10.67
11.21
11.75
12.26
12.81
13.34
13.89
14.45
14.98
15.51
16.03
16.59
17.08
17.61
18.14
18.63
19.1
19.56
20.04
20.51
20.95
21.42
21.89
22.35
22.81
23.25
23.71
24.14
24.61
25.06
25.49
25.95
26.39
26.84
27.3
27.76
28.21
28.66
29.09
29.56
30.02
30.47
30.95
31.41
31.88
32.34
32.83
33.3
33.75
34.2
34.67
35.1
35.55
36.01
36.47
36.94
37.44
37.92
38.4
38.85
39.33
39.8
40.27
40.74
41.2
41.66
42.12
42.56
43.01
43.47
43.93
44.4
44.89
45.33
45.79
46.23
46.66
47.1
47.55
47.99
48.45
48.89
49.35
49.81
50.26
50.69
51.13
51.57
52.03
52.5
52.98
53.48
53.97
54.44
54.92
55.41
55.91
56.35
56.83
57.27
57.72
58.15
58.58
59.01
59.46
59.89
60.32
60.77
61.23
61.68
62.14
62.59
63.03
63.47
63.93
64.37
64.83
65.28
65.74
66.2
66.66
67.11
67.57
68.03
68.5
68.96
69.43
69.88
70.32
70.78
71.23
71.67
72.15
72.6
73.07
73.55
74.04
74.5
74.94
75.42
75.91
76.38
76.86
77.35
77.87
78.35
78.83
79.3
79.77
80.24
80.71
81.2
81.71
82.19
82.66
83.14
83.61
84.08
84.56
85.04
85.52
85.99
86.47
87.04
87.6
88.12
88.72
89.28
89.86
90.47
91.01
91.56
92.12
92.7
93.23
93.76
94.33
94.88
95.4
95.95
96.5
97.05
97.57
98.13
98.65
99.18
99.71
100.26
100.78
101.34
101.86
102.46
103.07
103.7
104.25
104.79
105.35
105.94
106.46
107.0
107.53
108.1
108.63
109.15
109.7
110.26
110.76
111.27
111.76
112.27
112.79
113.3
113.83
114.39
114.93
115.48
115.99
116.51
117.07
117.58
118.11
118.63
119.19
119.7
120.21
120.72
121.26
121.75
122.26
122.77
123.31
123.82
124.39
124.95
125.52
126.01
126.5
127.02
127.53
128.01
128.57
129.1
129.68
130.23
130.77
131.42
132.08
132.72
133.36
133.97
134.64
135.27
135.87
136.5
137.15
137.79
138.38
138.99
139.49
139.98
140.49
140.97
141.47
141.98
142.51
142.98
143.47
143.96
144.42
144.91
145.39
145.94
146.47
147.01
147.54
148.1
148.64
149.16
149.69
150.27
150.81
151.34
151.89
152.47
153.01
153.54
154.1
154.67
155.22
155.74
156.27
156.88
157.49
158.12
158.74
159.3
159.84
160.39
160.97
161.54
162.06
162.6
163.14
163.68
164.17
164.69
165.24
165.77
166.32
166.9
167.49
168.03
168.54
169.06
169.61
170.12
170.67
171.22
171.77
172.29
172.78
173.29
173.78
174.25
174.73
175.25
175.8
176.35
176.88
177.42
177.98
178.5
179.0
179.52
180.09
180.63
181.17
181.73
182.32
182.87
183.4
183.94
184.51
185.04
185.59
186.14
186.71
187.25
187.76
188.3
188.85
189.38
189.88
190.44
191.01
191.59
192.2
192.75
193.36
193.91
194.43
194.97
195.51
196.04
196.54
197.07
197.63
198.18
198.75
199.32
199.93
200.47
200.99
201.51
202.04
202.59
203.13
203.7
204.26
204.78
205.28
205.79
206.34
206.88
207.39
207.91
208.47
209.06
209.59
210.1
210.62
211.18
211.67
212.17
212.69
213.2
213.71
214.22
214.73
215.26
215.77
216.26
216.76
217.3
217.77
218.23
218.7
219.19
219.66
220.12
220.63
221.2
221.74
222.25
222.83
223.45
224.04
224.6
225.19
225.81
226.36
226.88
227.41
227.96
228.5
229.04
229.62
230.19
230.74
231.35
231.99
232.57
233.09
233.59
234.09
234.62
235.16
235.74
236.29
236.81
237.34
237.89
238.46
238.98
239.54
240.09
240.66
241.2
241.73
242.29
242.88
243.43
243.96
244.5
245.07
245.63
246.15
246.7
247.28
247.82
248.35
248.9
249.47
250.03
250.56
251.1
251.65
252.23
252.76
253.3
253.86
254.4
254.92
255.47
255.98
256.53
257.05
257.57
258.14
258.78
259.39
260.0
260.58
261.19
261.8
262.36
262.91
263.46
263.97
264.51
265.07
265.64
266.22
266.75
267.31
267.9
268.43
269.01
269.55
270.14
270.67
271.24
271.79
272.38
272.87
273.4
273.91
274.4
274.9
275.44
276.01
276.55
277.06
277.54
278.08
278.56
279.07
279.6
280.1
280.56
281.06
281.52
282.01
282.49
282.96
283.44
283.92
284.4
284.9
285.41
285.95
286.43
286.96
287.52
288.07
288.63
289.17
289.73
290.29
290.82
291.39
291.94
292.48
293.01
293.57
294.1
294.61
295.1
295.59
296.1
296.58
297.02
297.48
297.95
298.4
298.86
299.33
299.8
300.26
300.69
301.15
301.59
302.01
302.45
302.92
303.39
303.85
304.29
304.77
305.21
305.67
306.13
306.59
307.05
307.52
307.98
308.43
308.91
309.37
309.81
310.26
310.72
311.17
311.62
312.07
312.53
313.02
313.52
314.05
314.53
315.0
315.48
315.94
316.41
316.85
317.31
317.79
318.25
318.71
319.16
319.61
320.07
320.54
321.02
321.47
321.94
322.38
322.83
323.26
323.7
324.15
324.61
325.06
325.51
325.97
326.41
326.86
327.3
327.75
328.21
328.65
329.12
329.6
330.1
330.58
331.05
331.53
332.02
332.47
332.94
333.39
333.85
334.3
334.72
335.17
335.61
336.05
336.49
336.94
337.41
337.87
338.35
338.8
339.26
339.7
340.16
340.6
341.07
341.53
341.98
342.44
342.9
343.33
343.79
344.26
344.74
345.21
345.68
346.14
346.6
347.07
347.52
347.96
348.42
348.87
349.36
349.85
350.35
350.82
351.27
351.75
352.23
352.7
353.15
353.65
354.18
354.66
355.12
355.6
356.07
356.54
357.01
357.52
358.02
358.5
358.98
359.44
359.92
360.41
360.89
361.36
361.84
362.32
362.81
363.37
363.94
364.48
365.07
365.62
366.17
366.76
367.3
367.86
368.45
369.0
369.53
370.08
370.64
371.21
371.74
372.26
372.78
373.34
373.86
374.43
374.95
375.48
376.0
376.52
377.04
377.59
378.12
378.72
379.3
379.93
380.47
381.01
381.55
382.12
382.64
383.18
383.72
384.3
384.83
385.36
385.89
386.46
386.99
387.62
388.19
388.81
389.33
389.86
390.39
390.94
391.51
392.14
392.74
393.36
393.89
394.4
394.93
395.48
395.98
396.49
396.99
397.53
398.03
398.53
399.06
399.61
400.13
400.69
401.25
401.8
402.32
402.84
403.35
403.88
404.38
404.95
405.5
406.09
406.61
407.17
407.74
408.27
408.93
409.64
410.31
411.0
411.66
412.27
412.91
413.58
414.19
414.81
415.44
416.07
416.73
417.33
417.98
418.56
419.09
419.65
420.24
420.78
421.29
421.83
422.39
422.93
423.45
423.99
424.56
425.09
425.61
426.12
426.68
427.2
427.69
428.21
428.74
429.28
429.78
430.3
430.86
431.39
431.97
432.49
433.05
433.61
434.13
434.67
435.22
435.77
436.32
436.84
437.38
437.87
438.37
438.91
439.44
439.97
440.5
441.08
441.68
442.21
442.74
443.24
443.78
444.31
444.84
445.39
445.95
446.47
446.97
447.46
448.0
448.52
449.03
449.55
450.08
450.62
451.14
451.65
452.18
452.72
453.23
453.71
454.22
454.73
455.24
455.76
456.28
456.8
457.29
457.77
458.26
458.77
459.25
459.72
460.19
460.68
461.18
461.65
462.15
462.72
463.26
463.8
464.41
465.05
465.62
466.16
466.73
467.32
467.9
468.44
468.96
469.48
470.0
470.51
471.05
471.6
472.13
472.71
473.31
473.86
474.47
474.98
475.47
475.98
476.48
477.02
477.58
478.14
478.66
479.21
479.79
480.32
480.82
481.35
481.91
482.43
482.94
483.49
483.96
484.44
484.94
485.44
485.99
486.55
487.07
487.58
488.12
488.67
489.18
489.7
490.27
490.85
491.38
491.95
492.55
493.09
493.69
494.22
494.77
495.34
495.83
496.36
496.87
497.42
497.92
498.44
499.02
499.59
500.12
500.7
501.32
501.9
502.41
502.94
503.47
504.02
504.53
505.05
505.6
506.17
506.69
507.25
507.8
508.34
508.93
509.48
510.02
510.59
511.2
511.76
512.35
513.03
513.71
514.39
515.12
515.89
516.71
517.49
518.23
518.92
519.62
520.34
521.03
521.84
522.63
523.43
524.18
524.95
525.71
526.43
527.19
527.92
528.7
529.5
530.31
531.09
531.91
532.81
533.73
534.56
535.34
536.18
536.99
537.77
