0.15
0.62
1.12
1.64
2.14
2.64
3.15
3.64
4.12
4.59
5.06
5.55
6.03
6.52
6.99
7.48
7.94
8.42
8.91
9.42
9.89
10.38
10.85
11.31
11.75
12.21
12.7
13.21
13.66
14.14
14.58
15.06
15.5
15.97
16.46
16.91
17.37
17.83
18.31
18.77
19.2
19.65
20.11
20.57
21.01
21.47
21.9
22.35
22.88
23.41
23.94
24.49
24.98
25.49
25.96
26.44
26.88
27.34
27.81
28.3
28.77
29.25
29.71
30.19
30.63
31.09
31.57
32.02
32.47
32.97
33.51
34.01
34.46
34.91
35.37
35.9
36.39
36.87
37.41
37.89
38.41
38.93
39.4
39.87
40.32
40.79
41.29
41.76
42.24
42.71
43.19
43.67
44.16
44.67
45.14
45.61
46.09
46.59
47.07
47.55
48.02
48.48
48.94
49.37
49.81
50.25
50.68
51.14
51.56
52.03
52.48
52.92
53.36
53.81
54.28
54.71
55.16
55.62
56.07
56.56
57.04
57.5
57.98
58.46
58.95
59.43
59.92
60.38
60.86
61.31
61.78
62.27
62.73
63.18
63.65
64.06
64.49
64.94
65.36
65.79
66.21
66.62
67.04
67.5
67.98
68.42
68.88
69.36
69.82
70.26
70.74
71.18
71.64
72.1
72.58
73.02
73.5
73.94
74.46
74.96
75.59
76.16
76.8
77.38
78.0
78.66
79.26
79.92
80.52
81.12
81.73
82.36
82.97
83.53
84.11
84.69
85.29
85.85
86.44
87.03
87.61
88.16
88.8
89.41
90.02
90.61
91.22
91.84
92.44
93.0
93.59
94.15
94.71
95.26
95.85
96.38
96.93
97.46
97.98
98.49
99.02
99.56
100.11
100.61
101.14
101.64
102.16
102.65
103.18
103.64
104.12
104.62
105.1
105.61
106.11
106.61
107.13
107.62
108.15
108.6
109.07
109.57
110.09
110.58
111.09
111.56
112.06
112.55
113.04
113.51
114.0
114.49
114.96
115.43
115.92
116.43
116.89
117.4
117.9
118.42
118.91
119.41
119.91
120.42
120.89
121.42
121.9
122.41
122.89
123.39
123.91
124.44
125.08
125.67
126.3
126.91
127.53
128.16
128.77
129.42
130.04
130.72
131.35
132.06
132.8
133.51
134.19
134.93
135.69
136.42
137.22
138.01
138.84
139.73
140.56
141.43
142.25
143.05
143.87
144.73
145.55
146.34
147.2
148.11
148.92
149.8
150.61
151.46
152.37
153.3
154.18
155.08
156.07
156.96
157.94
158.82
159.64
160.53
161.42
162.3
163.16
163.98
164.83
165.72
166.56
167.3
168.08
168.9
169.64
170.46
171.24
171.96
172.71
173.45
174.18
174.92
175.68
176.48
177.22
177.97
178.72
179.44
180.21
180.94
181.75
182.5
183.43
184.3
185.22
186.06
186.98
187.81
188.71
189.65
190.61
191.53
192.45
193.34
194.25
195.18
196.06
196.88
197.76
198.61
199.4
200.22
200.99
201.72
202.4
203.12
203.81
204.52
205.22
205.94
206.56
207.18
207.82
208.44
209.02
209.61
210.21
210.82
211.49
212.1
212.75
213.4
214.03
214.68
215.31
215.94
216.6
217.28
217.94
218.62
219.31
220.11
220.83
221.59
222.35
223.15
223.9
224.63
225.39
226.18
226.91
227.65
228.35
229.11
229.79
230.55
231.27
231.94
232.57
233.19
233.81
234.46
235.15
235.85
236.49
237.17
237.89
238.57
239.21
239.87
240.52
241.16
241.8
242.42
243.07
243.72
244.4
245.03
245.66
246.21
246.77
247.34
247.84
248.35
248.89
249.4
249.93
250.48
251.04
251.55
252.1
252.61
253.17
253.68
254.22
254.75
255.26
255.84
256.37
256.92
257.5
258.04
258.64
259.18
259.76
260.35
260.85
261.36
261.91
262.49
263.11
263.67
264.28
264.88
265.42
265.97
266.55
267.08
267.66
268.18
268.73
269.29
269.84
270.38
270.95
271.54
272.12
272.74
273.34
273.94
274.47
275.05
275.57
276.13
276.7
277.22
277.8
278.34
278.85
279.36
279.91
280.46
281.07
281.62
282.21
282.83
283.41
283.94
284.48
285.04
285.56
286.13
286.65
287.23
287.78
288.33
288.86
289.42
290.01
290.56
291.11
291.61
292.11
292.64
293.14
293.64
294.16
294.66
295.15
295.67
296.17
296.67
297.2
297.75
298.27
298.76
299.25
299.74
300.23
300.73
301.22
301.71
302.21
302.7
303.21
303.71
304.21
304.71
305.25
305.82
306.33
306.83
307.35
307.87
308.37
308.86
309.37
309.9
310.42
310.91
311.42
311.93
312.45
312.94
313.46
314.01
314.51
315.03
315.57
316.08
316.56
317.06
317.58
318.08
318.57
319.08
319.57
320.06
320.58
321.04
321.54
322.04
322.53
323.0
323.49
323.96
324.46
325.0
325.52
326.06
326.58
327.13
327.65
328.11
328.6
329.09
329.6
330.1
330.6
331.09
331.6
332.09
332.6
333.1
333.6
334.09
334.59
335.09
335.61
336.24
336.84
337.31
337.84
338.33
338.82
339.31
339.83
340.32
340.83
341.33
341.83
342.33
342.82
343.33
343.85
344.36
344.84
345.3
345.8
346.28
346.78
347.27
347.76
348.24
348.73
349.21
349.71
350.2
350.69
351.22
351.72
352.22
352.71
353.23
353.71
354.19
354.68
355.19
355.66
356.14
356.66
357.23
357.76
358.29
358.82
359.4
359.92
360.49
361.09
361.65
362.15
362.64
363.12
363.62
364.12
364.61
365.1
365.6
366.09
366.6
367.09
367.59
368.1
368.59
369.06
369.54
370.1
370.65
371.21
371.81
372.42
373.03
373.64
374.28
374.89
375.52
376.09
376.71
377.32
377.89
378.5
379.05
379.62
380.18
380.75
381.34
381.87
382.45
382.99
383.61
384.17
384.77
385.35
385.94
386.56
387.13
387.74
388.3
