1.09
3.14
5.05
6.99
8.9
10.84
12.7
14.57
16.45
18.3
20.1
21.89
23.93
25.95
27.81
29.7
31.57
33.45
35.36
37.36
39.35
41.29
43.22
45.14
47.06
48.94
50.63
52.45
54.35
56.55
58.4
60.19
62.1
64.02
65.79
67.51
69.35
71.18
73.01
74.88
77.04
79.31
81.72
84.1
86.43
88.83
91.21
93.59
95.85
97.98
100.11
102.16
104.12
106.1
108.15
110.7
113.5
116.42
119.41
122.41
125.53
128.65
131.85
134.93
138.0
141.4
144.72
148.11
151.7
155.45
159.45
163.8
168.07
172.13
176.24
180.43
184.61
188.41
191.52
194.65
197.8
200.98
203.8
206.55
209.01
211.48
214.02
216.79
219.72
222.52
225.37
228.53
231.94
235.48
239.33
243.65
247.83
251.8
255.23
257.49
259.76
261.9
264.27
266.55
268.72
270.94
273.33
275.57
277.79
279.91
282.2
284.48
286.95
289.4
291.61
293.63
295.66
297.74
299.73
301.71
303.7
305.82
307.86
309.9
311.92
314.0
316.07
318.07
320.06
322.04
323.96
326.06
328.1
330.09
332.08
334.08
336.23
338.32
340.31
342.32
344.35
346.27
348.24
350.19
352.21
354.18
356.15
358.28
360.18
362.14
364.12
366.08
368.1
370.09
372.41
374.88
377.89
381.34
384.76
