1.0
3.81
6.75
10.19
13.51
16.67
20.21
24.3
28.69
32.72
36.97
41.26
45.19
49.19
52.59
56.33
60.16
63.69
67.49
71.26
74.89
78.28
81.39
84.58
87.8
90.87
93.7
96.37
99.37
102.54
105.81
108.91
112.22
115.72
119.35
123.21
127.26
130.81
134.03
136.92
139.59
142.0
144.6
147.2
149.73
152.21
154.59
156.98
159.57
162.3
165.08
168.0
171.11
174.53
178.01
181.85
185.21
188.3
191.22
194.32
197.35
200.14
203.18
206.19
209.2
212.59
216.28
220.1
223.69
227.03
229.98
232.58
235.42
238.51
242.01
245.89
249.61
253.25
256.83
260.46
263.77
267.02
270.3
273.39
277.49
281.8
286.07
290.39
294.52
298.69
302.64
306.26
309.8
312.85
316.03
319.57
323.13
326.19
328.59
330.88
333.18
335.5
337.74
340.27
342.71
345.12
347.43
349.75
352.07
354.31
356.53
358.77
361.49
364.91
368.86
373.21
377.31
381.22
385.19
389.26
393.22
396.83
400.7
404.82
408.55
412.07
415.57
419.18
422.88
426.56
430.25
434.32
438.61
442.79
446.37
449.62
452.77
456.14
459.82
463.35
466.15
469.11
471.96
474.82
477.98
481.38
484.68
488.16
491.77
495.78
499.64
503.64
507.65
511.61
515.24
518.9
522.69
526.29
529.64
532.67
536.24
539.82
543.62
547.56
551.29
555.03
558.78
