0.33
1.01
1.73
2.39
3.09
3.82
4.58
5.27
6.01
6.75
7.5
8.38
9.26
10.19
11.06
11.9
12.72
13.53
14.29
15.08
15.87
16.68
17.47
18.38
19.34
20.23
21.16
22.14
23.2
24.32
25.37
26.47
27.61
28.7
29.79
30.8
31.78
32.72
33.81
34.93
35.98
37.13
38.2
39.25
40.38
41.49
42.56
43.62
44.67
45.67
46.55
47.49
48.36
49.2
50.02
50.87
51.77
52.6
53.45
54.32
55.11
55.88
56.66
57.47
58.37
59.3
60.18
61.08
61.91
62.82
63.7
64.63
65.5
66.36
67.26
68.15
69.23
70.36
71.26
72.24
73.17
74.06
74.9
75.79
76.69
77.55
78.27
79.03
79.81
80.61
81.4
82.17
82.96
83.8
84.58
85.38
86.17
86.98
87.81
88.75
89.81
90.86
91.9
92.78
93.71
94.64
95.48
96.37
97.29
98.18
99.08
99.92
100.81
101.74
102.56
103.37
104.19
105.07
106.05
106.97
107.86
108.72
109.58
110.44
111.36
112.23
113.04
113.93
114.76
115.73
116.66
117.56
118.48
119.47
120.39
121.27
122.19
123.21
124.18
125.23
126.28
127.29
128.2
129.16
129.97
130.82
131.65
132.48
133.29
134.04
134.79
135.52
136.21
136.93
137.62
138.28
138.99
139.59
140.17
140.73
141.27
141.81
142.43
143.1
143.72
144.35
145.0
145.71
146.46
147.17
147.85
148.55
149.15
149.76
150.38
151.01
151.61
152.21
152.84
153.42
154.01
154.59
155.2
155.79
156.39
156.99
157.6
158.21
158.81
159.38
159.96
160.56
161.17
161.79
162.37
163.0
163.63
164.25
164.85
165.47
166.08
166.71
167.33
168.01
168.65
169.37
170.14
170.87
171.58
172.31
173.06
173.81
174.54
175.27
176.06
176.77
177.54
178.25
178.98
179.74
180.44
181.16
181.85
182.52
183.13
183.77
184.42
185.2
185.97
186.74
187.57
188.3
189.04
189.72
190.44
191.22
191.93
192.71
193.49
194.32
195.09
195.86
196.69
197.35
197.99
198.68
199.44
200.15
200.9
201.66
202.45
203.19
203.94
204.64
205.4
206.2
206.92
207.72
208.46
209.2
210.01
210.85
211.75
212.58
213.54
214.48
215.38
216.29
217.28
218.19
218.85
219.54
220.27
220.95
221.63
222.34
223.03
223.7
224.37
225.13
225.85
226.64
227.45
228.21
229.02
229.85
230.66
231.46
232.31
233.11
233.91
234.64
235.44
236.18
236.99
237.72
238.51
239.29
240.1
240.84
241.66
242.4
243.21
244.0
244.89
245.74
246.55
247.34
248.08
248.84
249.62
250.31
251.03
251.78
252.52
253.25
253.95
254.73
255.49
256.29
257.06
257.79
258.57
259.54
260.46
261.43
262.23
263.01
263.77
264.54
265.32
266.17
267.03
267.88
268.68
269.61
270.56
271.45
272.4
273.4
274.34
275.3
276.16
277.06
277.85
278.56
279.33
280.03
280.71
281.41
282.14
282.84
283.48
284.11
284.75
285.43
286.08
286.72
287.38
287.99
288.63
289.26
289.88
290.51
291.17
291.83
292.53
293.17
293.85
294.53
295.24
295.94
296.62
297.38
298.16
298.97
299.71
300.53
301.28
302.08
302.81
303.54
304.3
305.0
305.75
306.58
307.45
308.3
309.06
309.83
310.57
311.38
312.15
312.86
313.57
314.37
315.13
315.88
316.69
317.43
318.19
318.95
319.75
320.5
321.28
321.99
322.69
323.36
324.03
324.6
325.18
325.72
326.29
326.86
327.46
328.02
328.6
329.15
329.73
330.31
330.88
331.48
332.05
332.61
333.19
333.77
334.38
334.94
335.51
336.07
336.63
337.18
337.74
338.39
339.02
339.65
340.27
340.86
341.5
342.09
342.72
343.31
343.92
344.53
345.12
345.71
346.3
346.87
347.44
348.03
348.62
349.2
349.76
350.37
350.95
351.5
352.07
352.63
353.18
353.75
354.32
354.87
355.43
355.96
356.54
357.06
357.62
358.21
358.77
359.37
359.94
360.52
361.12
361.64
362.15
362.69
363.21
363.78
364.35
364.92
365.52
366.18
366.79
367.43
368.16
368.87
369.54
370.23
370.95
371.67
372.38
373.12
373.83
374.57
375.31
376.06
376.77
377.54
378.29
379.04
379.73
380.43
381.2
381.9
382.69
383.41
384.2
384.95
385.65
386.43
387.15
387.91
388.63
389.4
390.17
390.93
391.7
392.49
393.23
394.03
394.91
395.88
396.84
397.85
398.8
399.71
400.61
401.49
402.35
403.27
404.19
405.06
405.92
406.78
407.65
408.56
409.44
410.3
411.17
412.08
412.93
413.83
414.71
415.59
416.52
417.39
418.28
419.19
420.08
421.04
421.9
422.89
423.84
424.74
425.69
426.57
427.47
428.42
429.31
430.26
431.2
432.17
433.07
434.05
434.99
435.91
436.83
437.78
438.66
439.61
440.66
441.73
442.8
443.7
444.65
445.61
446.38
447.18
448.03
448.81
449.63
450.4
451.18
451.96
452.78
453.58
454.38
455.23
456.14
457.04
457.9
458.81
459.83
460.85
461.86
462.97
464.04
465.09
466.12
467.22
468.14
469.12
470.16
471.11
472.1
473.04
474.1
475.12
476.12
477.13
477.99
478.81
479.69
480.54
481.38
482.18
483.06
483.86
484.68
485.59
486.48
487.36
488.17
489.04
489.88
490.64
491.46
492.24
493.07
493.9
494.83
495.79
496.68
497.69
498.7
499.65
500.61
501.6
502.59
503.64
504.67
505.66
506.67
507.65
508.72
509.75
510.69
511.61
512.6
513.45
514.38
515.24
516.12
517.02
517.98
518.91
519.87
520.83
521.75
522.71
523.61
524.59
525.39
526.22
527.01
527.8
528.64
529.4
530.24
531.02
531.85
532.67
533.6
534.45
535.38
536.25
537.11
538.06
538.93
539.83
540.71
541.63
542.65
543.64
544.65
545.6
546.61
547.56
548.53
549.43
550.4
551.3
552.3
553.41
554.52
555.6
556.68
557.7
558.8
