0.97
2.02
3.14
4.24
5.29
6.36
7.38
8.44
9.49
10.42
11.43
12.35
13.33
14.39
15.39
16.41
17.5
18.51
19.43
20.37
21.35
22.3
23.2
24.14
25.13
26.06
27.03
27.94
28.91
29.86
30.8
31.89
32.94
33.98
35.04
36.16
37.21
38.22
39.33
40.26
41.23
42.27
43.32
44.23
45.17
46.14
47.06
48.03
49.08
50.23
51.26
52.37
53.36
54.4
55.46
56.34
57.21
58.06
58.94
59.91
60.85
61.77
62.74
63.5
64.23
65.0
65.78
66.53
67.39
68.3
69.22
70.18
71.05
71.88
72.77
73.61
74.52
75.45
76.47
77.48
78.47
79.4
80.42
81.28
82.21
82.99
83.74
84.51
85.33
86.09
86.9
87.75
88.55
89.31
90.13
90.93
91.72
92.49
93.28
94.03
94.83
95.58
96.36
97.15
98.06
99.02
99.86
100.8
101.56
102.39
103.21
103.99
104.81
105.65
106.47
107.21
107.99
108.81
109.72
110.62
111.51
112.45
113.39
114.29
115.25
116.04
116.82
117.64
118.39
119.1
119.8
120.42
121.08
121.76
122.42
123.08
123.69
124.36
124.98
125.63
126.26
126.88
127.53
128.15
128.79
129.39
130.04
130.65
131.32
131.96
132.57
133.25
133.88
134.54
135.31
136.02
136.81
137.53
138.28
139.06
139.77
140.49
141.25
141.92
142.67
143.37
144.05
144.76
145.5
146.15
146.8
147.43
148.09
148.72
149.35
149.97
150.61
151.28
151.9
152.5
153.15
153.76
154.39
154.98
155.61
156.22
156.86
157.5
158.14
158.77
159.4
160.04
160.73
161.58
162.42
163.29
164.13
165.04
166.05
167.04
168.1
169.05
170.11
171.09
172.11
173.07
174.02
175.04
176.12
177.12
178.08
179.06
180.07
181.03
181.9
182.82
183.79
184.69
185.63
186.67
187.69
188.72
189.79
190.81
191.81
192.73
193.62
194.56
195.54
196.36
197.2
198.07
198.95
199.8
200.58
201.42
202.26
203.0
203.77
204.51
205.28
206.1
206.99
207.84
208.65
209.56
210.6
211.59
212.52
213.45
214.23
215.0
215.78
216.71
217.67
218.57
219.47
220.42
221.43
222.39
223.42
224.45
225.39
226.48
227.46
228.56
229.62
230.69
231.82
232.91
233.95
235.06
236.1
237.22
238.32
239.27
240.29
241.2
242.18
243.13
244.09
245.08
246.05
246.99
247.98
249.04
250.03
251.08
252.07
253.09
254.05
254.98
255.94
256.94
257.85
258.81
259.8
260.75
261.74
262.66
263.66
264.7
265.69
266.77
267.83
268.6
269.37
270.1
270.87
271.6
272.35
273.14
273.92
274.67
275.39
276.15
276.87
277.57
278.33
279.04
279.71
280.42
281.17
281.9
282.65
283.37
284.0
284.62
285.21
285.82
286.45
287.08
287.7
288.31
288.84
289.35
289.88
290.4
290.92
291.47
292.03
292.55
293.08
293.65
294.19
294.67
295.19
295.69
296.22
296.71
297.26
297.76
298.28
298.83
299.37
299.95
300.52
301.07
301.61
302.17
302.7
303.21
303.71
304.17
304.67
305.17
305.65
306.17
306.68
307.18
307.66
308.17
308.71
309.23
309.73
310.19
310.67
311.12
311.61
312.08
312.58
313.03
313.5
313.99
314.46
314.91
315.34
315.79
316.29
316.84
317.36
317.91
318.48
319.02
319.51
320.05
320.53
321.05
321.55
322.08
322.59
323.1
323.61
324.13
324.7
325.23
325.74
326.28
326.77
327.26
327.75
328.26
328.78
329.31
329.79
330.31
330.81
331.31
331.75
332.21
332.67
333.14
333.6
334.0
334.39
334.78
335.17
335.55
335.94
336.33
336.74
337.12
337.51
337.91
338.3
338.69
339.08
339.47
339.85
340.23
340.62
341.02
341.4
341.78
342.16
342.55
342.93
343.3
343.67
344.05
344.44
344.81
345.19
345.58
345.97
346.35
346.72
347.1
347.5
347.91
348.3
348.69
349.09
349.48
349.87
350.26
350.65
351.04
351.44
351.85
352.26
352.65
353.04
353.44
353.81
354.2
354.6
355.0
355.4
355.79
356.19
356.6
357.01
357.4
357.79
358.21
358.64
359.04
359.47
359.9
360.37
360.93
361.53
362.15
362.78
363.45
364.15
364.8
365.51
366.2
366.88
367.6
368.26
368.97
369.63
370.39
371.1
371.85
372.69
373.52
374.38
375.24
376.04
376.95
377.9
378.95
380.06
381.15
382.23
383.28
384.33
385.35
386.48
387.55
388.63
389.61
390.62
391.62
392.56
393.47
394.41
395.41
396.26
397.14
398.02
398.9
399.82
400.67
401.6
402.44
403.35
404.27
405.15
406.02
406.96
407.96
408.87
409.77
410.67
411.6
412.56
413.51
414.48
415.52
416.47
417.47
418.44
419.49
420.5
421.53
422.48
423.39
424.37
425.26
426.25
427.14
428.07
429.04
429.96
430.94
431.85
432.79
433.68
434.42
435.21
435.96
436.71
437.46
438.27
439.06
439.84
440.59
441.37
442.16
442.9
443.7
444.42
445.21
445.96
446.7
447.52
448.27
449.1
449.87
450.63
451.45
452.19
452.97
453.69
454.53
455.31
456.13
456.91
457.72
458.5
459.33
460.04
460.8
461.58
462.29
463.11
463.87
464.67
465.42
466.21
467.05
467.88
468.63
469.44
470.19
470.98
471.79
472.61
473.41
474.26
475.1
476.01
476.9
477.77
478.62
479.44
480.27
481.22
482.09
483.08
484.04
484.95
485.86
486.76
487.63
488.52
489.59
490.68
491.75
492.78
493.83
494.93
496.04
497.14
498.23
499.21
500.21
501.23
502.19
503.12
504.09
505.02
505.99
506.89
507.85
508.79
509.7
510.67
511.62
512.55
513.51
514.45
515.43
516.35
517.36
518.32
519.23
520.29
521.35
522.35
523.37
524.38
525.45
526.5
527.53
528.62
529.63
530.59
531.58
532.56
533.52
534.46
535.41
536.29
537.29
538.19
539.25
540.29
541.34
542.41
543.39
544.43
545.48
546.54
547.58
548.59
549.63
550.71
551.75
