0.96
5.29
9.49
13.6
17.55
21.35
25.13
28.9
32.59
35.92
39.32
43.31
47.06
50.96
54.96
58.56
62.26
66.07
69.69
73.16
76.5
79.68
82.82
86.09
89.26
92.49
95.57
98.4
101.16
104.41
107.58
111.05
115.24
119.42
123.15
126.88
130.61
134.07
137.66
141.09
144.04
146.8
149.34
151.89
154.38
156.85
159.4
161.99
164.57
167.46
170.68
174.02
178.08
181.89
185.65
189.31
192.39
195.53
198.94
202.25
205.28
208.65
212.51
216.17
220.0
223.77
227.45
231.25
235.47
239.26
243.12
246.98
251.08
254.63
258.29
261.93
265.21
268.26
271.24
274.37
277.74
281.17
284.86
288.56
291.75
295.69
299.61
303.7
307.65
311.34
314.9
318.47
321.89
325.23
328.56
331.56
334.77
337.9
341.01
344.05
347.09
350.25
353.43
356.58
359.89
363.44
367.65
371.84
376.03
380.05
384.32
388.06
391.61
395.4
398.89
402.42
406.01
409.7
413.5
417.47
421.53
425.25
429.03
432.78
436.23
439.42
442.52
445.95
449.86
453.89
457.84
461.36
464.66
467.87
470.98
474.25
477.76
481.22
484.94
488.51
492.77
496.85
500.68
504.7
508.24
511.28
514.44
517.38
520.28
523.85
527.67
531.57
535.4
539.24
543.37
547.57
