0.24
1.03
1.82
2.58
3.34
4.09
4.87
5.68
6.42
7.2
7.92
8.56
9.25
9.93
10.54
11.21
11.83
12.47
13.19
13.93
14.73
15.49
16.24
16.97
17.82
18.65
19.46
20.29
21.15
21.94
22.7
23.48
24.3
25.08
25.86
26.63
27.38
28.19
28.96
29.7
30.46
31.3
32.15
33.02
33.84
34.67
35.6
36.52
37.37
38.4
39.32
40.29
41.27
42.17
43.04
43.92
44.85
45.7
46.56
47.45
48.37
49.18
49.98
50.81
51.57
52.35
53.16
53.92
54.76
55.65
56.53
57.43
58.27
59.08
59.97
60.76
61.57
62.4
63.16
64.02
64.89
65.68
66.52
67.43
68.31
69.13
70.03
70.86
71.7
72.59
73.53
74.45
75.26
76.06
76.84
77.77
78.72
79.58
80.51
81.31
82.06
82.85
83.68
84.43
85.13
85.89
86.61
87.34
88.05
88.84
89.67
90.47
91.25
92.06
92.88
93.74
94.52
95.4
96.29
97.2
98.09
98.94
99.71
100.52
101.4
102.23
103.09
104.02
104.87
105.74
106.69
107.63
108.6
109.48
110.45
111.38
112.32
113.12
113.89
114.73
115.57
116.57
117.47
118.47
119.37
120.42
121.55
122.62
123.5
124.33
125.22
126.0
126.75
127.54
128.27
128.95
129.66
130.27
130.91
131.59
132.27
132.95
133.69
134.39
135.03
135.68
136.37
137.05
137.72
138.52
139.27
140.02
140.8
141.52
142.33
143.11
143.86
144.63
145.43
146.2
146.95
147.67
148.41
149.16
149.9
150.66
151.48
152.26
153.05
153.9
154.66
155.49
156.29
157.13
158.05
158.94
159.89
160.82
161.71
162.67
163.67
164.71
165.65
166.67
167.65
168.65
169.69
170.66
171.63
172.68
173.63
174.58
175.41
176.21
177.05
177.93
178.68
179.42
180.14
180.89
181.68
182.38
183.13
183.86
184.68
185.51
186.42
187.41
188.52
189.58
190.67
191.81
192.89
193.94
195.07
196.18
197.21
198.32
199.43
200.49
201.53
202.62
203.67
204.76
205.8
206.92
207.95
209.05
210.12
211.24
212.24
213.3
214.34
215.33
216.28
217.21
218.07
219.01
219.91
220.81
221.72
222.69
223.69
224.72
225.69
226.68
227.64
228.6
229.52
230.38
231.29
232.15
233.06
233.98
234.83
235.73
236.67
237.67
238.72
239.6
240.53
241.38
242.32
243.18
244.13
245.05
245.96
246.95
247.94
248.76
249.6
250.47
251.34
252.14
252.93
253.7
254.48
255.27
256.09
256.9
257.63
258.41
259.19
259.94
260.65
261.34
261.98
262.58
263.19
263.78
264.38
265.04
265.71
266.44
267.19
267.92
268.7
269.53
270.29
271.08
271.89
272.76
273.64
274.45
275.32
276.14
276.94
277.74
278.64
279.48
280.43
281.3
282.23
283.14
284.18
285.14
286.17
287.08
288.07
288.97
289.9
290.86
291.88
292.94
294.0
294.96
295.93
296.98
298.0
299.06
300.11
301.2
302.27
303.33
304.42
305.43
306.41
307.39
308.3
309.21
310.18
311.15
312.01
312.88
313.77
314.62
315.48
316.4
317.35
318.2
319.12
319.98
320.85
321.76
322.81
323.78
324.78
325.76
326.79
327.81
328.89
329.96
331.02
332.02
333.03
334.13
335.16
336.22
337.21
338.29
339.17
340.11
340.96
341.87
342.71
343.63
344.46
345.37
346.25
347.11
348.05
348.95
349.84
350.74
351.66
352.57
353.53
354.43
355.38
356.27
357.29
358.24
359.32
360.31
361.38
362.34
363.38
364.31
365.24
366.19
367.16
368.09
369.06
370.02
371.02
372.01
373.06
374.1
375.12
376.16
377.15
378.07
378.99
379.93
380.78
381.61
382.45
383.3
384.11
385.0
385.86
386.72
387.63
388.49
389.32
390.21
391.1
391.93
392.83
393.7
394.59
395.43
396.26
397.07
397.83
398.65
399.43
400.29
401.14
402.06
402.96
403.85
404.76
405.7
406.58
407.39
408.35
409.25
410.31
411.35
412.35
413.43
414.45
415.28
416.11
416.95
417.92
418.9
419.85
420.79
421.71
422.7
423.62
424.56
425.53
426.48
427.42
428.4
429.27
430.16
431.03
432.0
432.91
433.86
434.86
435.81
436.69
437.56
438.45
439.3
440.18
441.12
441.99
442.87
443.76
444.68
445.66
446.59
447.42
448.27
449.05
449.88
450.72
451.56
452.35
453.18
454.02
454.87
455.71
456.58
457.43
458.28
459.15
460.01
460.87
461.8
462.65
463.54
464.41
465.43
466.55
467.62
468.71
469.78
470.87
471.91
472.92
473.85
474.73
475.69
476.57
477.46
478.34
479.27
480.23
481.18
482.14
483.08
484.03
484.92
485.83
486.79
487.71
488.59
489.51
490.48
491.4
492.48
493.46
494.56
495.59
496.6
497.56
498.56
499.59
500.56
501.56
502.59
503.56
504.59
505.62
506.64
507.53
508.47
509.45
510.4
511.33
512.25
513.16
514.12
515.02
515.99
516.95
517.92
518.86
519.84
520.83
521.78
522.71
523.64
524.61
525.56
526.5
527.52
