1.03
4.82
7.91
10.56
13.18
16.23
19.5
22.73
26.62
30.45
33.85
37.36
41.26
44.87
48.37
51.56
54.75
58.26
61.57
64.88
68.36
71.69
75.25
78.71
82.04
85.46
88.47
91.65
95.06
98.17
101.39
104.86
108.42
111.57
114.72
118.47
122.14
125.59
128.61
131.23
133.68
136.36
138.91
141.51
144.44
147.66
151.28
155.21
158.93
162.66
166.66
170.66
174.15
177.61
180.88
183.9
187.41
191.53
195.8
200.12
204.41
208.62
212.98
217.02
220.81
224.72
228.59
232.14
235.94
239.6
243.18
246.99
250.47
253.69
256.89
261.01
265.03
268.55
271.88
275.32
278.62
282.58
286.57
290.23
293.58
296.97
300.11
303.31
306.42
310.16
313.94
317.54
321.19
324.8
328.89
333.02
336.72
340.34
343.69
347.1
350.73
354.43
358.23
362.33
366.18
370.01
374.09
378.07
381.61
385.09
388.98
392.82
396.71
400.68
404.22
407.76
411.79
415.28
418.89
422.69
426.47
430.16
433.89
437.56
441.13
444.67
448.27
451.57
454.86
458.27
461.78
465.42
468.7
471.9
475.17
478.8
482.54
486.54
490.85
495.13
499.34
503.51
507.52
511.33
514.93
518.58
521.77
524.85
527.91
