1.0
4.88
8.88
12.69
15.9
19.36
23.17
27.14
31.14
35.36
39.53
43.17
46.53
50.28
53.89
57.66
61.25
64.72
68.49
71.86
75.18
78.66
82.35
85.67
89.19
92.64
95.65
98.63
101.81
105.23
108.85
112.01
114.92
118.02
121.77
126.18
130.41
134.36
137.95
141.07
143.73
146.41
149.0
151.41
153.7
155.82
157.96
160.51
163.21
165.95
168.66
171.6
175.11
178.56
182.04
185.16
188.27
191.3
193.83
196.47
199.36
203.2
206.46
209.45
212.42
215.75
219.08
222.84
227.13
231.15
235.4
239.6
243.44
247.36
251.61
255.58
259.21
263.02
266.73
270.5
274.53
278.43
282.15
286.39
290.58
293.79
297.25
300.63
304.05
307.35
310.89
314.07
317.71
321.28
324.76
328.02
331.05
333.79
335.76
337.84
339.86
341.95
344.02
346.29
349.28
352.25
355.24
358.25
361.37
364.43
367.66
371.02
374.93
378.91
383.07
387.35
391.34
395.22
398.83
402.39
406.2
409.72
413.75
417.57
421.36
425.02
428.74
432.51
436.03
439.37
442.99
446.53
450.2
454.1
458.41
462.33
465.87
469.57
473.08
476.46
480.01
483.39
487.06
490.25
493.03
495.94
498.93
502.01
505.38
508.82
512.37
515.82
519.59
523.4
527.12
531.08
535.26
539.18
543.05
547.03
551.28
555.51
558.93
562.58
566.78
571.13
575.31
579.45
583.1
586.78
