0.0
1.01
1.97
2.93
3.89
4.89
5.81
6.82
7.87
8.88
9.89
10.86
11.76
12.7
13.65
14.66
15.62
16.53
17.53
18.49
19.36
20.32
21.19
22.18
23.18
24.03
24.9
25.83
26.66
27.6
28.47
29.33
30.27
31.14
32.15
33.24
34.25
35.37
36.37
37.47
38.48
39.53
40.44
41.41
42.34
43.18
44.07
44.9
45.73
46.55
47.39
48.37
49.3
50.19
51.12
52.08
53.03
53.93
54.88
55.87
56.82
57.67
58.58
59.45
60.36
61.26
62.12
62.95
63.88
64.73
65.66
66.55
67.54
68.5
69.36
70.15
71.01
71.86
72.69
73.54
74.32
75.13
75.88
76.7
77.44
78.23
79.18
80.1
81.09
81.99
82.79
83.57
84.4
85.2
85.94
86.76
87.47
88.17
88.88
89.67
90.42
91.17
91.88
92.65
93.4
94.19
94.89
95.66
96.39
97.08
97.82
98.65
99.45
100.21
101.04
101.82
102.65
103.43
104.29
105.26
106.17
107.12
107.8
108.56
109.24
109.95
110.62
111.34
112.02
112.74
113.44
114.18
114.92
115.68
116.47
117.26
118.02
118.84
119.5
120.16
120.81
121.48
122.16
122.88
123.54
124.24
124.9
125.6
126.22
126.89
127.56
128.13
128.75
129.28
129.82
130.4
130.95
131.46
132.02
132.5
132.97
133.46
133.93
134.38
134.87
135.34
135.79
136.31
136.86
137.4
137.95
138.56
139.22
139.99
140.75
141.46
142.21
142.98
143.73
144.45
145.12
145.8
146.42
147.07
147.69
148.36
149.01
149.67
150.26
150.82
151.41
152.03
152.6
153.17
153.7
154.22
154.75
155.28
155.82
156.37
157.0
157.68
158.38
159.07
159.82
160.52
161.22
161.91
162.59
163.22
163.94
164.58
165.3
165.96
166.65
167.31
168.02
168.67
169.39
170.14
170.89
171.61
172.32
173.07
173.75
174.42
175.11
175.79
176.45
177.17
177.81
178.56
179.39
180.23
181.05
181.89
182.68
183.55
184.33
185.16
185.97
186.73
187.53
188.28
189.02
189.77
190.56
191.31
191.93
192.57
193.2
193.84
194.5
195.13
195.76
196.48
197.15
197.88
198.54
199.37
200.3
201.27
202.26
203.2
204.14
204.94
205.7
206.46
207.27
207.98
208.75
209.46
210.21
210.93
211.72
212.43
213.26
214.01
214.82
215.59
216.48
217.4
218.28
219.09
219.97
220.73
221.54
222.2
222.75
223.27
223.82
224.4
224.94
225.47
226.04
226.6
227.18
227.75
228.33
228.9
229.45
230.07
230.63
231.23
231.86
232.45
233.05
233.61
234.2
234.8
235.41
236.01
236.62
237.19
237.79
238.42
238.99
239.61
240.19
240.82
241.4
242.02
242.62
243.24
243.83
244.46
245.11
245.73
246.36
247.0
247.6
248.22
248.81
249.44
250.03
250.69
251.3
251.92
252.58
253.26
253.93
254.58
255.24
255.97
256.65
257.39
258.09
258.83
259.63
260.37
261.02
261.73
262.38
263.03
263.85
264.59
265.39
266.29
267.12
267.93
268.82
269.61
270.52
271.49
272.48
273.38
274.33
275.3
276.26
277.21
278.07
278.97
279.87
280.81
281.69
282.58
283.43
284.19
284.96
285.66
286.4
287.17
287.95
288.77
289.54
290.28
291.05
291.89
292.68
293.5
294.34
295.1
295.86
296.64
297.57
298.48
299.47
300.43
301.4
302.24
303.16
304.06
304.86
305.66
306.45
307.36
308.2
309.05
309.97
310.9
311.74
312.65
313.5
314.3
315.23
316.11
316.99
317.91
318.74
319.64
320.5
321.29
322.08
323.01
323.89
324.77
325.69
326.54
327.46
328.03
328.53
329.05
329.6
330.1
330.57
331.06
331.54
332.05
332.54
333.01
333.47
333.96
334.41
334.85
335.29
335.77
336.27
336.82
337.33
337.84
338.38
338.88
339.38
339.87
340.38
340.9
341.42
341.96
342.48
343.01
343.52
344.03
344.55
345.07
345.59
346.1
346.62
347.15
347.69
348.23
348.74
349.29
349.82
350.34
350.91
351.52
352.09
352.65
353.2
353.78
354.35
354.89
355.44
356.0
356.57
357.13
357.7
358.26
358.75
359.27
359.85
360.42
360.99
361.57
362.12
362.69
363.26
363.82
364.44
365.06
365.7
366.31
366.92
367.67
368.47
369.22
370.07
371.02
372.05
373.06
374.02
374.94
375.9
376.92
377.89
378.91
379.89
380.87
381.97
383.08
384.16
385.22
386.34
387.35
388.43
389.39
390.41
391.33
392.35
393.31
394.32
395.23
396.1
397.04
397.95
398.84
399.75
400.67
401.54
402.4
403.45
404.55
405.67
406.68
407.71
408.71
409.81
410.91
411.96
413.07
414.14
415.29
416.34
417.42
418.51
419.61
420.66
421.7
422.63
423.45
424.34
425.16
425.98
426.87
427.83
428.74
429.73
430.62
431.59
432.51
433.42
434.36
435.31
436.27
437.19
438.12
438.97
439.84
440.86
441.87
442.87
443.79
444.75
445.6
446.53
447.4
448.38
449.28
450.2
451.17
452.06
453.01
454.11
455.13
456.03
456.96
457.87
458.78
459.7
460.66
461.47
462.34
463.18
464.05
464.97
465.88
466.77
467.74
468.64
469.57
470.46
471.32
472.18
473.09
473.92
474.84
475.65
476.47
477.35
478.22
479.14
480.02
480.8
481.63
482.56
483.4
484.29
485.17
486.11
487.06
488.07
489.07
490.0
490.93
491.75
492.61
493.45
494.32
495.18
495.95
496.67
497.4
498.14
498.93
499.64
500.45
501.22
502.01
502.82
503.78
504.58
505.38
506.2
507.06
507.98
508.83
509.71
510.59
511.53
512.39
513.23
514.08
514.92
515.82
516.72
517.66
518.66
519.59
520.57
521.55
522.45
523.41
524.35
525.31
526.25
527.13
528.09
529.01
530.06
531.09
532.11
533.12
534.19
535.27
536.39
537.31
538.25
539.24
540.19
541.09
542.04
542.94
543.72
544.59
545.4
546.25
547.04
547.93
548.74
549.64
550.45
551.29
552.16
552.95
553.8
554.7
555.52
556.41
557.27
558.12
558.94
559.81
560.63
561.52
562.33
563.2
564.1
565.0
565.92
566.79
567.65
568.59
569.44
570.37
571.35
572.29
573.31
574.28
575.31
576.28
577.37
578.47
579.47
580.34
581.28
582.21
583.1
584.04
584.95
585.93
586.92
587.9
588.97
589.99
