2.99
6.33
10.27
14.1
18.1
22.02
26.08
30.16
34.16
38.49
42.65
46.36
50.15
54.05
58.32
62.39
66.49
70.77
74.41
77.8
81.14
84.19
87.31
90.25
93.21
96.25
99.56
102.97
106.69
110.49
113.85
117.86
121.45
124.73
128.33
132.19
135.9
139.35
142.83
146.56
150.44
154.33
158.17
161.83
165.49
168.56
171.87
175.44
179.03
181.9
184.66
187.61
190.44
193.45
196.84
200.43
204.11
208.2
212.45
216.47
220.38
224.54
228.35
232.29
236.04
239.93
243.75
247.64
251.08
254.34
257.51
260.81
264.59
268.5
272.25
275.56
279.03
282.79
286.33
290.02
294.05
298.21
302.05
305.55
309.33
312.94
316.16
319.16
322.04
325.14
328.35
331.98
335.74
339.54
343.19
346.52
349.5
352.32
355.51
358.52
361.7
364.7
367.49
370.4
373.42
376.37
379.29
382.41
385.5
388.55
391.57
394.51
397.87
401.62
405.4
409.7
414.0
417.65
421.11
424.74
428.88
433.18
436.84
440.11
443.3
446.72
450.21
453.52
456.82
461.08
465.06
468.75
472.5
476.21
480.03
483.86
487.46
490.71
494.01
497.52
501.19
504.82
508.1
