0.94
2.07
2.99
3.77
4.58
5.4
6.34
7.33
8.31
9.35
10.23
11.2
12.1
13.03
14.11
15.11
16.09
17.16
18.22
19.18
20.09
21.05
22.04
22.98
23.99
24.97
25.88
26.89
27.8
28.81
29.72
30.69
31.71
32.72
33.68
34.63
35.62
36.63
37.59
38.52
39.55
40.58
41.57
42.66
43.62
44.51
45.47
46.39
47.37
48.28
49.17
50.16
51.09
52.09
53.02
54.06
55.18
56.26
57.38
58.32
59.28
60.26
61.4
62.4
63.44
64.41
65.48
66.49
67.62
68.67
69.76
70.81
71.77
72.64
73.53
74.42
75.39
76.16
77.0
77.81
78.59
79.46
80.27
81.15
82.0
82.79
83.47
84.19
84.98
85.76
86.52
87.32
88.07
88.76
89.47
90.26
90.98
91.73
92.51
93.21
93.95
94.75
95.48
96.25
97.05
97.85
98.69
99.57
100.47
101.29
102.17
102.98
103.9
104.88
105.78
106.7
107.65
108.61
109.6
110.43
111.33
112.13
112.99
113.87
114.83
115.75
116.8
117.86
118.79
119.75
120.63
121.45
122.24
123.09
123.87
124.74
125.63
126.34
127.03
127.76
128.49
129.24
130.03
130.75
131.52
132.2
132.78
133.35
133.89
134.46
135.0
135.54
136.07
136.6
137.17
137.72
138.26
138.8
139.36
139.93
140.48
141.0
141.56
142.11
142.62
143.18
143.78
144.37
144.97
145.6
146.17
146.81
147.48
148.1
148.76
149.39
150.03
150.67
151.32
151.92
152.55
153.2
153.82
154.39
155.0
155.6
156.21
156.78
157.38
157.93
158.51
159.12
159.72
160.28
160.9
161.46
162.07
162.74
163.36
164.07
164.82
165.5
166.23
166.97
167.76
168.57
169.41
170.17
170.98
171.87
172.66
173.56
174.55
175.45
176.34
177.3
178.28
179.03
179.84
180.62
181.4
182.21
182.99
183.66
184.28
184.93
185.6
186.23
186.9
187.52
188.12
188.72
189.3
189.87
190.46
191.1
191.68
192.31
192.93
193.51
194.15
194.76
195.34
195.98
196.64
197.33
197.99
198.69
199.36
200.08
200.76
201.54
202.25
203.01
203.8
204.58
205.34
206.05
206.77
207.47
208.23
209.03
209.75
210.53
211.28
212.16
212.96
213.79
214.64
215.49
216.28
217.1
217.96
218.8
219.6
220.4
221.24
222.04
222.82
223.54
224.3
225.06
225.76
226.5
227.18
227.91
228.59
229.3
230.01
230.71
231.47
232.3
233.21
234.17
235.07
236.05
237.05
238.0
239.04
239.94
240.89
241.81
242.82
243.76
244.77
245.72
246.77
247.65
248.57
249.45
250.29
251.11
251.89
252.73
253.53
254.35
255.13
255.88
256.69
257.54
258.45
259.36
260.25
261.09
261.96
262.92
263.86
264.76
265.69
266.58
267.51
268.5
269.48
270.48
271.33
272.25
273.12
273.89
274.69
275.57
276.44
277.27
278.2
279.03
280.0
280.91
281.81
282.76
283.62
284.54
285.48
286.34
287.28
288.2
289.09
290.02
291.04
292.03
293.08
294.06
295.07
296.1
297.12
298.21
299.16
300.16
301.13
302.07
302.99
303.75
304.55
305.32
306.13
306.9
307.72
308.55
309.34
310.13
310.91
311.72
312.47
313.24
314.05
314.83
315.58
316.24
316.93
317.66
318.43
319.16
319.88
320.58
321.3
322.05
322.83
323.6
324.39
325.15
325.91
326.71
327.51
328.36
329.18
330.11
331.01
331.98
332.91
333.85
334.81
335.75
336.67
337.67
338.62
339.55
340.51
341.46
342.35
343.19
344.08
344.94
345.74
346.52
347.26
348.06
348.75
349.46
350.11
350.8
351.59
352.33
353.08
353.9
354.69
355.52
356.26
357.01
357.79
358.49
359.25
359.95
360.6
361.29
361.98
362.7
363.37
364.03
364.74
365.39
366.1
366.81
367.49
368.15
368.87
369.66
370.41
371.15
371.95
372.69
373.43
374.21
374.97
375.71
376.38
377.1
377.81
378.52
379.3
380.04
380.85
381.64
382.42
383.22
384.01
384.73
385.5
386.26
387.04
387.77
388.56
389.3
390.05
390.86
391.59
392.45
393.29
394.12
394.84
395.64
396.39
397.1
397.88
398.6
399.38
400.1
400.85
401.62
402.36
403.16
403.92
404.64
405.41
406.2
407.02
407.87
408.75
409.71
410.72
411.73
412.71
413.73
414.7
415.76
416.74
417.66
418.56
419.38
420.23
421.11
421.95
422.82
423.74
424.62
425.52
426.41
427.26
428.18
429.14
430.16
431.17
432.17
433.18
434.16
435.08
436.04
436.85
437.7
438.52
439.34
440.11
440.88
441.66
442.46
443.3
444.11
445.03
445.94
446.73
447.56
448.49
449.4
450.22
451.03
451.88
452.71
453.52
454.34
455.15
455.96
456.83
457.69
458.55
459.4
460.24
461.09
461.89
462.67
463.48
464.24
465.07
465.82
466.61
467.42
468.25
469.14
469.95
470.84
471.67
472.55
473.4
474.29
475.11
475.97
476.85
477.74
478.54
479.31
480.05
480.87
481.72
482.52
483.41
484.2
485.04
485.91
486.71
487.46
488.28
489.06
489.93
490.72
491.56
492.41
493.2
494.02
494.82
495.59
496.38
497.12
497.92
498.7
499.53
500.32
501.18
502.0
502.78
503.65
504.44
505.38
506.29
507.18
508.11
509.02
510.11
511.21
