1.02
4.17
7.55
11.12
15.0
18.75
22.41
26.19
29.93
33.72
37.48
41.21
44.76
48.13
51.56
55.16
59.16
62.73
66.18
69.6
73.05
76.62
80.09
83.09
86.33
89.23
92.64
96.04
99.64
103.5
107.43
111.46
115.82
119.87
123.19
126.03
129.14
132.38
135.61
138.57
140.93
143.12
145.2
147.61
150.04
152.6
155.29
157.77
160.11
162.43
165.05
167.7
170.36
173.17
175.97
178.73
181.46
184.02
186.9
189.71
192.53
195.17
198.13
201.86
205.3
208.68
212.11
215.87
219.97
223.69
227.36
231.46
235.58
239.39
242.7
245.88
249.03
252.13
255.14
257.77
260.23
262.47
264.95
267.39
269.7
272.36
274.78
277.62
281.03
284.67
288.19
291.87
295.32
298.79
302.29
306.12
309.93
313.69
316.94
319.91
323.07
326.13
329.2
332.28
335.69
339.27
342.79
346.58
350.47
354.55
358.67
362.59
366.54
370.46
374.15
377.88
381.38
384.77
388.39
392.12
395.89
399.78
403.56
406.98
410.33
413.62
416.86
419.97
422.93
425.27
427.65
430.3
432.87
435.17
437.21
438.91
440.53
442.09
443.65
445.26
446.86
448.48
450.1
451.87
453.68
455.42
457.12
458.83
460.54
462.28
464.02
465.82
467.6
469.67
472.51
475.63
478.75
481.79
484.75
487.79
490.83
493.88
497.12
500.54
504.09
507.63
