0.23
1.03
1.79
2.58
3.38
4.17
4.99
5.79
6.63
7.55
8.35
9.2
10.13
11.13
12.08
13.08
14.09
15.01
16.01
16.9
17.81
18.75
19.61
20.45
21.42
22.38
23.35
24.28
25.24
26.2
27.16
28.09
28.99
29.93
30.92
31.82
32.78
33.74
34.7
35.69
36.58
37.48
38.38
39.29
40.23
41.23
42.16
43.0
43.86
44.76
45.59
46.41
47.27
48.14
48.97
49.82
50.67
51.57
52.4
53.31
54.28
55.16
56.09
57.19
58.31
59.17
60.08
60.93
61.82
62.74
63.65
64.46
65.34
66.19
67.02
67.91
68.74
69.61
70.51
71.36
72.19
73.06
73.98
74.82
75.7
76.62
77.45
78.35
79.19
80.1
80.89
81.64
82.4
83.11
83.87
84.71
85.52
86.34
87.12
87.81
88.5
89.24
90.1
90.9
91.73
92.66
93.53
94.32
95.17
96.04
96.86
97.72
98.64
99.61
100.5
101.52
102.48
103.51
104.52
105.45
106.46
107.43
108.41
109.34
110.43
111.47
112.51
113.6
114.69
115.83
116.93
117.96
118.93
119.88
120.75
121.6
122.41
123.19
123.9
124.6
125.33
126.06
126.78
127.39
128.06
128.67
129.33
129.97
130.6
131.21
131.78
132.38
132.94
133.52
134.05
134.63
135.18
135.69
136.24
136.78
137.41
138.01
138.58
139.2
139.8
140.38
140.93
141.5
142.04
142.58
143.13
143.64
144.16
144.68
145.2
145.68
146.13
146.61
147.1
147.58
148.04
148.53
149.05
149.52
150.05
150.55
151.03
151.54
152.06
152.61
153.12
153.65
154.22
154.73
155.29
155.8
156.35
156.86
157.42
157.95
158.45
159.01
159.52
160.11
160.65
161.22
161.8
162.43
163.05
163.67
164.33
165.05
165.69
166.4
167.05
167.71
168.37
169.03
169.71
170.39
171.07
171.75
172.49
173.19
173.86
174.56
175.28
175.98
176.72
177.41
178.06
178.74
179.42
180.13
180.83
181.47
182.09
182.71
183.38
184.03
184.73
185.44
186.19
186.9
187.62
188.28
188.98
189.71
190.39
191.06
191.78
192.54
193.2
193.83
194.49
195.18
195.81
196.53
197.29
197.98
198.62
199.28
200.03
200.78
201.48
202.2
203.0
203.75
204.49
205.31
206.19
206.99
207.84
208.68
209.54
210.36
211.26
212.12
213.05
213.91
214.81
215.89
216.86
217.94
219.01
219.98
221.0
221.88
222.76
223.7
224.62
225.53
226.4
227.36
228.33
229.39
230.47
231.47
232.58
233.57
234.66
235.59
236.54
237.55
238.44
239.4
240.25
241.05
241.92
242.68
243.5
244.27
245.07
245.89
246.64
247.45
248.26
249.03
249.76
250.54
251.29
252.13
252.95
253.71
254.45
255.15
255.86
256.56
257.15
257.77
258.41
259.01
259.62
260.24
260.79
261.37
261.94
262.49
263.09
263.73
264.34
265.0
265.71
266.41
267.08
267.66
268.25
268.84
269.39
270.03
270.69
271.33
272.03
272.8
273.52
274.18
274.79
275.36
275.95
276.53
277.22
277.9
278.5
279.16
279.76
280.39
281.04
281.66
282.3
282.94
283.51
284.11
284.67
285.24
285.84
286.43
287.03
287.63
288.19
288.81
289.52
290.16
290.83
291.52
292.13
292.7
293.28
293.9
294.45
295.04
295.63
296.18
296.75
297.34
297.92
298.48
299.01
299.58
300.08
300.58
301.09
301.56
302.06
302.55
303.04
303.52
304.04
304.53
305.05
305.59
306.12
306.59
307.07
307.54
308.03
308.51
309.0
309.46
309.94
310.44
310.92
311.37
311.84
312.33
312.78
313.25
313.72
314.2
314.63
315.01
315.42
315.81
316.18
316.58
316.95
317.31
317.68
318.06
318.41
318.79
319.17
319.53
319.92
320.3
320.7
321.12
321.52
321.9
322.29
322.69
323.08
323.47
323.86
324.24
324.63
325.01
325.39
325.77
326.13
326.49
326.86
327.25
327.65
328.07
328.46
328.84
329.2
329.57
329.95
330.31
330.67
331.04
331.41
331.83
332.27
332.69
333.09
333.52
333.97
334.4
334.83
335.29
335.71
336.18
336.61
337.09
337.53
338.01
338.46
338.94
339.43
339.9
340.4
340.87
341.34
341.84
342.31
342.8
343.3
343.77
344.26
344.76
345.33
345.87
346.38
346.96
347.49
348.03
348.61
349.14
349.8
350.48
351.26
352.03
352.84
353.58
354.4
355.14
355.95
356.71
357.45
358.22
358.92
359.65
360.39
361.1
361.87
362.59
363.29
364.08
364.93
365.73
366.55
367.39
368.23
369.0
369.81
370.46
371.11
371.83
372.47
373.24
373.96
374.72
375.44
376.17
376.94
377.65
378.39
379.17
379.87
380.65
381.38
382.2
383.02
383.85
384.78
385.7
386.55
387.49
388.41
389.3
390.28
391.21
392.13
393.09
394.0
394.98
395.89
396.81
397.71
398.63
399.49
400.38
401.2
401.97
402.76
403.57
404.4
405.29
406.15
406.99
407.78
408.57
409.43
410.4
411.27
412.11
412.87
413.62
414.36
415.12
415.91
416.62
417.36
418.1
418.88
419.61
420.35
421.05
421.66
422.28
422.93
423.52
424.13
424.72
425.27
425.83
426.42
427.02
427.66
428.27
428.93
429.61
430.31
431.0
431.68
432.27
432.88
433.39
433.89
434.39
434.84
435.33
435.79
436.26
436.75
437.22
437.71
438.11
438.52
438.91
439.31
439.7
440.11
440.53
440.92
441.31
441.71
442.1
442.49
442.87
443.25
443.65
444.05
444.47
444.86
445.26
445.67
446.06
446.46
446.86
447.27
447.67
448.07
448.49
448.9
449.3
449.69
450.11
450.51
450.9
451.3
451.7
452.12
452.52
452.94
453.36
453.75
454.17
454.59
455.01
455.43
455.87
456.28
456.71
457.12
457.54
457.95
458.38
458.83
459.26
459.68
460.1
460.54
461.0
461.44
461.87
462.28
462.71
463.15
463.61
464.05
464.49
464.91
465.37
465.83
466.28
466.71
467.16
467.61
468.11
468.63
469.14
469.67
470.19
470.75
471.28
471.78
472.33
472.89
473.48
474.03
474.67
475.27
475.88
476.55
477.18
477.82
478.5
479.13
479.83
480.49
481.11
481.8
482.45
483.13
483.79
484.41
485.09
485.76
486.47
487.18
487.84
488.56
489.35
490.12
490.84
491.64
492.4
493.16
493.88
494.72
495.48
496.31
497.13
498.01
498.83
499.7
500.55
501.42
502.33
503.22
504.09
504.92
505.78
506.72
507.63
508.53
509.47
510.33
511.26
