0.0
0.99
1.88
2.81
3.76
4.73
5.63
6.66
7.79
8.83
9.84
10.92
11.95
12.92
13.96
14.93
15.77
16.55
17.37
18.4
19.33
20.32
21.3
22.19
23.14
24.02
24.93
25.93
26.96
27.97
28.92
29.97
30.99
31.97
32.98
34.03
34.89
35.84
36.7
37.56
38.47
39.42
40.44
41.53
42.54
43.6
44.51
45.41
46.43
47.54
48.64
49.73
50.79
51.76
52.67
53.72
54.75
55.81
56.79
57.69
58.6
59.52
60.48
61.58
62.71
63.78
64.82
65.94
66.97
67.99
68.97
69.99
71.04
72.12
73.21
74.29
75.42
76.52
77.57
78.65
79.67
80.64
81.56
82.42
83.32
84.29
85.22
86.2
87.15
88.04
88.98
89.86
90.78
91.61
92.48
93.36
94.25
95.03
95.84
96.67
97.43
98.29
99.11
99.92
100.78
101.79
102.76
103.75
104.71
105.6
106.58
107.48
108.46
109.43
110.45
111.45
112.4
113.48
114.39
115.28
116.24
117.22
118.21
119.12
120.13
121.01
121.87
122.66
123.51
124.37
125.21
125.94
126.66
127.42
128.09
128.77
129.44
130.09
130.68
131.28
131.91
132.54
133.2
133.82
134.42
134.97
135.53
136.1
136.7
137.25
137.84
138.41
138.96
139.52
140.12
140.66
141.25
141.79
142.32
142.81
143.36
143.86
144.38
144.92
145.41
145.93
146.46
146.99
147.56
148.09
148.59
149.09
149.61
150.13
150.63
151.12
151.61
152.1
152.59
153.06
153.53
154.03
154.49
154.97
155.46
155.98
156.47
157.02
157.51
158.03
158.58
159.07
159.62
160.17
160.75
161.3
161.83
162.38
162.92
163.49
164.02
164.61
165.16
165.7
166.28
166.91
167.51
168.08
168.71
169.31
169.88
170.51
171.14
171.78
172.41
173.08
173.68
174.27
174.9
175.47
176.05
176.68
177.25
177.85
178.5
179.11
179.71
180.34
180.99
181.6
182.24
182.89
183.56
184.29
184.99
185.59
186.23
186.85
187.42
188.04
188.62
189.22
189.87
190.51
191.11
191.76
192.33
192.92
193.51
194.09
194.65
195.24
195.82
196.44
197.05
197.62
198.24
198.87
199.45
200.0
200.53
201.03
201.55
202.07
202.56
203.05
203.54
204.08
204.66
205.22
205.83
206.46
207.08
207.72
208.31
208.95
209.55
210.2
210.93
211.67
212.36
213.11
213.81
214.64
215.41
216.24
217.02
217.8
218.74
219.76
220.85
221.85
222.92
223.92
224.96
225.91
226.81
227.84
228.82
229.81
230.84
231.88
232.93
233.99
234.9
235.86
236.76
237.69
238.63
239.53
240.43
241.39
242.35
243.31
244.35
245.4
246.46
247.5
248.55
249.51
250.52
251.58
252.58
253.6
254.61
255.66
256.67
257.55
258.34
259.13
259.88
260.7
261.47
262.24
263.01
263.78
264.6
265.34
266.19
267.0
267.88
268.7
269.51
270.38
271.25
272.0
272.79
273.53
274.22
274.88
275.57
276.26
276.96
277.75
278.52
279.29
279.99
280.74
281.48
282.26
283.01
283.74
284.44
285.15
285.8
286.53
287.33
288.08
288.83
289.73
290.57
291.43
292.28
293.21
294.06
294.96
295.86
296.74
297.64
298.5
299.35
300.25
301.09
302.03
302.97
303.92
304.86
305.79
306.79
307.83
308.74
309.77
310.7
311.64
312.58
313.44
314.29
315.15
315.93
316.74
317.61
318.51
319.44
320.48
321.63
322.69
323.8
324.84
325.91
326.95
328.01
328.99
329.98
330.94
331.92
332.94
333.88
334.89
335.84
336.81
337.83
338.81
339.73
340.67
341.66
342.5
343.42
344.21
345.0
345.84
346.74
347.76
348.81
349.79
350.76
351.73
352.73
353.67
354.62
355.58
356.36
357.09
357.86
358.65
359.42
360.23
361.0
361.71
362.48
363.21
363.99
364.69
365.36
366.07
366.78
367.49
368.24
368.94
369.64
370.33
371.07
371.76
372.52
373.2
373.94
374.66
375.4
376.15
376.87
377.57
378.27
378.96
379.67
380.38
381.14
381.85
382.67
383.42
384.19
385.03
385.82
386.61
387.4
388.3
389.14
389.97
390.85
391.67
392.54
393.29
394.08
394.88
395.66
396.41
397.2
398.01
398.82
399.67
400.44
401.31
402.1
402.92
403.73
404.54
405.42
406.22
407.14
407.96
408.86
409.75
410.6
411.43
412.18
412.99
413.77
414.51
415.27
416.08
416.83
417.58
418.4
419.18
420.02
420.74
421.45
422.18
422.91
423.66
424.32
424.95
425.62
426.34
427.14
427.89
428.69
429.49
430.28
431.03
431.84
432.57
433.33
434.16
434.92
435.71
436.49
437.34
438.14
438.99
439.86
440.76
441.67
442.57
443.43
444.23
445.0
445.76
446.51
447.26
448.11
448.9
449.73
450.5
451.36
452.22
453.13
453.99
454.82
455.64
456.48
457.4
458.24
459.12
459.99
460.9
461.75
462.64
463.46
464.32
465.15
465.99
466.81
467.64
468.49
469.3
469.99
470.71
471.43
472.19
472.91
473.59
474.35
475.05
475.75
476.45
477.16
477.9
478.65
479.38
480.09
480.8
481.57
482.23
482.93
483.65
484.46
485.27
486.17
486.98
487.86
488.67
489.55
490.4
491.27
492.07
492.95
493.81
494.75
495.68
496.58
497.5
498.48
499.43
500.32
501.26
502.21
503.17
