0.98
4.73
8.83
12.92
16.87
20.71
24.51
28.92
32.96
36.69
40.43
44.5
48.62
52.67
56.79
60.47
64.81
68.96
73.2
77.57
81.55
84.67
87.74
90.78
93.74
96.67
99.92
103.74
107.48
111.44
115.26
119.11
122.66
125.95
128.77
131.52
134.18
136.44
138.87
141.25
143.35
145.41
147.56
149.88
152.36
154.72
156.93
159.09
161.29
163.48
165.67
168.07
170.49
173.07
175.46
177.86
180.32
182.88
185.59
188.61
192.26
195.8
199.44
203.06
206.73
210.48
214.22
218.25
222.32
225.9
229.6
233.38
236.92
240.42
244.34
248.55
252.58
256.66
259.87
263.01
266.19
269.5
273.1
276.25
279.49
283.39
287.63
291.77
295.86
299.7
303.5
306.99
310.5
314.71
318.76
322.71
326.94
330.94
334.87
338.8
342.49
345.84
349.47
353.17
356.73
360.69
364.68
368.93
373.19
377.26
381.0
384.19
387.4
390.84
394.87
398.81
402.92
406.7
410.32
413.76
416.82
420.02
422.91
425.61
428.19
430.64
433.25
436.29
439.14
442.56
445.76
448.9
452.21
455.73
459.24
462.64
465.98
469.29
472.63
475.74
478.66
481.57
484.45
487.59
490.62
493.49
496.57
