0.99
4.16
7.45
11.46
15.12
19.14
22.75
26.31
29.91
33.37
36.49
39.65
43.07
46.35
49.53
53.73
58.06
62.27
65.73
68.75
71.58
74.57
77.59
80.64
84.15
87.31
90.55
93.61
96.48
99.1
102.05
105.8
109.68
113.5
117.19
121.34
124.87
127.96
130.83
133.89
137.16
139.85
142.18
144.48
146.72
149.38
152.68
156.12
159.73
163.56
167.35
171.46
175.73
179.92
183.82
187.45
190.91
194.53
197.93
201.39
205.5
209.32
213.17
217.06
220.76
224.4
228.14
232.2
236.06
239.81
243.52
247.76
251.91
255.78
259.59
263.06
266.75
270.75
274.97
278.54
282.18
285.78
289.54
293.26
296.88
300.5
304.2
308.36
312.18
315.63
318.76
321.88
324.97
327.99
331.11
334.61
338.16
342.13
346.07
350.09
354.02
358.34
362.35
366.14
369.84
373.75
377.61
381.48
385.3
389.31
393.19
397.0
401.09
405.3
409.22
412.99
416.62
420.77
424.73
428.8
432.91
437.04
440.69
444.15
448.32
451.73
455.07
458.4
461.72
465.42
469.26
473.51
477.08
480.84
484.59
488.43
492.26
496.05
499.54
503.56
507.58
511.41
515.23
518.99
522.33
525.68
528.97
532.29
