0.0
1.0
1.95
3.01
3.95
4.95
6.0
7.03
8.09
9.06
9.98
10.95
11.94
12.89
13.98
15.12
16.1
17.17
18.17
19.15
20.24
21.25
22.29
23.28
24.07
24.92
25.72
26.6
27.43
28.26
29.06
29.92
30.81
31.67
32.49
33.37
34.18
35.02
35.89
36.74
37.59
38.43
39.24
40.08
40.91
41.77
42.69
43.49
44.36
45.21
46.01
46.73
47.46
48.19
48.85
49.57
50.21
50.89
51.61
52.3
52.99
53.73
54.38
55.06
55.82
56.61
57.34
58.06
58.81
59.63
60.6
61.56
62.54
63.61
64.64
65.73
66.75
67.74
68.76
69.79
70.64
71.57
72.53
73.47
74.19
74.98
75.7
76.48
77.24
77.96
78.68
79.45
80.33
81.15
82.0
82.74
83.54
84.33
85.06
85.86
86.55
87.31
87.95
88.63
89.33
89.97
90.57
91.22
91.98
92.79
93.55
94.31
95.13
95.87
96.67
97.46
98.19
98.9
99.67
100.36
101.17
102.06
102.99
103.92
104.9
105.8
106.77
107.74
108.68
109.69
110.67
111.66
112.56
113.5
114.5
115.4
116.26
117.19
118.21
119.22
120.25
121.34
122.25
123.17
124.07
124.88
125.69
126.4
127.05
127.7
128.39
129.02
129.75
130.46
131.12
131.85
132.5
133.12
133.72
134.33
134.96
135.56
136.15
136.78
137.4
137.98
138.6
139.25
139.86
140.45
141.03
141.61
142.18
142.79
143.35
143.93
144.48
145.04
145.58
146.16
146.72
147.31
147.89
148.54
149.15
149.78
150.4
151.01
151.63
152.24
152.86
153.44
154.08
154.66
155.3
155.9
156.56
157.19
157.82
158.42
159.06
159.73
160.36
160.98
161.62
162.26
162.9
163.57
164.23
164.87
165.51
166.15
166.8
167.4
168.03
168.69
169.32
169.92
170.55
171.18
171.84
172.46
173.07
173.67
174.34
175.06
175.74
176.51
177.29
178.1
178.98
179.92
180.93
181.88
182.85
183.82
184.81
185.83
186.8
187.73
188.75
189.79
190.78
191.77
192.69
193.62
194.53
195.39
196.22
197.1
197.94
198.8
199.62
200.54
201.4
202.45
203.47
204.5
205.51
206.52
207.6
208.6
209.63
210.65
211.74
212.82
213.82
214.76
215.69
216.65
217.57
218.52
219.46
220.37
221.44
222.53
223.61
224.66
225.73
226.82
227.83
228.92
230.07
231.11
232.2
233.34
234.38
235.45
236.44
237.42
238.5
239.5
240.54
241.53
242.51
243.53
244.57
245.67
246.71
247.77
248.84
249.92
250.96
251.92
252.89
253.81
254.78
255.78
256.83
257.75
258.7
259.63
260.61
261.42
262.23
263.07
263.87
264.55
265.28
266.05
266.75
267.49
268.15
268.84
269.49
270.1
270.76
271.32
271.86
272.41
272.91
273.46
273.96
274.44
274.91
275.36
275.85
276.31
276.73
277.17
277.62
278.07
278.51
278.93
279.41
279.85
280.33
280.81
281.26
281.75
282.19
282.63
283.09
283.55
284.0
284.43
284.89
285.35
285.79
286.27
286.75
287.22
287.69
288.14
288.62
289.1
289.55
290.01
290.46
290.94
291.4
291.88
292.33
292.8
293.27
293.76
294.21
294.69
295.17
295.62
296.05
296.48
296.92
297.37
297.8
298.29
298.74
299.27
299.79
300.29
300.82
301.37
301.91
302.48
303.07
303.62
304.2
304.75
305.28
305.8
306.34
306.94
307.54
308.13
308.72
309.31
309.94
310.55
311.14
311.74
312.38
312.94
313.5
314.07
314.64
315.2
315.72
316.28
316.82
317.42
317.99
318.58
319.14
319.74
320.33
320.91
321.49
322.08
322.68
323.27
323.85
324.43
325.09
325.73
326.38
326.99
327.58
328.19
328.79
329.37
329.97
330.59
331.19
331.83
332.44
333.03
333.61
334.19
334.85
335.49
336.23
336.95
337.64
338.35
339.1
339.84
340.67
341.46
342.34
343.13
343.97
344.8
345.64
346.5
347.31
348.17
349.08
349.94
350.84
351.71
352.6
353.48
354.36
355.27
356.2
357.19
358.09
359.08
359.94
360.9
361.78
362.72
363.65
364.56
365.35
366.15
367.05
367.96
368.84
369.61
370.43
371.2
372.0
372.84
373.61
374.41
375.23
376.03
376.8
377.61
378.48
379.31
380.1
380.92
381.85
382.68
383.61
384.47
385.31
386.13
386.99
387.89
388.75
389.62
390.47
391.33
392.25
393.19
394.13
395.06
396.04
397.0
397.97
398.88
399.97
401.1
402.21
403.24
404.26
405.31
406.44
407.38
408.32
409.22
410.17
411.09
412.03
413.0
413.85
414.73
415.66
416.53
417.39
418.23
419.12
419.98
420.78
421.49
422.2
422.95
423.77
424.54
425.3
426.11
426.75
427.44
428.15
428.79
429.48
430.18
431.01
431.77
432.59
433.39
434.28
435.13
436.07
437.04
438.01
439.02
439.88
440.69
441.55
442.4
443.3
444.15
444.97
445.78
446.67
447.55
448.38
449.3
450.11
450.94
451.74
452.58
453.46
454.28
455.08
455.9
456.74
457.59
458.4
459.24
460.06
460.87
461.72
462.66
463.56
464.53
465.43
466.34
467.34
468.26
469.19
470.06
470.9
471.74
472.66
473.51
474.39
475.28
476.18
477.08
477.93
478.94
479.86
480.85
481.77
482.78
483.7
484.6
485.58
486.5
487.48
488.43
489.39
490.35
491.34
492.24
493.22
494.16
495.13
496.06
497.04
497.92
498.72
499.55
500.34
501.16
501.92
502.77
503.57
504.45
505.29
506.19
507.07
507.98
508.8
509.71
510.56
511.42
512.41
513.31
514.31
515.24
516.16
517.14
518.05
518.91
519.81
520.67
521.47
522.33
523.21
524.06
524.89
525.69
526.51
527.39
528.18
528.99
529.8
530.56
531.41
532.29
533.16
533.94
534.76
535.58
536.34
537.14
537.97
538.78
539.57
