1.08
2.43
3.75
5.09
6.5
7.89
9.21
10.73
12.2
13.64
15.0
16.41
17.83
19.2
20.57
22.02
23.48
24.88
26.24
27.55
28.91
30.33
31.79
33.98
36.24
38.26
40.34
42.44
44.65
46.8
48.82
51.14
53.4
55.38
56.93
58.41
59.89
61.45
62.89
64.29
65.66
67.04
68.39
69.74
71.11
72.5
73.91
75.24
76.61
77.98
79.31
80.67
82.02
83.39
84.76
86.19
87.6
88.96
90.37
92.28
94.38
96.64
98.73
100.78
102.74
104.81
106.98
109.12
111.17
113.21
115.42
117.48
118.88
120.39
121.8
123.23
124.68
126.12
127.61
129.16
130.59
132.04
133.43
134.87
136.27
137.68
139.06
140.42
141.84
143.22
144.6
145.96
147.42
148.77
150.12
151.45
152.81
154.14
155.46
156.81
158.21
159.65
161.03
162.35
163.69
165.04
166.39
167.76
169.12
170.48
171.95
173.3
174.72
176.13
177.51
178.83
180.22
181.67
183.11
184.49
185.91
187.34
188.72
190.1
191.63
193.05
194.42
195.82
197.13
198.48
199.9
201.32
202.76
204.33
205.94
207.72
209.79
211.88
214.2
216.48
218.83
221.11
223.5
225.3
226.83
228.28
229.73
231.33
232.9
234.31
235.68
237.1
238.45
239.8
241.2
242.6
244.08
245.41
246.78
248.12
249.42
250.76
252.11
253.43
254.71
256.1
257.46
258.84
260.21
261.61
262.94
264.35
265.82
267.3
268.72
270.08
271.41
272.71
274.1
275.54
277.04
278.45
279.86
281.28
282.63
283.77
284.91
286.05
287.26
288.59
290.04
291.52
292.92
294.35
295.82
297.2
298.71
300.22
301.81
303.41
