0.18
0.62
1.08
1.53
1.97
2.44
2.89
3.34
3.76
4.2
4.66
5.09
5.56
6.04
6.5
6.97
7.46
7.9
8.33
8.76
9.22
9.69
10.2
10.73
11.24
11.75
12.21
12.69
13.18
13.66
14.12
14.56
15.02
15.48
15.97
16.42
16.9
17.38
17.83
18.31
18.77
19.21
19.65
20.11
20.57
21.06
21.57
22.03
22.53
23.02
23.51
24.21
24.89
25.58
26.25
26.9
27.55
28.22
28.91
29.6
30.34
31.05
31.79
32.48
33.25
33.99
34.78
35.5
36.24
36.9
37.59
38.27
38.96
39.64
40.35
41.04
41.76
42.44
43.18
43.94
44.66
45.35
46.05
46.8
47.47
48.13
48.82
49.5
50.05
50.57
51.14
51.65
52.13
52.64
53.15
53.66
54.24
54.76
55.34
55.88
56.41
56.94
57.42
57.93
58.42
58.89
59.39
59.9
60.41
60.92
61.45
61.95
62.46
62.9
63.36
63.82
64.3
64.76
65.22
65.67
66.12
66.59
67.05
67.52
67.97
68.4
68.83
69.28
69.74
70.2
70.67
71.12
71.58
72.05
72.51
72.97
73.44
73.92
74.36
74.8
75.25
75.7
76.16
76.62
77.07
77.53
77.99
78.43
78.88
79.32
79.77
80.23
80.68
81.14
81.57
82.03
82.49
82.94
83.4
83.85
84.3
84.76
85.22
85.7
86.2
86.67
87.16
87.61
88.06
88.53
88.98
89.44
89.91
90.38
90.84
91.3
91.75
92.25
92.72
93.21
93.68
94.15
94.63
95.12
95.62
96.13
96.64
97.1
97.59
98.05
98.5
98.97
99.42
99.86
100.33
100.78
101.23
101.66
102.1
102.54
102.98
103.42
103.88
104.33
104.79
105.24
105.69
106.13
106.57
107.03
107.51
107.97
108.41
108.88
109.35
109.79
110.23
110.7
111.17
111.63
112.07
112.54
112.99
113.45
113.92
114.37
114.85
115.29
115.71
116.17
116.6
117.03
117.49
117.97
118.43
118.89
119.37
119.87
120.4
120.89
121.36
121.81
122.28
122.75
123.24
123.71
124.2
124.69
125.15
125.64
126.13
126.62
127.15
127.62
128.14
128.62
129.15
129.62
130.13
130.6
131.08
131.57
132.05
132.51
132.97
133.44
133.94
134.42
134.88
135.36
135.82
136.28
136.75
137.23
137.69
138.16
138.62
139.07
139.52
139.98
140.42
140.89
141.36
141.85
142.31
142.77
143.23
143.68
144.14
144.6
145.05
145.5
145.97
146.45
146.92
147.42
147.9
148.36
148.8
149.24
149.68
150.14
150.57
151.0
151.46
151.92
152.36
152.81
153.27
153.71
154.14
154.58
155.01
155.46
155.92
156.35
156.81
157.28
157.72
158.22
158.68
159.16
159.66
160.14
160.57
161.04
161.47
161.91
162.36
162.81
163.24
163.7
164.13
164.58
165.05
165.5
165.95
166.4
166.86
167.32
167.77
168.23
168.69
169.13
169.57
170.03
170.49
170.96
171.46
171.96
172.43
172.87
173.31
173.77
174.25
174.72
175.2
175.69
176.14
176.61
177.07
177.52
177.94
178.38
178.84
179.29
179.78
180.23
180.72
181.21
181.68
182.15
182.64
183.12
183.6
184.05
184.5
184.96
185.46
185.92
186.41
186.9
187.35
187.83
188.28
188.73
189.18
189.65
190.1
190.63
191.16
191.65
192.36
193.05
193.75
194.43
195.11
195.83
196.49
197.14
197.82
198.49
199.2
199.91
200.62
201.33
202.02
202.76
203.58
204.34
205.05
205.73
206.39
207.05
207.73
208.41
209.09
209.8
210.49
211.2
211.88
212.63
213.43
214.2
214.93
215.71
216.49
217.29
218.08
218.83
219.64
220.51
221.33
222.16
223.03
223.83
224.68
225.36
226.07
226.83
227.59
228.29
228.99
229.74
230.26
230.79
231.34
231.92
232.46
232.91
233.36
233.83
234.31
234.78
235.25
235.69
236.16
236.63
237.11
237.57
238.04
238.46
238.88
239.33
239.81
240.28
240.75
241.21
241.67
242.14
242.61
243.08
243.58
244.09
244.53
244.98
245.42
245.88
246.33
246.78
247.24
247.69
248.13
248.56
248.99
249.43
249.87
250.31
250.77
251.22
251.66
252.11
252.57
253.0
253.43
253.86
254.29
254.71
255.17
255.65
256.11
256.55
257.03
257.47
257.94
258.39
258.85
259.28
259.75
260.21
260.67
261.16
261.62
262.07
262.51
262.95
263.4
263.86
264.36
264.83
265.34
265.83
266.35
266.84
267.31
267.79
268.26
268.73
269.19
269.64
270.09
270.52
270.98
271.42
271.85
272.29
272.72
273.16
273.61
274.11
274.59
275.06
275.55
276.05
276.56
277.05
277.55
278.0
278.46
278.93
279.4
279.86
280.33
280.8
281.28
281.73
282.19
282.65
283.13
283.59
284.05
284.49
284.95
285.42
285.89
286.38
286.83
287.27
287.7
288.15
288.6
289.04
289.5
290.05
290.59
291.06
291.52
291.97
292.43
292.92
293.41
293.89
294.35
294.84
295.35
295.83
296.29
296.74
297.21
297.7
298.2
298.72
299.23
299.72
300.22
300.73
301.28
301.79
302.36
302.89
303.41
303.95
304.5
305.06
305.6
