0.5
1.09
1.7
2.35
3.02
3.66
4.28
4.92
5.58
6.28
6.93
7.5
8.04
8.62
9.19
9.8
10.42
11.04
11.62
12.24
12.86
13.5
14.1
14.71
15.33
15.94
16.55
17.16
17.75
18.32
18.94
19.56
20.19
20.8
21.39
22.01
22.65
23.29
23.92
24.56
25.18
25.77
26.39
27.01
27.61
28.21
28.81
29.41
30.01
30.61
31.21
31.82
32.44
33.07
33.68
34.29
34.89
35.51
36.15
36.79
37.4
38.09
38.81
39.49
40.09
40.69
41.29
41.92
42.55
43.14
43.74
44.33
44.94
45.56
46.19
46.89
47.66
48.31
48.93
49.56
50.18
50.78
51.41
52.03
52.66
53.28
53.88
54.53
55.18
55.81
56.43
57.07
57.67
58.26
58.88
59.51
60.15
60.77
61.38
62.01
62.67
63.39
64.06
64.72
65.37
66.01
66.67
67.32
67.99
68.63
69.28
69.9
70.52
71.2
71.85
72.48
73.14
73.78
74.38
74.99
75.66
76.3
76.88
77.48
78.1
78.76
79.4
80.05
80.68
81.31
81.95
82.62
83.19
83.76
84.31
84.92
85.55
86.21
86.91
87.57
88.19
88.8
89.42
90.02
90.61
91.23
91.86
92.56
93.29
93.98
94.62
95.24
95.85
96.49
97.09
97.69
98.29
98.91
99.52
100.15
100.78
101.42
102.03
102.62
103.24
103.82
104.42
105.03
105.64
106.26
106.88
107.51
108.11
108.74
109.38
110.03
110.69
111.32
111.94
112.55
113.17
113.85
114.48
115.18
115.91
116.66
117.45
118.2
118.89
119.62
120.31
121.01
121.73
122.37
123.02
123.72
124.42
125.06
125.67
126.29
126.98
127.68
128.36
129.15
129.95
130.73
131.49
132.31
133.12
133.91
134.68
135.5
136.34
137.12
138.01
138.93
139.8
140.87
141.97
143.05
144.06
145.02
145.95
146.92
