1.03
2.18
3.29
4.42
5.56
6.72
7.91
9.03
10.14
11.26
12.35
13.55
14.73
15.88
17.06
18.27
19.48
20.68
21.92
23.23
24.46
25.7
26.86
28.01
29.1
30.23
31.39
32.55
33.71
34.86
36.02
37.13
38.29
39.43
40.61
41.74
42.9
44.09
45.26
46.62
48.02
49.25
50.46
51.67
52.92
54.11
55.32
56.54
57.76
58.96
60.15
61.36
62.61
63.79
64.96
66.16
67.35
68.55
69.72
70.9
72.05
73.22
74.37
75.52
76.66
77.81
78.99
80.15
81.3
82.47
83.64
84.89
86.1
87.36
88.64
89.84
91.11
92.38
93.61
94.86
96.08
97.25
98.44
99.65
100.8
101.93
103.05
104.18
105.32
106.48
107.71
108.92
110.14
111.76
113.1
114.42
115.64
116.9
118.1
119.33
120.57
121.76
122.98
124.21
125.43
126.71
127.94
129.16
130.36
131.48
132.63
133.77
134.93
136.06
137.17
138.3
139.42
140.55
141.66
142.77
143.88
144.97
146.08
147.17
148.25
149.42
150.59
151.76
152.97
154.16
155.38
156.59
157.72
158.86
160.01
161.15
162.29
163.43
164.61
165.83
166.95
168.05
169.19
170.32
171.54
172.71
173.88
175.06
176.26
177.45
178.62
179.83
181.07
182.33
183.6
184.82
185.98
187.07
188.24
189.39
190.55
191.72
192.9
194.06
195.21
196.38
197.56
198.72
199.81
200.99
202.11
203.27
204.4
205.54
206.73
207.88
209.23
210.58
211.83
213.07
214.28
215.56
216.79
217.96
219.16
220.34
221.53
222.7
223.89
225.14
226.32
227.53
228.72
229.89
231.03
232.19
233.33
234.48
235.61
236.73
237.87
239.0
240.14
241.33
242.45
243.61
244.76
245.93
247.14
248.32
249.54
250.76
251.94
253.19
254.42
255.63
256.88
258.08
259.23
260.38
261.55
262.71
263.83
264.94
266.06
267.2
268.34
269.57
270.8
272.0
