0.3
0.68
1.04
1.44
1.8
2.18
2.58
2.94
3.3
3.68
4.04
4.42
4.78
5.17
5.57
5.96
6.34
6.73
7.14
7.53
7.92
8.31
8.68
9.04
9.4
9.78
10.15
10.52
10.88
11.27
11.63
11.99
12.36
12.75
13.15
13.56
13.95
14.35
14.73
15.12
15.51
15.89
16.28
16.67
17.07
17.48
17.87
18.28
18.7
19.11
19.49
19.91
20.31
20.69
21.1
21.51
21.93
22.36
22.8
23.24
23.65
24.05
24.47
24.88
25.28
25.71
26.1
26.48
26.87
27.27
27.64
28.02
28.38
28.75
29.11
29.5
29.87
30.24
30.63
31.02
31.39
31.79
32.18
32.56
32.93
33.32
33.72
34.12
34.49
34.88
35.26
35.65
36.03
36.41
36.77
37.13
37.51
37.91
38.3
38.7
39.07
39.44
39.83
40.22
40.62
41.01
41.39
41.75
42.13
42.52
42.91
43.31
43.71
44.1
44.48
44.88
45.26
45.64
46.04
46.44
46.86
47.26
47.64
48.04
48.44
48.85
49.26
49.65
50.05
50.47
50.86
51.28
51.68
52.1
52.52
52.91
53.31
53.71
54.12
54.52
54.92
55.33
55.74
56.13
56.55
56.97
57.37
57.77
58.18
58.58
58.97
59.37
59.76
60.16
60.57
60.97
61.37
61.78
62.19
62.62
63.03
63.4
63.79
64.19
64.57
64.97
65.38
65.77
66.17
66.57
66.97
67.36
67.76
68.15
68.56
68.95
69.35
69.73
70.13
70.53
70.91
71.3
71.68
72.06
72.45
72.84
73.23
73.62
74.01
74.38
74.78
75.16
75.53
75.91
76.28
76.67
77.04
77.42
77.82
78.2
78.61
79.0
79.38
79.76
80.16
80.54
80.92
81.31
81.7
82.09
82.48
82.87
83.25
83.65
84.06
84.47
84.91
85.32
85.72
86.12
86.54
86.94
87.37
87.8
88.22
88.64
89.03
89.44
89.86
90.29
90.69
91.12
91.54
91.95
92.39
92.81
93.23
93.62
94.03
94.44
94.87
95.28
95.69
96.09
96.48
96.87
97.26
97.65
98.05
98.44
98.84
99.25
99.66
100.06
100.44
100.81
101.18
101.55
101.93
102.32
102.69
103.06
103.44
103.82
104.18
104.57
104.96
105.33
105.71
106.08
106.49
106.92
107.32
107.72
108.14
108.53
108.92
109.3
109.7
110.14
110.56
110.98
111.38
111.82
112.22
112.66
113.11
113.56
114.0
114.43
114.83
115.23
115.64
116.08
116.5
116.91
117.3
117.72
118.11
118.5
118.9
119.34
119.75
120.17
120.58
120.98
121.36
121.77
122.16
122.56
122.99
123.4
123.81
124.22
124.62
125.02
125.44
125.88
126.3
126.72
127.12
127.54
127.94
128.33
128.74
129.17
129.57
129.98
130.37
130.73
131.11
131.49
131.89
132.27
132.64
133.02
133.41
133.78
134.17
134.56
134.94
135.34
135.7
136.07
136.45
136.83
137.18
137.57
137.95
138.31
138.69
139.07
139.43
139.82
140.19
140.56
140.94
141.31
141.67
142.06
142.42
142.78
143.17
143.53
143.89
144.28
144.63
144.98
145.36
145.71
146.09
146.46
146.82
147.18
147.53
147.9
148.26
148.64
149.03
149.42
149.8
150.19
150.6
150.97
151.36
151.78
152.17
152.57
152.97
153.36
153.76
154.17
154.56
154.97
155.39
155.78
156.2
156.58
156.96
157.32
157.7
158.08
158.46
158.85
159.25
159.62
160.02
160.42
160.78
161.15
161.53
161.9
162.3
162.67
163.04
163.44
163.85
164.24
164.63
165.03
165.44
165.84
166.23
166.6
166.96
167.32
167.71
168.06
168.43
168.8
169.2
169.58
169.95
170.33
170.73
171.13
171.55
171.95
172.33
172.72
173.11
173.51
173.88
174.27
174.66
175.07
175.47
175.87
176.27
176.68
177.08
177.46
177.86
178.25
178.63
179.02
179.43
179.84
180.25
180.66
181.08
181.5
181.92
182.34
182.75
183.17
183.6
184.01
184.42
184.83
185.24
185.61
185.99
186.35
186.72
187.08
187.49
187.87
188.25
188.65
189.02
189.4
189.8
190.18
190.55
190.92
191.32
191.73
192.14
192.53
192.91
193.32
193.71
194.07
194.47
194.85
195.22
195.59
195.99
196.39
196.81
197.2
197.57
197.97
198.35
198.73
199.09
199.45
199.83
200.21
200.6
201.0
201.38
201.76
202.12
202.5
202.88
203.28
203.66
204.04
204.4
204.78
205.16
205.55
205.94
206.34
206.73
207.12
207.51
207.88
208.26
208.64
209.03
209.44
209.81
210.2
210.59
211.01
211.42
211.84
212.24
212.65
213.07
213.48
213.89
214.29
214.72
215.13
215.55
215.99
216.38
216.8
217.19
217.57
217.97
218.37
218.77
219.17
219.57
219.97
220.35
220.75
221.14
221.53
221.92
222.31
222.71
223.11
223.49
223.9
224.31
224.73
225.14
225.54
225.92
226.32
226.73
227.12
227.53
227.94
228.34
228.73
229.14
229.52
229.9
230.29
230.67
231.04
231.44
231.82
232.2
232.59
232.96
233.34
233.73
234.11
234.48
234.87
235.25
235.61
236.0
236.38
236.75
237.14
237.51
237.87
238.26
238.62
239.0
239.37
239.77
240.15
240.55
240.92
241.33
241.71
242.09
242.46
242.84
243.24
243.62
244.0
244.38
244.77
245.15
245.53
245.93
246.34
246.74
247.15
247.55
247.94
248.33
248.74
249.13
249.55
249.96
250.36
250.77
251.16
251.56
251.95
252.38
252.77
253.2
253.6
254.0
254.43
254.84
255.24
255.64
256.05
256.46
256.89
257.29
257.67
258.09
258.48
258.86
259.24
259.63
260.01
260.39
260.78
261.17
261.56
261.95
262.32
262.72
263.09
263.46
263.84
264.22
264.59
264.97
265.33
265.71
266.07
266.45
266.84
267.2
267.59
267.96
268.34
268.77
269.18
269.58
270.0
270.39
270.8
271.18
271.58
272.0
272.4
272.8
