0.32
0.68
1.06
1.46
1.83
2.2
2.6
2.96
3.33
3.72
4.08
4.45
4.84
5.2
5.59
5.98
6.38
6.77
7.18
7.58
7.99
8.39
8.79
9.18
9.56
9.94
10.34
10.74
11.14
11.55
11.94
12.31
12.68
13.07
13.46
13.91
14.36
14.8
15.2
15.6
15.99
16.38
16.78
17.19
17.59
17.99
18.4
18.82
19.24
19.65
20.02
20.42
20.82
21.19
21.6
22.02
22.44
22.85
23.27
23.7
24.13
24.54
24.98
25.4
25.82
26.26
26.69
27.11
27.55
27.99
28.39
28.78
29.17
29.57
30.0
30.43
30.83
31.24
31.67
32.07
32.48
32.9
33.29
33.69
34.1
34.52
34.94
35.37
35.79
36.19
36.62
37.04
37.44
37.87
38.27
38.68
39.1
39.53
39.94
40.38
40.79
41.2
41.62
42.06
42.49
42.92
43.33
43.72
44.13
44.55
44.99
45.43
45.84
46.25
46.68
47.09
47.51
47.93
48.33
48.73
49.2
49.69
50.22
50.71
51.18
51.62
52.08
52.56
53.02
53.46
53.88
54.3
54.73
55.17
55.62
56.09
56.53
56.93
57.36
57.78
58.2
58.61
59.04
59.47
59.89
60.3
60.73
61.18
61.58
61.99
62.39
62.79
63.19
63.63
64.04
64.45
64.89
65.35
65.79
66.27
66.72
67.13
67.56
67.99
68.4
68.82
69.24
69.66
70.08
70.5
70.92
71.33
71.75
72.17
72.58
72.98
73.4
73.82
74.25
74.67
75.09
75.52
75.93
76.34
76.76
77.18
77.6
78.03
78.46
78.87
79.28
79.71
80.13
80.55
80.97
81.39
81.8
82.23
82.64
83.06
83.49
83.92
84.34
84.75
85.16
85.58
85.99
86.41
86.84
87.25
87.67
88.09
88.5
88.93
89.37
89.8
90.25
90.73
91.19
91.62
92.04
92.46
92.91
93.34
93.76
94.2
94.61
95.03
95.42
95.85
96.23
96.64
97.07
97.49
97.95
98.39
98.82
99.25
99.66
100.1
100.55
101.0
101.43
101.87
102.28
102.69
103.12
103.53
103.93
104.34
104.74
105.14
105.54
105.95
106.36
106.78
107.2
107.62
108.05
108.46
108.87
109.28
109.69
110.09
110.5
110.92
111.31
111.73
112.16
112.58
113.04
113.52
113.95
114.4
114.87
115.3
115.72
116.14
116.58
117.06
117.58
118.04
118.52
118.99
119.43
119.89
120.36
120.83
121.28
121.72
122.14
122.58
123.05
123.52
123.97
124.43
124.84
125.28
125.71
126.15
126.58
127.03
127.46
127.89
128.33
128.74
129.14
129.55
129.98
130.4
130.87
131.32
131.76
132.2
132.63
133.07
133.54
133.98
134.42
134.88
135.31
135.74
136.18
136.63
137.06
137.5
137.94
138.38
138.8
139.22
139.63
140.05
140.46
140.9
141.31
141.74
142.15
142.56
142.99
143.42
143.84
144.26
144.68
145.11
145.54
145.96
146.37
146.8
147.21
147.62
148.05
148.47
148.9
149.32
149.74
150.15
150.57
150.99
151.4
151.82
152.24
152.65
153.07
153.49
153.9
154.33
154.74
155.16
155.57
155.98
156.39
156.8
157.2
157.61
158.01
158.42
158.84
159.26
159.67
160.1
160.51
160.91
161.29
161.69
162.1
162.52
162.96
163.41
163.83
164.26
164.7
165.12
165.55
165.98
166.39
166.78
167.19
167.6
168.02
168.44
168.85
169.26
169.67
170.08
170.47
170.89
171.31
171.71
172.12
172.53
172.92
173.32
173.74
174.13
174.52
174.94
175.34
175.75
176.17
176.58
177.01
177.43
177.84
178.25
178.66
179.06
179.45
179.86
180.25
180.65
181.07
181.48
181.9
182.28
182.67
183.06
183.48
183.88
184.34
184.82
185.28
185.7
186.12
186.54
186.93
187.34
187.76
188.17
188.57
188.99
189.41
189.84
190.25
190.63
191.03
191.45
191.83
192.25
192.66
193.09
193.54
193.95
194.4
194.83
195.25
195.69
196.12
196.56
197.0
197.45
197.9
198.34
198.76
199.15
199.53
199.93
200.34
200.77
201.2
201.61
202.02
202.43
202.86
203.26
203.68
204.08
204.48
204.89
205.31
205.73
206.17
206.59
206.99
207.43
207.84
208.25
208.69
209.1
209.5
209.9
210.31
210.73
211.17
211.58
211.98
212.41
212.82
213.22
213.64
214.04
214.44
214.85
215.28
215.71
216.12
216.53
216.92
217.33
217.76
218.19
218.6
219.01
219.41
219.81
220.23
220.67
221.07
221.51
221.91
222.35
222.78
223.2
223.61
224.02
224.42
224.89
225.36
225.88
226.37
226.83
227.27
227.71
228.16
228.61
229.05
229.45
229.88
230.3
230.73
231.18
231.65
232.09
232.49
232.93
233.34
233.75
234.16
234.57
234.98
235.39
235.81
236.23
236.65
237.06
237.46
237.87
238.27
238.68
239.09
239.51
239.93
240.33
240.78
241.26
241.75
242.24
242.67
243.08
243.5
243.92
244.34
244.76
245.18
245.6
246.02
246.43
246.84
247.27
247.69
248.11
248.53
248.94
249.35
249.77
250.19
250.6
251.02
251.43
251.86
252.29
252.7
253.1
253.52
253.94
254.35
254.77
255.19
255.59
256.01
256.41
256.84
257.24
257.65
258.06
258.47
258.88
259.29
259.7
260.1
260.51
260.92
261.33
261.75
262.17
262.57
263.0
263.42
263.82
264.24
264.68
265.11
265.6
266.07
266.54
266.96
267.37
267.79
268.23
268.66
269.08
269.53
269.95
270.34
270.75
271.16
271.55
271.96
272.37
272.79
273.25
273.69
274.11
274.54
274.96
275.42
275.89
276.36
276.8
277.25
277.66
278.08
278.5
278.92
279.31
279.72
280.12
280.53
280.92
281.32
281.72
282.13
282.53
282.95
283.37
283.78
284.17
284.56
284.98
285.38
285.77
286.18
286.58
286.99
287.41
287.82
288.26
288.74
289.2
289.64
290.12
290.54
290.95
291.36
291.83
292.29
292.82
