1.05
2.2
3.32
4.45
5.58
6.76
7.98
9.17
10.33
11.55
12.68
13.9
15.19
16.37
17.59
18.81
20.01
21.18
22.43
23.69
24.97
26.25
27.54
28.77
29.99
31.24
32.47
33.68
34.93
36.18
37.43
38.67
39.94
41.19
42.49
43.72
44.98
46.23
47.63
49.19
50.71
52.07
53.45
54.72
56.08
57.35
58.6
59.88
61.17
62.38
63.62
64.88
66.26
67.56
68.81
70.07
71.32
72.57
73.81
75.08
76.33
77.59
78.86
80.12
81.39
82.63
83.91
85.16
86.4
87.66
88.92
90.24
91.62
92.89
94.2
95.41
96.63
97.94
99.24
100.54
101.87
103.11
104.33
105.54
106.78
108.05
109.27
110.49
111.72
113.0
114.55
116.08
117.57
118.98
120.35
121.71
123.04
124.42
125.7
127.02
128.32
129.55
130.86
132.2
133.52
134.87
136.17
137.49
138.79
140.04
141.3
142.55
143.83
145.1
146.36
147.61
148.89
150.14
151.39
152.64
153.9
155.15
156.38
157.6
158.84
160.09
161.65
162.95
164.27
165.54
166.86
168.22
169.56
170.88
172.11
173.31
174.51
175.74
177.0
178.24
179.44
180.64
181.89
183.05
184.33
185.69
186.92
188.17
189.4
190.62
191.82
193.08
194.39
195.68
196.99
198.33
199.52
200.76
202.01
203.25
204.47
205.72
206.99
208.24
209.49
210.72
211.97
213.22
214.43
215.7
216.92
218.18
219.4
220.66
221.9
223.26
224.88
226.39
227.7
229.04
230.29
231.64
232.92
234.15
235.38
236.65
237.87
239.07
240.33
241.72
243.07
244.33
245.59
246.83
248.1
249.35
250.59
251.85
253.1
254.34
255.58
256.83
258.05
259.28
260.5
261.74
262.99
264.23
265.59
266.96
268.22
269.52
270.74
271.95
273.24
274.53
275.88
277.24
278.49
279.71
280.92
282.13
283.37
284.56
285.77
286.98
288.27
289.64
290.94
292.28
