0.98
4.83
8.7
12.49
16.18
19.73
23.06
26.63
30.37
34.47
38.49
42.29
45.5
48.79
52.59
56.49
60.32
64.11
67.13
70.03
72.82
76.05
79.39
83.18
86.97
90.8
94.71
98.46
102.22
106.0
109.88
113.61
117.25
120.79
124.49
128.18
131.91
135.28
138.76
142.23
145.82
149.1
151.77
154.18
156.68
159.92
163.6
167.92
171.71
175.19
178.29
181.91
184.88
187.51
189.99
192.39
194.77
197.09
199.84
202.22
204.87
207.68
210.7
214.22
217.76
221.25
225.17
229.42
233.03
236.49
240.49
244.84
248.86
253.06
256.64
260.22
263.15
266.2
269.78
274.13
278.51
282.48
286.62
290.89
295.26
299.4
303.65
307.59
311.5
315.48
319.67
323.3
326.94
330.77
334.36
337.94
341.53
345.19
348.9
352.93
356.17
360.2
364.57
368.39
371.93
375.65
379.24
382.95
386.67
389.91
393.44
397.1
401.01
404.58
407.82
411.5
414.92
418.57
422.96
427.14
430.91
434.56
438.02
441.2
444.79
448.69
452.22
455.73
459.81
463.78
467.34
470.98
475.25
479.36
483.45
487.47
491.3
495.37
499.43
503.36
507.67
511.55
515.41
