0.0
0.99
1.93
2.94
3.98
4.99
5.98
7.03
8.16
9.21
10.36
11.38
12.45
13.53
14.62
15.75
16.73
17.65
18.6
19.44
20.27
21.14
22.02
23.0
23.89
24.85
25.72
26.64
27.51
28.47
29.43
30.38
31.34
32.28
33.15
34.09
35.0
35.94
36.9
37.87
38.77
39.71
40.69
41.56
42.33
43.16
43.93
44.7
45.53
46.3
47.06
47.92
48.79
49.77
50.73
51.65
52.6
53.6
54.52
55.53
56.45
57.28
58.11
58.91
59.67
60.51
61.27
62.1
62.97
63.73
64.53
65.27
66.0
66.75
67.52
68.2
68.92
69.64
70.39
71.07
71.8
72.49
73.22
73.91
74.62
75.34
76.07
76.82
77.52
78.22
78.98
79.77
80.57
81.34
82.13
82.89
83.66
84.49
85.39
86.28
87.19
88.19
89.17
90.15
91.15
92.12
93.14
94.08
95.07
96.12
97.14
98.21
99.26
100.24
101.26
102.18
103.17
104.14
105.07
106.01
107.0
107.96
108.96
109.88
110.84
111.83
112.76
113.81
114.79
115.76
116.84
117.81
118.87
119.89
120.8
121.72
122.63
123.58
124.49
125.42
126.32
127.27
128.16
129.14
130.08
131.03
131.9
132.81
133.53
134.23
134.88
135.53
136.19
136.89
137.57
138.3
139.01
139.68
140.4
140.99
141.62
142.23
142.93
143.56
144.25
144.89
145.56
146.26
147.01
147.71
148.43
149.11
149.81
150.54
151.22
151.78
152.37
152.96
153.57
154.19
154.77
155.36
156.0
156.69
157.4
157.98
158.52
159.06
159.64
160.2
160.75
161.34
162.01
162.63
163.31
163.93
164.69
165.5
166.26
167.14
167.93
168.86
169.85
170.78
171.72
172.66
173.61
174.56
175.56
176.44
177.38
178.3
179.19
180.07
180.98
181.91
182.73
183.43
184.18
184.88
185.63
186.25
186.88
187.52
188.17
188.81
189.46
190.16
190.82
191.47
192.1
192.82
193.53
194.2
195.08
195.93
196.78
197.8
198.82
199.86
200.85
201.92
202.86
203.83
204.88
205.87
207.01
208.02
209.09
210.14
211.09
212.1
213.13
214.22
215.13
216.09
217.07
218.04
218.86
219.73
220.74
221.63
222.51
223.46
224.31
225.18
226.0
226.84
227.69
228.62
229.47
230.41
231.31
232.24
233.04
233.91
234.74
235.62
236.5
237.51
238.46
239.38
240.5
241.58
242.69
243.79
244.85
245.8
246.83
247.77
248.86
249.93
251.08
252.13
253.21
254.07
254.91
255.76
256.65
257.6
258.5
259.38
260.23
260.97
261.7
262.4
263.16
263.9
264.59
265.33
266.09
266.79
267.56
268.34
269.19
270.08
270.87
271.69
272.57
273.39
274.15
274.98
275.76
276.55
277.37
278.17
278.99
279.75
280.58
281.28
282.03
282.78
283.47
284.19
284.92
285.79
286.62
287.46
288.33
289.12
290.04
290.9
291.76
292.66
293.4
294.18
294.92
295.7
296.39
297.07
297.81
298.47
299.2
299.95
300.71
301.51
302.2
302.95
303.66
304.45
305.29
306.07
306.78
307.45
308.15
308.85
309.6
310.31
311.03
311.77
312.49
313.13
313.81
314.5
315.2
315.86
316.56
317.3
318.02
318.71
319.39
320.05
320.8
321.59
322.41
323.32
324.21
325.17
326.08
326.95
327.89
328.84
329.81
330.79
331.67
332.61
333.51
334.38
335.28
336.2
337.05
337.95
338.77
339.71
340.58
341.52
342.39
343.36
344.23
345.19
346.13
347.02
348.0
348.91
349.87
350.89
351.93
352.99
354.08
355.08
356.19
357.19
358.26
359.33
360.21
361.15
362.08
362.97
363.91
364.85
365.82
366.65
367.51
368.43
369.27
370.12
371.07
371.96
372.84
373.76
374.69
375.65
376.5
377.45
378.3
379.25
380.15
381.12
382.01
382.95
383.87
384.84
385.74
386.68
387.59
388.34
389.14
389.92
390.8
391.64
392.59
393.45
394.37
395.27
396.17
397.1
398.09
399.13
400.12
401.02
401.95
402.95
403.88
404.89
405.8
406.83
407.83
408.72
409.64
410.59
411.51
412.36
413.24
414.07
414.94
415.81
416.74
417.62
418.58
419.68
420.75
421.88
422.97
424.02
425.15
426.12
427.14
428.12
428.98
429.95
430.91
431.82
432.72
433.67
434.56
435.49
436.46
437.38
438.38
439.28
440.23
441.2
442.17
443.11
443.99
444.8
445.71
446.71
447.77
448.7
449.63
450.46
451.32
452.22
453.05
453.92
454.84
455.73
456.55
457.33
458.18
458.94
459.76
460.56
461.38
462.14
462.92
463.78
464.72
465.64
466.57
467.36
468.19
469.03
470.0
470.99
472.07
473.21
474.3
475.27
476.35
477.32
478.37
479.37
480.38
481.4
482.38
483.45
484.54
485.5
486.45
487.47
488.41
489.4
490.34
491.3
492.21
493.13
494.25
495.32
496.35
497.4
498.51
499.44
500.34
501.35
502.37
503.4
504.38
505.02
505.72
506.36
507.03
507.68
508.3
508.97
509.64
510.24
510.82
511.43
512.05
512.63
513.22
513.82
514.45
515.05
515.65
516.23
516.89
517.57
518.24
518.82
519.4
519.99
520.54
521.12
521.7
