0.99
4.06
7.14
10.08
13.18
15.83
18.21
20.64
23.36
26.43
29.96
33.86
37.88
42.2
46.04
49.66
53.38
56.45
59.96
63.72
67.46
71.4
75.01
78.63
82.32
86.03
90.38
94.69
98.94
102.86
106.48
110.34
113.88
117.39
120.51
123.05
125.33
127.76
130.14
132.33
134.61
136.9
139.4
142.22
144.99
147.59
150.11
152.58
154.78
156.89
159.07
161.43
163.64
166.08
168.64
171.19
173.71
176.25
178.77
181.45
184.19
187.59
191.35
194.87
198.58
202.7
206.86
211.17
214.9
218.53
222.63
225.9
228.75
231.77
234.58
237.31
240.01
242.99
246.19
249.62
253.3
256.73
260.15
263.62
267.26
270.57
274.21
277.51
280.74
284.37
288.5
292.51
296.22
300.04
304.35
308.58
312.94
316.84
320.28
323.74
327.14
330.61
334.49
338.07
341.78
345.48
349.2
352.97
356.67
360.15
363.53
367.31
370.68
374.31
378.32
382.66
386.73
390.48
393.9
397.48
401.15
404.81
408.31
411.88
415.6
419.3
422.91
426.38
429.88
433.56
437.35
441.38
445.31
449.61
453.65
457.87
462.12
465.97
469.23
472.79
476.61
480.53
484.55
