1.0
2.07
2.94
3.75
4.58
5.41
6.32
7.14
8.0
8.9
9.71
10.7
11.65
12.56
13.55
14.53
15.53
16.47
17.37
18.22
19.15
20.05
20.99
21.91
22.82
23.66
24.55
25.51
26.41
27.31
28.17
29.08
29.97
30.95
31.86
32.9
33.86
34.85
35.8
36.78
37.83
38.95
39.97
41.04
42.19
43.26
44.29
45.39
46.41
47.46
48.61
49.66
50.61
51.6
52.48
53.45
54.37
55.19
56.08
56.89
57.77
58.58
59.42
60.32
61.12
62.02
62.93
63.76
64.64
65.61
66.5
67.47
68.38
69.38
70.41
71.41
72.31
73.19
74.1
75.01
75.88
76.81
77.68
78.64
79.52
80.47
81.19
81.98
82.69
83.47
84.24
84.99
85.71
86.38
87.11
87.81
88.52
89.22
89.96
90.71
91.49
92.23
92.97
93.69
94.43
95.18
95.96
96.67
97.45
98.18
98.95
99.69
100.42
101.22
101.97
102.85
103.72
104.57
105.5
106.48
107.51
108.51
109.46
110.35
111.25
112.12
113.01
113.89
114.75
115.66
116.52
117.4
118.2
119.02
119.83
120.52
121.21
121.89
122.54
123.06
123.61
124.2
124.77
125.34
125.93
126.54
127.17
127.76
128.36
128.98
129.6
130.15
130.67
131.22
131.79
132.34
132.87
133.44
134.01
134.62
135.22
135.81
136.34
136.9
137.46
138.06
138.68
139.28
139.85
140.47
141.13
141.73
142.4
143.04
143.66
144.34
144.99
145.7
146.33
147.02
147.61
148.23
148.87
149.48
150.11
150.74
151.33
151.97
152.59
153.15
153.67
154.24
154.79
155.32
155.84
156.38
156.9
157.44
158.01
158.52
159.07
159.64
160.25
160.85
161.44
161.99
162.55
163.1
163.65
164.23
164.83
165.44
166.1
166.75
167.36
168.0
168.65
169.29
169.95
170.57
171.19
171.83
172.46
173.1
173.72
174.34
175.0
175.63
176.25
176.89
177.49
178.15
178.78
179.45
180.08
180.75
181.47
182.11
182.79
183.48
184.19
184.85
185.46
186.05
186.69
187.28
187.9
188.52
189.17
189.93
190.67
191.36
192.25
193.13
194.01
194.87
195.82
196.78
197.66
198.62
199.68
200.68
201.66
202.72
203.67
204.73
205.74
206.86
207.97
208.98
210.06
211.17
212.24
213.15
214.04
214.91
215.77
216.61
217.51
218.27
219.05
219.84
220.65
221.42
222.16
222.89
223.62
224.4
225.18
225.9
226.59
227.32
228.03
228.75
229.53
230.29
231.08
231.78
232.51
233.2
233.87
234.59
235.3
236.01
236.68
237.32
237.98
238.67
239.32
240.02
240.75
241.46
242.19
243.0
243.78
244.61
245.41
246.2
247.07
247.94
248.79
249.63
250.47
251.42
252.35
253.31
254.11
254.92
255.87
256.74
257.66
258.56
259.48
260.16
260.87
261.48
262.05
262.65
263.26
263.9
264.51
265.11
265.68
266.28
266.88
267.48
268.09
268.66
269.18
269.73
270.29
270.89
271.5
272.08
272.59
273.14
273.67
274.22
274.75
275.32
275.86
276.37
276.92
277.5
278.03
278.57
279.08
279.61
280.16
280.75
281.29
281.9
282.55
283.16
283.76
284.38
285.1
285.78
286.42
287.12
287.79
288.51
289.28
290.11
290.92
291.76
292.66
293.54
294.39
295.26
296.23
297.19
298.13
299.08
300.04
301.13
302.24
303.31
304.35
305.4
306.41
307.55
308.6
309.62
310.65
311.48
312.34
313.2
314.1
314.83
315.64
316.37
317.18
317.95
318.68
319.47
320.28
321.14
322.0
322.89
323.74
324.56
325.4
326.28
327.14
327.93
328.77
329.72
330.63
331.6
332.6
333.52
334.49
335.43
336.4
337.37
338.33
339.32
340.24
341.18
342.12
343.03
344.07
345.0
345.99
347.03
348.05
349.06
349.98
350.96
351.89
352.78
353.68
354.58
355.48
356.37
357.24
358.13
359.0
359.86
360.68
361.53
362.34
363.18
363.96
364.76
365.64
366.43
367.31
368.11
368.98
369.8
370.68
371.49
372.32
373.37
374.32
375.26
376.17
377.16
378.05
378.88
379.7
380.49
381.26
382.03
382.89
383.67
384.49
385.29
386.03
386.73
387.44
388.19
388.89
389.61
390.28
390.95
391.63
392.26
392.87
393.52
394.15
394.79
395.39
396.1
396.81
397.49
398.15
398.87
399.53
400.3
401.16
402.05
402.97
403.87
404.82
405.75
406.59
407.47
408.31
409.11
410.01
410.97
411.89
412.79
413.73
414.63
415.6
416.49
417.45
418.36
419.3
420.24
421.22
422.2
423.23
424.15
424.98
425.82
426.64
427.54
428.38
429.28
430.29
431.24
432.29
433.26
434.24
435.29
436.15
437.06
437.91
438.88
439.85
440.91
441.98
442.97
443.9
444.85
445.82
446.84
447.79
448.7
449.61
450.58
451.61
452.58
453.65
454.65
455.64
456.75
457.88
458.94
460.02
461.06
462.13
463.15
464.18
465.05
465.98
466.92
467.82
468.68
469.58
470.49
471.38
472.29
473.23
474.23
475.15
476.13
477.02
477.98
478.92
479.92
480.88
481.82
482.84
483.82
484.89
485.96
487.08
