0.3
1.02
1.78
2.51
3.26
3.96
4.72
5.36
6.02
6.7
7.31
7.92
8.55
9.18
9.83
10.57
11.29
11.96
12.69
13.39
14.05
14.67
15.31
15.97
16.6
17.27
17.93
18.62
19.26
19.92
20.6
21.24
21.89
22.56
23.26
23.95
24.66
25.26
25.89
26.55
27.16
27.78
28.37
28.98
29.6
30.25
30.93
31.61
32.34
33.01
33.59
34.21
34.82
35.39
36.0
36.69
37.32
37.95
38.66
39.37
40.13
40.82
41.44
42.09
42.74
43.39
44.02
44.68
45.33
46.02
46.68
47.41
48.16
48.91
49.69
50.43
51.22
51.87
52.55
53.25
53.95
54.59
55.29
56.0
56.67
57.36
58.1
58.85
59.6
60.42
61.16
61.94
62.74
63.52
64.21
64.96
65.71
66.59
67.51
68.49
69.45
70.44
71.32
72.13
72.95
73.75
74.46
75.16
75.86
76.6
77.31
77.99
78.7
79.42
80.16
80.84
81.57
82.19
82.83
83.57
84.44
85.29
86.12
87.11
87.99
88.88
89.75
90.61
91.44
92.26
93.11
93.95
94.83
95.76
96.6
97.42
98.29
99.12
99.88
100.66
101.46
102.36
103.25
104.07
104.95
105.82
106.72
107.65
108.64
109.64
110.7
111.58
112.46
113.36
114.32
115.19
116.11
117.08
117.86
118.66
119.44
120.11
120.85
121.51
122.21
122.95
123.58
124.21
124.89
125.52
126.18
126.79
127.38
127.98
128.59
129.23
129.82
130.44
131.08
131.69
132.24
132.78
133.35
133.92
134.51
135.05
135.64
136.24
136.82
137.46
138.1
138.73
139.41
140.05
140.73
141.43
142.14
142.8
143.54
144.21
144.95
145.64
146.26
146.89
147.52
148.19
148.8
149.45
150.13
150.82
151.48
152.19
152.88
153.52
154.2
154.92
155.56
156.21
156.81
157.42
158.02
158.64
159.27
159.9
160.56
161.28
162.06
162.91
163.88
164.83
165.81
166.8
167.77
168.74
169.65
170.61
171.58
172.55
173.6
174.61
175.62
176.59
177.52
178.44
179.32
180.24
181.18
182.17
183.1
184.11
185.16
186.13
187.09
188.01
188.85
189.76
190.66
191.6
192.58
193.47
194.29
195.1
195.96
196.87
197.87
199.0
200.11
201.11
202.08
203.08
204.11
205.08
205.98
206.94
207.94
208.9
209.9
210.92
211.8
212.72
213.63
214.59
215.49
216.34
217.17
218.1
219.0
219.94
220.85
221.77
222.55
223.39
224.14
224.98
225.95
226.88
227.85
228.77
229.78
230.7
231.71
232.66
233.66
234.53
235.43
236.27
237.09
237.87
238.75
239.72
240.68
241.71
242.62
243.63
244.59
245.62
246.59
247.58
248.51
249.43
250.44
251.47
252.55
253.56
254.62
255.57
256.34
257.16
258.01
258.74
259.52
260.24
260.89
261.56
262.34
263.08
263.95
264.74
265.55
266.38
267.16
267.96
268.69
269.44
270.27
271.1
272.06
273.05
274.01
274.94
275.76
276.57
277.44
278.24
279.05
279.83
280.6
281.4
282.3
283.11
283.95
284.89
285.83
286.69
287.63
288.51
289.29
290.11
291.11
292.0
292.95
293.91
294.81
295.78
296.55
297.4
298.2
299.08
299.94
300.84
301.6
302.36
303.11
303.91
304.73
305.51
306.34
307.12
307.91
308.71
309.62
310.56
311.48
312.35
313.26
314.16
315.09
316.06
316.98
317.88
318.82
319.77
320.79
321.75
322.74
323.79
324.81
325.83
326.89
327.99
328.99
330.13
331.01
331.94
332.84
333.81
334.67
335.65
336.65
337.65
338.6
339.6
340.66
341.65
342.58
343.51
344.49
345.4
346.39
347.42
348.44
349.49
350.45
351.49
352.46
353.45
354.42
355.38
356.38
357.3
358.34
359.4
360.4
361.44
362.52
363.59
364.59
365.46
366.4
367.35
368.34
369.27
370.27
371.2
372.14
373.08
374.04
375.1
376.09
377.09
377.94
378.84
379.78
380.63
381.46
382.34
383.3
384.22
385.06
385.88
386.71
387.64
388.54
389.57
390.52
391.36
392.24
393.16
394.15
395.08
395.98
396.89
397.87
398.85
399.79
400.8
401.84
402.9
403.92
404.92
405.92
407.02
408.1
409.16
410.19
411.3
412.4
413.43
414.54
415.67
416.59
417.57
418.5
419.49
420.44
421.42
422.33
423.31
424.24
425.22
426.16
427.18
428.11
429.24
430.31
431.37
432.47
433.6
434.69
435.52
436.33
437.25
438.2
439.23
440.17
441.21
442.15
443.16
444.16
445.12
446.17
447.21
448.27
449.2
450.18
451.03
451.86
452.82
453.72
454.7
455.71
456.75
457.75
458.82
459.79
460.87
461.88
462.89
463.95
465.06
466.09
467.06
467.92
468.81
469.77
470.7
471.61
472.4
473.23
474.04
474.86
475.7
476.55
477.44
478.38
479.32
480.33
481.27
482.1
482.97
483.82
484.6
485.43
486.28
487.16
487.99
488.82
489.73
490.54
491.43
492.29
493.12
494.03
494.88
495.72
496.56
497.27
497.98
498.74
499.46
500.16
