2.5
6.07
9.83
12.67
15.34
17.91
20.59
23.26
25.89
28.35
30.93
33.58
36.01
38.66
41.75
45.57
48.5
51.85
55.45
59.18
62.74
65.7
69.45
73.28
76.98
80.16
82.83
86.12
89.72
93.38
97.3
101.21
104.94
109.09
113.27
117.09
120.84
124.54
128.32
132.0
135.96
139.79
143.85
148.19
151.72
154.68
157.1
159.58
162.05
164.51
167.09
169.84
172.56
175.3
177.83
180.24
182.74
185.45
188.15
191.59
195.1
198.98
203.07
206.94
210.95
214.58
218.1
221.77
224.97
228.77
232.65
236.26
239.71
243.62
247.57
251.46
255.28
258.98
262.33
265.54
268.68
272.05
275.75
279.04
282.28
285.82
289.28
292.94
296.55
299.94
303.07
306.69
310.56
314.13
317.86
321.74
325.82
330.12
333.8
337.91
341.99
345.68
349.33
353.03
357.03
360.66
363.98
367.58
371.2
375.09
379.08
382.7
386.24
390.06
393.92
397.87
401.83
405.91
409.41
413.43
417.56
421.71
426.09
430.31
434.68
438.19
442.15
446.16
450.17
453.71
457.74
461.87
466.08
469.77
473.22
476.54
480.28
483.8
487.15
490.62
494.02
