0.98
4.43
7.56
10.25
12.86
15.57
18.39
21.23
24.16
27.2
30.23
32.97
35.88
38.77
41.58
44.53
47.7
50.92
53.91
56.87
59.79
62.8
66.39
70.32
73.54
76.6
79.66
82.64
85.47
88.33
91.2
94.33
97.85
101.38
104.74
108.54
111.94
115.05
117.89
120.66
123.55
126.36
129.24
132.03
135.0
137.91
140.79
143.64
146.47
149.45
152.6
156.63
160.96
165.35
169.51
173.04
176.24
179.84
183.55
187.17
191.19
194.83
198.63
202.35
206.2
209.82
213.5
217.35
221.38
225.25
229.03
233.01
236.85
240.35
243.88
247.43
250.8
254.17
257.61
261.22
264.8
268.27
271.32
274.64
277.09
279.44
281.78
284.1
286.37
288.54
290.87
293.34
295.84
298.39
300.72
302.97
305.52
308.27
310.77
313.17
315.63
318.03
320.56
322.97
325.5
328.5
331.63
334.58
337.66
340.62
343.61
346.9
350.59
354.84
359.08
363.26
367.45
371.5
375.41
379.1
382.91
386.26
388.83
391.38
394.07
396.65
399.15
401.66
404.26
406.94
409.9
412.48
415.11
418.05
421.16
424.73
428.19
432.3
436.24
440.06
444.11
447.7
451.48
455.19
458.72
462.26
465.87
469.76
473.48
477.07
480.86
484.72
488.48
492.35
496.3
500.31
504.14
507.63
510.33
512.54
514.95
517.46
520.03
522.73
526.25
530.35
534.24
