0.99
1.87
2.7
3.54
4.4
5.3
6.02
6.79
7.56
8.29
8.96
9.61
10.26
10.91
11.57
12.01
12.47
12.95
13.37
13.77
14.19
14.61
15.05
15.45
15.88
16.31
16.71
17.14
17.57
17.96
18.39
18.75
19.11
19.45
19.81
20.17
20.53
20.89
21.26
21.63
22.0
22.39
22.76
23.12
23.47
23.82
24.18
24.55
24.92
25.28
25.65
26.03
26.42
26.83
27.21
27.59
28.0
28.39
28.77
29.14
29.51
29.86
30.23
30.57
30.94
31.28
31.62
31.94
32.28
32.62
32.98
33.34
33.7
34.07
34.42
34.77
35.13
35.5
35.89
36.26
36.61
36.96
37.33
37.69
38.06
38.42
38.78
39.13
39.47
39.84
40.19
40.52
40.87
41.22
41.58
41.95
42.3
42.67
43.05
43.42
43.79
44.17
44.55
44.95
45.31
45.71
46.07
46.46
46.85
47.23
47.58
47.93
48.28
48.62
48.98
49.36
49.74
50.14
50.51
50.9
51.28
51.65
52.0
52.37
52.75
53.12
53.52
53.9
54.28
54.64
55.02
55.4
55.78
56.15
56.52
56.89
57.27
57.65
57.99
58.36
58.73
59.08
59.44
59.79
60.16
60.55
60.91
61.29
61.65
62.02
62.4
62.8
63.22
63.62
64.08
64.53
64.96
65.42
65.89
66.36
66.82
67.28
67.72
68.18
68.66
69.08
69.54
69.94
70.32
70.72
71.13
71.54
71.92
72.34
72.74
73.12
73.54
73.93
74.32
74.74
75.1
75.46
75.83
76.22
76.61
76.97
77.36
77.73
78.11
78.51
78.91
79.28
79.67
80.08
80.47
80.84
81.21
81.58
81.93
82.31
82.65
83.01
83.34
83.71
84.04
84.39
84.75
85.11
85.48
85.84
86.19
86.56
86.93
87.27
87.65
88.01
88.34
88.71
89.06
89.4
89.74
90.09
90.45
90.83
91.19
91.55
91.89
92.27
92.68
93.12
93.52
93.96
94.37
94.81
95.26
95.71
96.15
96.59
97.01
97.45
97.89
98.35
98.8
99.28
99.74
100.18
100.64
101.19
101.71
102.21
102.72
103.26
103.78
104.28
104.74
105.22
105.72
106.18
106.66
107.14
107.62
108.1
108.58
109.08
109.53
109.99
110.42
110.87
111.32
111.77
112.24
112.67
113.06
113.47
113.9
114.31
114.67
115.03
115.38
115.75
116.11
116.46
116.82
117.19
117.53
117.9
118.27
118.62
118.95
119.28
119.63
119.96
120.31
120.67
121.03
121.36
121.71
122.08
122.43
122.77
123.13
123.51
123.87
124.22
124.58
124.95
125.31
125.67
126.01
126.37
126.73
127.11
127.46
127.81
128.18
128.53
128.91
129.25
129.61
129.97
130.34
130.71
131.06
131.42
131.75
132.1
132.47
132.8
133.15
133.54
133.9
134.27
134.63
135.0
135.37
135.74
136.13
136.49
136.86
137.2
137.57
137.92
138.27
138.62
139.0
139.34
139.71
140.06
140.42
140.8
141.16
141.51
141.87
142.23
142.58
142.94
143.29
143.64
143.97
144.33
144.67
145.03
145.41
145.77
146.12
146.47
146.81
147.16
147.51
147.87
148.23
148.62
149.02
149.44
149.82
150.24
150.62
151.02
151.43
151.83
152.23
152.62
153.04
153.46
153.9
154.32
154.74
155.16
155.56
156.0
156.42
156.82
157.26
157.63
157.99
158.37
158.73
159.09
159.48
159.83
160.21
160.59
160.96
161.36
161.71
162.08
162.46
162.83
163.19
163.55
163.89
164.27
164.61
164.97
165.35
165.73
166.08
166.46
166.84
167.19
167.58
167.95
168.3
168.7
169.08
169.51
169.96
170.43
170.88
171.31
171.76
172.26
172.78
173.32
173.84
174.35
174.88
175.42
175.96
176.54
177.11
177.67
178.31
178.92
179.54
180.14
180.74
181.32
181.91
182.54
183.21
183.84
184.47
185.1
185.74
186.41
187.05
187.67
188.28
188.91
189.56
190.21
190.87
191.52
192.15
192.76
193.35
193.97
194.54
195.12
195.71
196.31
196.91
197.49
198.07
198.66
199.28
199.87
200.51
201.13
201.72
202.36
203.0
203.69
204.32
204.91
205.47
206.0
206.55
207.15
207.71
208.31
208.9
209.5
210.1
210.68
211.26
211.84
212.46
213.09
213.78
214.43
215.07
215.72
216.34
216.99
217.7
218.39
219.1
219.74
220.38
221.04
221.73
222.37
222.98
223.59
224.2
224.88
225.6
226.25
226.85
227.47
228.09
228.72
229.36
229.97
230.6
231.29
231.96
232.67
233.34
234.01
234.58
235.12
235.71
236.27
236.86
237.41
237.98
238.55
239.11
239.68
240.36
241.03
241.6
242.19
242.76
243.34
243.91
244.53
245.12
245.7
246.26
246.85
247.44
248.02
248.58
249.11
249.68
250.24
250.8
251.39
251.95
252.53
253.1
253.69
254.29
254.92
255.49
256.12
256.7
257.31
257.89
258.52
259.12
259.72
260.32
260.89
261.52
262.09
262.72
263.29
263.89
264.49
265.12
265.74
266.32
266.93
267.54
268.18
268.76
269.38
269.98
270.61
271.31
271.96
272.64
273.33
274.02
274.65
275.27
275.88
276.53
277.11
277.74
278.32
278.87
279.44
280.0
280.59
281.21
281.79
282.35
282.92
283.5
284.1
284.67
285.24
285.8
286.37
286.94
287.55
288.2
288.82
289.37
289.96
290.55
291.13
291.68
292.21
292.76
293.32
293.97
294.6
295.21
295.85
296.5
297.1
297.74
298.39
299.05
299.61
300.17
300.73
301.28
301.87
302.42
302.97
303.6
304.18
304.79
305.52
306.18
306.89
307.61
308.27
308.91
309.6
310.17
310.77
311.35
311.93
312.56
313.31
314.05
314.77
315.51
316.25
317.01
317.72
318.5
319.29
320.11
320.96
321.78
322.6
323.37
324.2
324.83
325.51
326.21
326.99
327.75
328.51
329.15
329.82
330.53
331.27
332.09
332.94
333.73
334.57
335.35
336.09
336.89
337.67
338.45
339.2
339.93
340.62
341.4
342.13
342.84
343.62
344.34
345.09
346.03
346.91
347.76
348.7
349.69
350.6
351.57
352.44
353.41
354.28
355.24
356.25
357.3
358.36
359.51
360.55
361.66
362.76
363.67
364.59
365.55
366.5
367.46
368.42
369.43
370.43
371.5
372.56
373.56
374.54
375.36
376.22
377.12
377.94
378.81
379.64
380.45
381.28
382.15
382.9
383.53
384.23
384.87
385.55
386.27
386.94
387.56
388.2
388.84
389.47
390.14
390.76
391.39
392.02
392.66
393.3
393.88
394.51
395.11
395.73
396.35
396.96
397.59
398.24
398.85
399.49
400.11
400.74
401.41
402.05
402.69
403.33
403.94
404.59
405.25
405.96
406.61
407.24
407.92
408.54
409.2
409.91
410.58
411.21
411.84
412.49
413.25
413.95
414.67
415.4
416.16
416.89
417.65
418.53
419.36
420.25
421.16
422.01
422.92
423.86
424.73
425.56
426.47
427.46
428.42
429.36
430.31
431.21
432.31
433.36
434.29
435.23
436.25
437.19
438.09
439.11
440.07
441.08
442.01
443.03
444.12
445.1
445.95
446.82
447.7
448.56
449.58
450.56
451.48
452.42
453.32
454.3
455.2
456.01
456.92
457.86
458.72
459.69
460.56
461.51
462.45
463.35
464.31
465.25
466.21
467.15
468.09
469.14
470.12
471.13
472.09
473.16
474.17
475.21
476.26
477.25
478.21
479.19
480.22
481.21
482.19
483.09
484.04
485.01
485.97
486.84
487.73
488.49
489.3
490.17
490.99
491.78
492.58
493.48
494.39
495.35
496.31
497.2
498.03
498.82
499.67
500.38
501.12
501.88
502.61
503.32
504.09
504.78
505.52
506.28
506.96
507.72
508.41
509.13
509.81
510.34
510.89
511.46
511.98
512.54
513.12
513.73
514.38
515.0
515.59
516.22
516.83
517.47
518.04
518.61
519.21
519.77
520.39
520.96
521.54
522.14
522.75
523.37
523.96
524.51
525.08
525.65
526.25
526.72
527.24
527.71
528.18
528.68
529.14
529.64
530.11
530.55
531.03
531.49
531.95
532.39
532.85
533.32
533.77
534.24
534.72
535.2
535.67
536.14
536.61
537.06
537.53
538.01
538.48
538.94
539.41
539.89
540.35
540.82
