0.23
1.03
1.79
2.55
3.37
4.14
4.99
5.85
6.73
7.7
8.59
9.58
10.58
11.72
12.74
13.83
14.97
16.07
17.12
18.24
19.27
20.34
21.37
22.47
23.46
24.49
25.49
26.51
27.56
28.62
29.6
30.65
31.62
32.67
33.81
34.86
35.98
37.03
37.95
38.89
39.86
40.73
41.64
42.54
43.46
44.36
45.3
46.31
47.34
48.3
49.33
50.29
51.31
52.3
53.34
54.33
55.39
56.47
57.57
58.68
59.79
60.89
61.86
62.93
63.89
64.91
65.87
66.81
67.78
68.73
69.63
70.56
71.52
72.39
73.22
74.06
74.86
75.65
76.49
77.21
77.87
78.59
79.23
79.94
80.64
81.42
82.13
82.91
83.62
84.39
85.1
85.81
86.54
87.24
88.0
88.71
89.39
90.06
90.74
91.37
92.01
92.68
93.29
93.93
94.6
95.21
95.87
96.57
97.23
97.86
98.52
99.23
99.88
100.55
101.29
101.98
102.65
103.36
104.09
104.75
105.49
106.18
106.89
107.56
108.28
108.97
109.59
110.2
110.83
111.49
112.1
112.72
113.36
114.0
114.61
115.27
115.88
116.53
117.16
117.76
118.39
119.02
119.74
120.49
121.19
121.9
122.64
123.38
124.08
124.81
125.6
126.42
127.2
127.98
128.67
129.38
130.08
130.81
131.53
132.33
133.15
134.01
134.82
135.78
136.7
137.68
138.68
139.65
140.62
141.36
142.16
142.84
143.55
144.21
144.9
145.61
146.35
147.06
147.82
148.46
149.05
149.68
150.36
151.01
151.63
152.31
152.93
153.57
154.24
154.85
155.44
156.04
156.67
157.3
157.91
158.53
159.14
159.78
160.45
161.06
161.7
162.4
163.14
163.92
164.65
165.33
166.04
166.77
167.48
168.2
168.88
169.59
170.35
171.13
171.83
172.61
173.33
174.04
174.72
175.43
176.15
176.81
177.51
178.26
178.97
179.64
180.38
181.06
181.81
182.72
183.63
184.5
185.39
186.26
187.12
188.02
188.85
189.68
190.66
191.78
192.89
193.95
195.02
195.97
196.93
197.95
198.95
199.92
200.93
202.02
202.99
204.02
205.09
206.08
207.07
208.15
209.11
210.16
211.22
212.12
213.11
214.0
214.95
215.84
216.71
217.49
218.28
219.14
219.95
220.78
221.63
222.5
223.43
224.38
225.41
226.37
227.29
228.22
229.12
230.03
231.03
231.94
232.97
234.03
235.07
236.01
237.01
238.0
238.89
239.75
240.65
241.57
242.51
243.38
244.24
245.14
246.06
246.91
247.81
248.64
249.48
250.3
251.08
251.98
252.85
253.76
254.6
255.5
256.36
257.27
258.07
258.91
259.77
260.62
261.48
262.25
263.1
263.91
264.73
265.49
266.29
267.1
267.87
268.67
269.42
270.21
271.0
271.71
272.46
273.26
273.98
274.78
275.58
276.34
277.13
277.89
278.77
279.71
280.66
281.59
282.56
283.5
284.39
285.35
286.38
287.51
288.59
289.56
290.48
291.43
292.41
293.3
294.25
295.14
296.0
296.92
297.9
298.83
299.93
300.91
302.01
303.11
304.11
305.22
306.26
307.15
308.07
309.11
310.1
311.13
312.08
313.01
314.01
314.91
315.82
316.69
317.49
318.35
319.12
319.9
320.71
321.51
322.22
322.94
323.71
324.4
325.2
325.96
326.7
327.37
328.07
328.71
329.32
329.92
330.55
331.17
331.81
332.4
333.04
333.69
334.3
334.94
335.66
336.34
337.07
337.74
338.47
339.2
339.95
340.73
341.6
342.41
343.28
344.1
345.15
346.13
347.1
348.12
349.14
350.25
351.28
352.33
353.45
354.44
355.49
356.56
357.71
358.67
359.7
360.71
361.79
362.75
363.77
364.7
365.64
366.61
367.62
368.59
369.54
370.45
371.44
372.34
373.42
374.48
375.59
376.49
377.4
378.45
379.51
380.56
381.56
382.65
383.58
384.56
385.51
386.5
387.48
388.42
389.38
390.43
391.53
392.56
393.57
394.64
395.61
396.63
397.63
398.64
399.65
400.62
401.51
402.37
403.16
403.98
404.81
405.58
406.43
407.28
408.1
408.99
409.8
410.63
411.42
412.26
413.14
414.04
414.9
415.76
416.62
417.46
418.32
419.17
420.05
420.85
421.72
422.58
423.4
424.27
425.03
425.84
426.7
427.5
428.45
429.39
430.33
431.24
432.19
433.06
434.01
434.91
435.63
436.41
437.15
437.88
438.66
439.42
440.13
440.81
441.54
442.26
442.94
443.62
444.35
445.07
445.77
446.43
447.09
447.75
448.42
449.1
449.75
450.39
451.06
451.78
452.45
453.12
453.84
454.49
455.14
455.82
456.52
457.27
458.11
458.89
459.71
460.48
461.27
462.15
462.98
463.82
464.73
465.54
466.38
467.27
468.11
468.93
469.77
470.65
471.44
472.24
473.06
473.83
474.65
475.48
476.36
477.35
478.13
478.95
479.8
480.59
481.41
482.27
483.11
483.94
484.75
485.56
486.45
487.3
488.27
489.25
490.28
491.35
492.41
493.52
494.63
495.68
496.75
497.78
498.85
499.95
500.99
502.02
503.03
504.15
505.18
506.29
507.4
508.4
509.4
510.47
511.53
512.59
513.66
514.66
515.77
516.78
517.85
518.94
520.04
521.13
522.23
523.36
524.43
525.47
526.59
527.63
528.73
529.8
530.77
531.84
532.91
533.94
534.93
536.01
537.07
538.09
539.17
540.19
541.16
542.08
543.07
544.0
544.92
545.9
546.84
547.77
548.71
549.66
550.62
551.55
552.46
553.43
554.4
555.33
556.31
