2.55
5.84
9.57
13.83
18.23
22.46
26.49
30.65
34.51
38.29
42.36
46.3
50.28
54.33
58.67
62.92
66.81
70.55
74.05
77.2
79.93
82.9
86.74
90.42
93.88
97.23
101.07
105.02
108.96
112.8
116.53
120.49
124.8
128.66
132.1
135.78
139.64
143.55
147.48
151.32
155.13
159.11
162.97
166.76
170.26
173.74
177.28
181.03
184.5
188.02
191.77
195.97
199.93
204.01
208.14
212.12
215.82
219.13
222.49
225.68
228.78
231.94
235.06
238.31
241.93
245.39
248.42
251.59
254.6
257.97
261.46
264.72
268.11
272.23
275.95
279.7
283.49
287.51
291.6
295.1
298.83
303.1
307.15
311.13
314.87
318.35
321.5
324.62
328.3
332.08
335.65
339.19
342.4
346.12
350.27
354.43
358.65
362.74
366.6
370.44
374.48
378.44
382.65
386.49
390.43
394.63
398.63
402.75
406.43
409.79
413.14
416.61
420.04
423.4
426.69
430.32
434.0
437.15
440.12
442.93
445.77
448.41
451.05
454.48
458.18
462.14
465.54
468.92
472.23
475.48
479.25
482.85
486.44
490.28
494.62
498.84
502.37
505.92
509.39
512.6
515.77
518.93
522.23
526.58
530.21
533.43
536.47
539.74
542.89
546.04
549.08
551.8
