1.05
2.35
3.62
4.95
6.31
7.6
8.84
10.12
11.36
12.68
13.98
15.4
16.77
18.15
19.34
20.64
21.96
23.25
24.56
25.82
27.15
28.54
29.92
31.23
32.51
33.91
35.17
36.51
37.86
39.21
40.56
41.86
43.13
44.47
45.82
47.21
48.84
50.22
51.49
52.78
54.16
55.54
56.82
58.16
59.54
60.97
62.42
63.87
65.42
66.86
68.34
69.79
71.14
72.47
73.84
75.17
76.36
77.59
79.0
80.33
81.76
83.15
84.51
85.89
87.26
88.54
89.9
91.34
92.76
94.1
95.42
96.83
98.22
99.59
101.01
102.4
103.8
105.2
106.55
107.91
109.19
110.55
111.89
113.18
114.6
115.96
117.28
118.62
119.93
121.29
122.64
124.0
125.4
126.81
128.25
129.71
131.12
132.51
133.88
135.27
136.6
137.9
139.24
140.7
142.0
143.4
144.79
146.13
147.44
148.72
150.04
151.37
152.7
154.01
155.37
156.68
158.03
159.41
160.76
162.07
163.36
164.7
166.0
167.42
168.79
170.28
171.74
173.15
174.39
175.73
177.08
178.39
179.75
181.1
182.37
183.74
185.05
186.31
187.7
189.08
190.35
191.74
193.14
194.48
195.78
197.19
198.61
200.02
201.39
202.7
204.13
205.53
206.92
208.38
209.78
211.17
212.57
213.89
215.28
216.63
217.93
219.25
220.61
221.96
223.28
224.55
225.88
227.19
228.53
229.91
231.31
232.89
234.31
235.69
237.07
238.45
239.83
241.2
242.57
243.98
245.56
247.27
249.18
251.37
