0.19
0.62
1.06
1.48
1.91
2.36
2.79
3.22
3.65
4.07
4.5
4.95
5.39
5.85
6.31
6.76
7.18
7.61
8.01
8.43
8.85
9.29
9.71
10.13
10.53
10.96
11.37
11.79
12.23
12.69
13.13
13.55
14.0
14.46
14.92
15.4
15.86
16.3
16.77
17.23
17.69
18.15
18.57
18.96
19.37
19.78
20.19
20.65
21.08
21.51
21.97
22.41
22.84
23.26
23.68
24.12
24.56
24.99
25.4
25.83
26.26
26.71
27.15
27.61
28.07
28.55
29.0
29.45
29.93
30.38
30.79
31.23
31.67
32.08
32.53
32.98
33.45
33.9
34.33
34.74
35.17
35.6
36.05
36.52
36.97
37.42
37.87
38.3
38.75
39.21
39.66
40.11
40.57
41.0
41.44
41.87
42.27
42.69
43.13
43.57
44.03
44.47
44.91
45.36
45.83
46.29
46.75
47.21
47.64
48.05
48.48
48.91
49.34
49.78
50.22
50.63
51.06
51.49
51.94
52.37
52.78
53.21
53.68
54.16
54.63
55.1
55.55
55.97
56.39
56.83
57.26
57.7
58.16
58.64
59.1
59.54
60.01
60.49
60.97
61.48
61.94
62.43
62.92
63.41
63.9
64.42
64.92
65.42
65.91
66.38
66.86
67.37
67.86
68.34
68.82
69.32
69.8
70.24
70.68
71.15
71.6
72.05
72.48
72.95
73.38
73.84
74.28
74.75
75.18
75.66
76.14
76.62
77.12
77.6
78.05
78.53
79.01
79.46
79.9
80.34
80.81
81.27
81.76
82.22
82.7
83.16
83.61
84.05
84.51
84.98
85.44
85.89
86.35
86.82
87.26
87.68
88.11
88.55
88.98
89.43
89.91
90.38
90.86
91.34
91.81
92.3
92.76
93.21
93.65
94.11
94.54
94.99
95.45
95.91
96.37
96.83
97.31
97.77
98.22
98.68
99.13
99.6
100.06
100.53
101.01
101.48
101.95
102.41
102.9
103.37
103.82
104.3
104.76
105.25
105.71
106.15
106.57
107.01
107.47
107.91
108.35
108.78
109.21
109.66
110.1
110.56
111.0
111.45
111.9
112.33
112.74
113.19
113.65
114.12
114.61
115.07
115.51
115.97
116.42
116.86
117.29
117.73
118.18
118.63
119.07
119.49
119.94
120.38
120.83
121.29
121.74
122.19
122.65
123.09
123.54
124.0
124.46
124.92
125.4
125.88
126.33
126.82
127.28
127.74
128.25
128.73
129.23
129.71
130.18
130.64
131.13
131.59
132.05
132.51
132.96
133.42
133.88
134.34
134.8
135.27
135.72
136.15
136.61
137.04
137.45
137.9
138.34
138.78
139.25
139.75
140.23
140.71
141.15
141.58
142.01
142.45
142.93
143.41
143.87
144.33
144.8
145.26
145.68
146.14
146.57
147.0
147.44
147.89
148.3
148.73
149.19
149.62
150.05
150.5
150.93
151.38
151.82
152.25
152.71
153.15
153.57
154.02
154.47
154.94
155.38
155.82
156.24
156.68
157.14
157.59
158.04
158.5
158.96
159.42
159.87
160.31
160.77
161.21
161.63
162.08
162.52
162.94
163.37
163.81
164.26
164.71
165.14
165.57
166.01
166.48
166.95
167.43
167.89
168.35
168.82
169.29
169.77
170.29
170.75
171.24
171.75
172.23
172.69
173.16
173.58
173.99
174.4
174.82
175.27
175.74
176.19
176.63
177.09
177.54
177.98
178.4
178.84
179.29
179.76
180.21
180.64
181.1
181.54
181.96
182.38
182.83
183.28
183.75
184.19
184.61
185.06
185.48
185.89
186.31
186.74
187.2
187.7
188.2
188.64
189.09
189.51
189.93
190.36
190.81
191.27
191.75
192.19
192.66
193.15
193.61
194.04
194.49
194.91
195.35
195.79
196.24
196.7
197.19
197.67
198.14
198.61
199.07
199.55
200.03
200.5
200.95
201.44
201.89
202.36
202.8
203.26
203.69
204.14
204.6
205.08
205.54
205.99
206.45
206.93
207.43
207.91
208.38
208.87
209.32
209.78
210.25
210.71
211.17
211.65
212.1
212.58
213.03
213.46
213.89
214.33
214.8
215.28
215.75
216.21
216.64
217.06
217.49
217.94
218.38
218.81
219.26
219.71
220.15
220.62
221.07
221.5
221.96
222.41
222.84
223.3
223.72
224.15
224.6
225.01
225.46
225.89
226.3
226.74
227.2
227.63
228.08
228.53
228.99
229.45
229.92
230.4
230.87
231.33
231.83
232.35
232.89
233.39
233.84
234.31
234.78
235.23
235.7
236.15
236.61
237.08
237.53
237.99
238.47
238.91
239.39
239.85
240.29
240.76
241.21
241.69
242.13
242.59
243.06
243.53
243.98
244.48
245.02
245.57
246.09
246.63
247.27
247.88
248.48
249.18
249.92
250.67
251.37
252.09
252.8
253.54
254.3
255.04
255.8
256.54
