0.16
0.5
0.84
1.2
1.57
1.93
2.25
2.58
2.91
3.24
3.56
3.89
4.22
4.57
4.92
5.26
5.6
5.92
6.25
6.58
6.92
7.26
7.61
7.95
8.31
8.65
8.97
9.32
9.67
10.01
10.33
10.68
11.01
11.32
11.65
11.99
12.34
12.67
13.01
13.35
13.69
14.02
14.34
14.68
15.02
15.35
15.68
16.02
16.37
16.72
17.06
17.38
17.71
18.05
18.37
18.71
19.03
19.36
19.69
20.03
20.36
20.69
21.03
21.37
21.7
22.03
22.37
22.71
23.05
23.4
23.73
24.06
24.38
24.72
25.07
25.4
25.74
26.09
26.44
26.77
27.11
27.45
27.78
28.14
28.48
28.82
29.14
29.5
29.84
30.17
30.5
30.85
31.19
31.51
31.84
32.17
32.5
32.83
33.17
33.5
33.82
34.15
34.48
34.8
35.14
35.46
35.79
36.14
36.51
36.86
37.21
37.56
37.91
38.24
38.57
38.92
39.25
39.58
39.91
40.25
40.59
40.95
41.29
41.63
41.96
42.29
42.62
42.95
43.28
43.61
43.94
44.26
44.62
44.96
45.3
45.68
46.09
46.48
46.91
47.5
48.17
48.88
49.53
50.2
50.84
51.51
52.17
52.83
53.5
54.18
54.85
55.51
56.17
56.86
57.51
58.19
58.85
59.51
60.18
60.83
61.5
62.18
62.84
63.57
64.26
64.96
65.61
66.27
66.92
67.6
68.25
68.92
69.57
70.23
70.9
71.61
72.31
73.0
73.67
74.35
75.0
75.69
76.34
76.99
77.64
78.28
78.92
79.56
80.28
81.02
81.72
82.39
83.08
83.78
84.44
85.14
85.8
86.47
87.13
87.82
88.47
89.12
89.78
90.43
91.13
91.81
92.53
93.2
93.85
94.51
95.16
95.85
96.51
97.2
97.86
98.54
99.18
99.84
100.49
101.14
101.8
102.43
103.07
103.75
104.38
105.07
105.75
106.39
107.05
107.7
108.35
109.02
109.68
110.33
110.99
111.64
112.29
113.0
113.7
114.35
115.01
115.68
116.32
117.0
117.64
118.31
118.95
119.59
120.23
120.91
121.55
122.2
122.83
123.49
124.13
124.8
125.44
126.12
126.79
127.44
128.08
128.75
129.43
130.1
130.72
131.4
132.06
132.72
133.35
133.98
134.64
135.29
135.9
136.54
137.18
137.83
138.5
139.15
139.82
140.54
141.2
141.89
142.54
143.23
143.88
144.56
145.22
145.85
146.52
147.16
147.8
148.46
149.11
149.83
150.52
151.17
151.84
152.54
153.2
153.9
154.54
155.2
155.84
156.52
157.18
157.9
158.59
159.27
159.95
160.64
161.32
161.99
162.72
163.41
164.03
164.68
165.33
165.99
166.64
167.33
167.99
168.62
169.26
169.95
170.64
171.33
171.97
172.66
173.34
173.98
174.65
175.32
175.98
176.63
177.29
177.99
178.68
179.34
180.02
180.69
181.34
182.0
182.68
183.38
184.05
184.72
185.38
186.05
186.7
187.36
188.01
188.68
189.31
189.97
190.65
191.31
191.99
192.67
193.31
193.99
194.67
195.36
196.0
196.67
197.31
197.97
198.68
199.38
200.11
200.79
201.55
202.21
202.87
203.54
204.2
204.9
205.58
206.27
206.95
207.62
208.31
208.98
209.65
210.34
211.12
211.89
212.74
213.58
214.38
215.14
215.85
216.59
217.26
217.95
218.6
219.27
219.93
220.62
221.29
222.0
222.68
223.34
224.11
224.89
225.6
226.28
227.02
227.72
228.41
229.09
229.8
230.48
231.15
231.88
232.56
233.2
233.92
234.58
235.26
235.96
236.74
237.62
238.49
239.4
240.27
241.13
242.02
242.91
243.83
244.73
