1.56
2.91
4.21
5.59
6.91
8.3
9.66
11.0
12.33
13.69
15.02
16.37
17.71
19.02
20.36
21.69
23.04
24.37
25.73
27.1
28.47
29.83
31.18
32.49
33.81
35.13
36.5
37.9
39.25
40.59
41.96
43.28
44.61
46.07
47.5
48.87
50.19
51.5
52.82
54.17
55.5
56.86
58.19
59.5
60.82
62.17
63.56
64.95
66.26
67.59
68.91
70.22
71.6
72.99
74.35
75.68
76.98
78.27
79.55
81.01
82.38
83.77
85.13
86.47
87.81
89.11
90.42
91.8
93.19
94.5
95.83
97.19
98.52
99.84
101.14
102.42
103.73
105.06
106.38
107.69
109.01
110.32
111.63
112.99
114.34
115.67
117.0
118.3
119.58
120.89
122.19
123.48
124.79
126.12
127.43
128.74
130.09
131.4
132.71
133.98
135.27
136.53
137.82
139.14
140.53
141.88
143.22
144.55
145.85
147.15
148.44
149.83
151.17
152.53
153.89
155.2
156.51
157.89
159.25
160.62
162.0
163.4
164.68
165.98
167.32
168.61
169.95
171.32
172.65
173.98
175.31
176.62
177.98
179.34
180.68
181.99
183.37
184.72
186.04
187.35
188.67
189.97
191.3
192.66
193.98
195.35
196.65
197.96
199.37
200.79
202.2
203.53
204.89
206.26
207.61
208.97
210.34
211.82
213.05
214.38
215.83
217.26
218.59
219.93
221.29
222.66
224.1
225.58
227.02
228.4
229.79
231.3
232.82
234.32
235.89
237.62
239.39
