1.49
2.8
4.1
5.5
6.8
8.18
9.49
10.8
12.12
13.47
14.78
16.16
17.48
18.8
20.13
21.51
22.85
24.2
25.54
26.92
28.3
29.65
31.02
32.36
33.73
35.1
36.48
37.89
39.24
40.57
41.94
43.28
44.61
45.95
47.33
48.7
50.01
51.29
52.6
53.97
55.37
56.77
58.16
59.56
60.91
62.3
63.68
65.08
66.44
67.8
69.18
70.53
71.98
73.44
74.86
76.22
77.6
78.96
80.35
81.79
83.13
84.5
85.89
87.25
88.61
89.98
91.32
92.71
94.09
95.46
96.84
98.25
99.66
101.04
102.43
103.82
105.21
106.59
107.97
109.36
110.71
112.04
113.37
114.67
116.04
117.43
118.78
120.15
121.5
122.86
124.22
125.59
126.93
128.33
129.68
131.07
132.48
133.83
135.2
136.54
137.91
139.21
140.46
141.81
143.19
144.58
145.98
147.33
148.72
150.08
151.46
152.74
154.11
155.48
156.89
158.27
159.65
160.99
162.37
163.72
165.07
166.41
167.79
169.18
170.56
171.97
173.57
175.02
176.39
177.75
179.09
180.45
181.83
183.23
184.65
186.03
187.42
188.79
190.18
191.59
193.0
194.39
195.72
197.08
198.47
199.89
201.28
202.63
204.01
205.41
206.8
208.19
209.59
210.99
212.37
213.76
215.17
216.72
218.2
219.65
221.08
222.49
223.92
225.56
227.48
229.1
230.59
231.98
233.35
234.74
236.13
237.63
239.33
241.46
