0.18
0.5
0.82
1.15
1.5
1.82
2.15
2.47
2.81
3.13
3.44
3.76
4.11
4.48
4.83
5.17
5.51
5.83
6.16
6.48
6.81
7.15
7.49
7.84
8.19
8.52
8.85
9.16
9.49
9.84
10.16
10.48
10.81
11.12
11.45
11.8
12.13
12.46
12.81
13.14
13.48
13.81
14.13
14.45
14.78
15.12
15.46
15.8
16.17
16.51
16.84
17.17
17.49
17.81
18.16
18.48
18.81
19.15
19.47
19.81
20.14
20.48
20.83
21.17
21.51
21.85
22.19
22.53
22.86
23.21
23.55
23.87
24.2
24.54
24.87
25.2
25.54
25.88
26.23
26.57
26.93
27.29
27.63
27.97
28.31
28.65
28.98
29.33
29.66
29.99
30.33
30.69
31.03
31.36
31.69
32.04
32.37
32.71
33.06
33.39
33.73
34.07
34.42
34.76
35.11
35.44
35.79
36.14
36.49
36.86
37.2
37.55
37.9
38.25
38.58
38.91
39.25
39.57
39.89
40.24
40.58
40.91
41.26
41.6
41.95
42.28
42.62
42.96
43.29
43.62
43.96
44.28
44.62
44.95
45.28
45.62
45.96
46.3
46.64
46.99
47.33
47.69
48.03
48.36
48.71
49.05
49.38
49.69
50.01
50.35
50.66
51.0
51.32
51.64
51.97
52.28
52.6
52.94
53.29
53.62
53.97
54.32
54.67
55.03
55.38
55.73
56.08
56.42
56.78
57.11
57.47
57.83
58.17
58.52
58.86
59.23
59.56
59.9
60.24
60.57
60.91
61.27
61.61
61.95
62.31
62.67
63.01
63.34
63.69
64.03
64.38
64.72
65.08
65.42
65.75
66.1
66.44
66.77
67.12
67.46
67.81
68.14
68.48
68.83
69.18
69.52
69.85
70.21
70.54
70.87
71.24
71.61
71.99
72.37
72.74
73.09
73.45
73.82
74.17
74.52
74.87
75.2
75.54
75.88
76.22
76.56
76.92
77.27
77.61
77.95
78.29
78.63
78.97
79.31
79.65
79.98
80.35
80.71
81.06
81.44
81.8
82.14
82.49
82.81
83.14
83.48
83.82
84.16
84.51
84.85
85.2
85.56
85.9
86.24
86.58
86.92
87.26
87.6
87.93
88.29
88.62
88.97
89.31
89.65
89.98
90.32
90.65
90.99
91.33
91.67
92.02
92.37
92.71
93.07
93.41
93.75
94.1
94.45
94.79
95.12
95.47
95.82
96.16
96.5
96.85
97.22
97.56
97.9
98.26
98.62
98.97
99.32
99.67
100.01
100.36
100.72
101.05
101.41
101.76
102.11
102.44
102.79
103.14
103.48
103.84
104.17
104.51
104.86
105.22
105.57
105.9
106.25
106.6
106.94
107.28
107.63
107.98
108.34
108.68
109.02
109.37
109.71
110.05
110.38
110.72
111.06
111.38
111.71
112.05
112.38
112.71
113.04
113.38
113.71
114.03
114.36
114.68
115.02
115.37
115.7
116.05
116.4
116.74
117.08
117.44
117.76
118.1
118.44
118.79
119.12
119.46
119.82
120.16
120.5
120.84
121.17
121.51
121.84
122.18
122.52
122.87
123.21
123.55
123.88
124.23
124.58
124.91
125.25
125.59
125.93
126.27
126.61
126.94
127.29
127.63
127.97
128.34
128.68
129.01
129.35
129.69
130.04
130.39
130.73
131.08
131.44
131.78
132.13
132.48
132.81
133.15
133.5
133.84
134.18
134.52
134.87
135.21
135.55
135.88
136.21
136.55
136.87
137.21
137.56
137.92
138.27
138.6
138.91
139.22
139.54
139.85
140.16
140.47
140.81
141.14
141.48
141.82
142.17
142.51
142.86
143.2
143.55
143.89
144.23
144.58
144.93
145.27
145.63
145.98
146.33
146.66
147.01
147.34
147.69
148.03
148.39
148.74
149.09
149.42
149.75
150.09
150.43
150.78
151.13
151.47
151.8
152.12
152.43
152.75
153.09
153.43
153.76
154.12
154.45
154.79
155.14
155.49
155.84
156.18
156.53
156.9
157.25
157.59
157.94
158.28
158.62
158.96
159.3
159.65
160.0
160.34
160.67
161.0
161.34
161.69
162.03
162.38
162.7
163.05
163.39
163.73
164.06
164.4
164.74
165.08
165.41
165.75
166.09
166.42
166.76
167.11
167.45
167.8
168.14
168.48
168.83
169.18
169.52
169.86
170.21
170.57
170.93
171.27
171.62
171.98
172.33
172.65
172.98
173.31
173.64
174.0
174.34
174.68
175.02
175.38
175.71
176.06
176.4
176.74
177.08
177.42
177.76
178.09
178.43
178.76
179.1
179.44
179.77
180.1
180.46
180.79
181.14
181.49
181.84
182.21
182.55
182.89
183.24
183.59
183.95
184.29
184.66
185.0
185.35
185.69
186.04
186.38
186.72
187.08
187.42
187.77
188.12
188.46
188.79
189.15
189.49
189.84
190.19
190.53
190.89
191.25
191.59
191.95
192.29
192.65
193.01
193.35
193.7
194.04
194.4
194.73
195.07
195.4
195.73
196.07
196.42
196.74
197.08
197.42
197.77
198.14
198.48
198.83
199.18
199.53
199.9
200.24
200.59
200.95
201.29
201.63
201.97
202.3
202.64
202.98
203.33
203.67
204.02
204.37
204.71
205.06
205.41
205.75
206.1
206.46
206.81
207.17
207.52
207.86
208.2
208.54
208.9
209.26
209.59
209.95
210.3
210.65
211.0
211.34
211.68
212.02
212.38
212.74
213.07
213.42
213.77
214.11
214.46
214.81
215.18
215.54
215.92
216.32
216.68
217.07
217.43
217.79
218.16
218.53
218.92
219.28
219.65
220.0
220.37
220.73
221.08
221.43
221.77
222.12
222.5
222.85
223.2
223.56
223.93
224.3
224.67
225.07
225.44
225.83
226.24
226.67
227.08
227.49
227.9
228.29
228.7
229.11
229.52
229.89
230.25
230.6
230.94
231.29
231.64
231.99
232.33
232.68
233.01
233.36
233.71
234.05
234.41
234.75
235.1
235.43
235.79
236.13
236.5
236.87
237.25
237.64
238.06
238.45
238.88
239.33
239.84
240.32
240.89
241.4
242.0
242.6
243.21
243.78
244.38
245.01
245.66
246.26
246.92
