0.24
1.02
1.86
2.63
3.4
4.19
5.03
5.83
6.57
7.35
8.16
8.89
9.65
10.42
11.2
11.97
12.77
13.46
14.21
14.91
15.63
16.39
17.03
17.72
18.31
18.89
19.51
20.09
20.69
21.35
21.97
22.61
23.28
23.92
24.6
25.21
25.88
26.55
27.2
27.91
28.54
29.26
30.09
30.91
31.69
32.53
33.44
34.36
35.22
36.14
37.08
37.97
38.98
40.08
41.16
42.12
43.16
44.12
45.21
46.3
47.45
48.53
49.56
50.66
51.68
52.75
53.74
54.62
55.44
56.26
57.03
57.8
58.62
59.39
60.19
60.96
61.78
62.56
63.33
64.22
65.02
65.85
66.74
67.55
68.37
69.24
70.22
71.16
72.07
73.12
74.15
75.09
75.99
76.89
77.76
78.7
79.56
80.51
81.44
82.39
83.29
84.2
85.16
86.05
86.93
87.86
88.77
89.55
90.39
91.21
92.05
92.86
93.78
94.71
95.59
96.5
97.39
98.29
99.16
100.06
101.14
102.17
103.11
104.14
105.22
106.37
107.42
108.44
109.49
110.36
111.13
111.87
112.67
113.43
114.15
114.95
115.69
116.43
117.21
117.99
118.74
119.58
120.36
121.16
122.04
122.92
123.82
124.63
125.45
126.33
127.29
128.28
129.31
130.26
131.28
132.22
133.21
134.23
135.23
136.35
137.41
138.53
139.52
140.51
141.56
142.61
143.6
144.65
145.74
146.76
147.79
148.85
149.89
150.85
151.84
152.75
153.73
154.63
155.58
156.54
157.53
158.49
159.44
160.37
161.35
162.17
163.04
163.95
164.85
165.69
166.61
167.49
168.37
169.33
170.33
171.38
172.4
173.46
174.55
175.57
176.67
177.65
178.58
179.54
180.52
181.51
182.41
183.41
184.32
185.26
186.35
187.47
188.57
189.68
190.65
191.64
192.69
193.68
194.61
195.52
196.44
197.28
198.2
199.02
199.91
200.89
201.82
202.65
203.48
204.35
205.18
206.06
206.96
207.94
208.88
209.81
210.74
211.73
212.72
213.69
214.62
215.48
216.38
217.17
217.92
218.69
219.47
220.24
221.04
221.8
222.52
223.28
224.0
224.76
225.47
226.2
226.94
227.64
228.36
229.29
230.16
231.12
232.08
233.01
233.88
234.74
235.68
236.54
237.43
238.3
239.2
240.15
241.02
241.95
242.8
243.79
244.68
245.77
246.9
248.01
249.01
250.08
251.1
252.11
253.07
254.16
255.2
256.29
257.27
258.27
259.26
260.28
261.32
262.29
263.31
264.28
265.26
266.26
267.32
268.28
269.26
270.22
271.22
272.07
272.9
273.66
274.49
275.25
276.08
276.83
277.62
278.41
279.23
280.01
280.78
281.61
