0.47
1.38
2.27
3.17
4.06
4.98
5.91
6.79
7.77
8.66
9.59
10.6
11.51
12.51
13.42
14.38
15.26
16.17
17.14
18.01
18.91
19.79
20.75
21.66
22.58
23.56
24.47
25.4
26.32
27.28
28.17
29.14
30.23
31.3
32.18
33.1
33.98
34.88
35.8
36.81
37.85
38.83
39.87
40.97
42.0
43.1
44.14
45.27
46.25
47.25
48.14
49.04
49.99
50.75
51.56
52.35
53.11
53.9
54.72
55.5
56.42
57.25
58.2
59.18
60.13
61.21
62.22
63.19
64.26
65.25
66.29
67.22
68.27
69.23
70.2
71.26
72.39
73.46
74.5
75.62
76.65
77.75
78.64
79.6
80.65
81.64
82.67
83.73
84.56
85.43
86.29
87.26
88.16
89.13
90.01
90.98
91.96
92.93
93.85
94.71
95.58
96.45
97.57
98.61
99.73
100.74
101.8
102.62
103.51
104.35
105.15
105.95
106.79
107.63
108.44
109.28
110.12
110.97
111.86
112.77
113.74
114.79
115.73
116.76
117.7
118.57
119.47
120.27
121.09
121.91
122.68
123.48
124.31
125.09
125.85
126.62
127.37
128.19
129.02
129.85
130.69
131.46
132.26
133.1
133.98
134.82
135.67
136.49
137.32
138.25
139.13
139.98
140.8
141.62
142.45
143.28
144.06
144.87
145.65
146.42
147.21
148.03
148.81
149.59
150.4
151.14
151.92
152.74
153.53
154.39
155.29
156.1
156.97
157.86
158.65
159.47
160.33
161.11
161.86
162.61
163.31
164.11
164.96
165.85
166.81
167.77
168.83
169.83
170.93
172.06
173.02
173.98
174.82
175.73
176.66
177.5
178.35
179.21
179.99
180.81
181.69
182.49
183.39
184.22
185.1
185.92
186.81
187.73
188.51
189.33
190.13
190.97
191.74
192.59
193.4
194.31
195.17
196.02
197.01
197.92
198.89
199.83
200.74
201.66
202.62
203.71
204.72
205.69
206.74
207.81
208.95
210.02
211.12
212.2
213.26
214.41
215.44
216.59
217.55
218.63
219.61
220.61
221.73
222.71
223.56
224.38
225.24
226.1
226.92
227.74
228.62
229.47
230.34
231.26
232.13
233.0
233.93
234.89
235.78
236.69
237.57
238.49
239.43
240.29
241.17
242.04
242.93
243.7
244.45
245.16
245.95
246.69
247.43
248.2
248.94
249.67
250.42
251.17
251.95
252.71
253.48
254.29
255.03
255.82
256.58
257.37
258.11
258.91
259.66
260.45
261.19
261.95
262.74
263.51
264.29
265.03
