0.4
1.01
1.65
2.22
2.84
3.42
4.03
4.68
5.28
5.85
6.39
6.95
7.52
8.08
8.64
9.25
9.83
10.37
10.95
11.55
12.12
12.68
13.27
13.83
14.41
14.97
15.56
16.11
16.66
17.24
17.86
18.45
19.01
19.6
20.24
20.89
21.47
22.03
22.61
23.17
23.78
24.42
25.02
25.59
26.17
26.75
27.35
27.91
28.44
29.02
29.63
30.21
30.78
31.39
31.99
32.63
33.26
33.84
34.41
34.98
35.55
36.19
36.86
37.47
38.01
38.58
39.12
39.71
40.33
40.93
41.54
42.11
42.69
43.28
43.89
44.51
45.06
45.66
46.23
46.77
47.27
47.79
48.3
48.76
49.24
49.76
50.28
50.84
51.39
51.96
52.58
53.19
53.76
54.39
54.97
55.52
56.11
56.66
57.22
57.79
58.33
58.88
59.44
60.01
60.57
61.15
61.73
62.29
62.87
63.43
63.98
64.57
65.13
65.69
66.27
66.86
67.43
68.09
68.71
69.32
69.98
70.62
71.21
71.8
72.36
72.92
73.52
74.07
74.69
75.32
75.9
76.51
77.14
77.76
78.33
78.95
79.56
80.18
80.91
81.62
82.33
82.99
83.69
84.43
85.25
85.96
86.67
87.4
88.15
88.9
89.61
