0.49
1.0
1.5
2.0
2.51
3.04
3.55
4.08
4.6
5.12
5.66
6.17
6.68
7.21
7.72
8.25
8.8
9.32
9.86
10.37
10.9
11.4
11.93
12.45
12.99
13.53
14.04
14.58
15.09
15.63
16.16
16.7
17.22
17.75
18.28
18.82
19.36
19.89
20.44
20.96
21.53
22.07
22.62
23.16
23.71
24.25
24.8
25.34
25.87
26.42
26.96
27.5
28.04
28.57
29.09
29.64
30.18
30.74
31.29
31.82
32.36
32.92
33.46
33.97
34.5
35.01
35.53
36.09
36.62
37.16
37.69
38.25
38.79
39.35
39.91
40.46
41.01
41.54
42.1
42.64
43.17
43.67
44.22
44.73
45.27
45.83
46.37
46.91
47.44
47.99
48.54
49.09
49.63
50.19
50.75
51.29
51.85
52.4
52.94
53.48
54.04
54.59
55.15
55.7
56.24
56.78
57.35
57.9
58.45
58.99
59.53
60.07
60.61
61.15
61.71
62.28
62.82
63.36
63.92
64.45
65.0
65.55
66.1
66.65
67.21
67.76
68.32
68.87
69.42
69.97
70.55
71.1
71.63
72.21
72.78
73.34
73.95
74.55
75.2
75.81
76.41
77.06
77.65
78.3
78.89
79.51
80.16
