0.43
1.0
1.58
2.16
2.72
3.3
3.89
4.45
5.04
5.64
6.21
6.79
7.36
7.93
8.49
9.07
9.64
10.23
10.8
11.39
11.94
12.53
13.1
13.68
14.31
14.92
15.49
16.09
16.64
17.23
17.83
18.42
19.0
19.57
20.17
20.76
21.36
21.94
22.52
23.1
23.7
24.33
24.99
25.57
26.14
26.75
27.39
27.99
28.56
29.14
29.72
30.3
30.88
31.45
32.04
32.63
33.24
33.86
34.47
35.06
35.68
36.32
36.95
37.5
38.07
38.63
39.2
39.82
40.42
41.02
41.58
42.17
42.79
43.38
43.96
44.53
45.13
45.71
46.28
46.83
47.36
47.92
48.45
48.99
49.55
50.17
50.75
51.33
51.91
52.49
53.09
53.66
54.25
54.84
55.44
56.02
56.61
57.2
57.77
58.36
58.95
59.54
60.13
60.73
61.31
61.88
62.47
63.05
63.69
64.32
64.91
65.5
66.07
66.65
67.25
67.84
68.43
69.01
69.61
70.19
70.8
71.4
71.97
72.54
73.12
73.74
74.4
75.0
75.64
76.31
76.93
77.59
78.23
78.84
79.47
80.06
80.69
81.32
81.92
82.54
83.18
83.81
84.43
