0.25
0.82
1.4
2.0
2.59
3.19
3.76
4.31
4.87
5.43
6.01
6.62
7.2
7.76
8.35
8.92
9.47
10.06
10.67
11.24
11.86
12.43
12.99
13.58
14.19
14.76
15.35
15.93
16.51
17.08
17.67
18.23
18.82
19.44
20.03
20.68
21.32
21.9
22.52
23.14
23.73
24.36
25.03
25.68
26.32
26.92
27.54
28.07
28.64
29.23
29.86
30.46
31.06
31.69
32.3
32.93
33.53
34.11
34.7
35.28
35.87
36.49
37.14
37.77
38.38
38.95
39.54
40.18
40.85
41.47
42.07
42.67
43.26
43.88
44.53
45.16
45.74
46.33
46.91
47.49
48.04
48.61
49.17
49.81
50.46
51.12
51.74
52.36
52.96
53.53
54.09
54.65
55.2
55.77
56.36
56.98
57.55
58.12
58.71
59.3
59.87
60.48
61.06
61.66
62.26
62.88
63.47
64.09
64.69
65.31
65.91
66.5
67.1
67.69
68.26
68.85
69.46
70.05
70.64
71.3
71.94
72.63
73.27
73.86
74.47
75.08
75.77
76.5
77.15
77.76
78.41
79.12
79.82
80.45
81.12
81.78
82.4
83.1
83.94
84.73
85.53
86.3
87.04
87.81
88.53
89.32
90.05
90.79
91.57
