0.46
0.98
1.54
2.03
2.53
3.06
3.59
4.1
4.63
5.16
5.7
6.21
6.71
7.22
7.74
8.27
8.84
9.37
9.91
10.46
11.04
11.55
12.08
12.61
13.14
13.66
14.21
14.73
15.26
15.8
16.34
16.89
17.41
17.94
18.49
19.04
19.57
20.13
20.67
21.22
21.82
22.43
23.07
23.65
24.21
24.78
25.39
25.95
26.48
27.04
27.6
28.16
28.76
29.3
29.86
30.42
30.99
31.54
32.12
32.65
33.2
33.77
34.32
34.86
35.39
35.93
36.49
37.09
37.65
38.23
38.77
39.32
39.89
40.48
41.05
41.59
42.16
42.71
43.24
43.79
44.3
44.82
45.37
45.9
46.47
47.06
47.6
48.11
48.62
49.15
49.7
50.2
50.74
51.27
51.81
52.32
52.83
53.36
53.89
54.42
54.99
55.53
56.07
56.64
57.17
57.72
58.29
58.85
59.41
59.94
60.5
61.03
61.56
62.1
62.66
63.23
63.77
64.31
64.87
65.42
65.96
66.52
67.05
67.61
68.23
68.83
69.47
70.07
70.64
71.23
71.85
72.42
72.95
73.52
74.09
74.65
75.19
75.82
76.43
77.08
77.67
78.29
78.92
79.57
80.22
80.87
81.48
82.15
82.79
83.43
84.07
