0.07
0.45
0.81
1.18
1.56
1.92
2.29
2.65
3.01
3.35
3.71
4.08
4.45
4.82
5.19
5.59
5.96
6.34
6.71
7.07
7.44
7.8
8.17
8.53
8.9
9.25
9.62
10.0
10.38
10.75
11.12
11.5
11.87
12.25
12.64
13.03
13.4
13.77
14.12
14.49
14.84
15.2
15.55
15.91
16.29
16.65
17.0
17.4
17.81
18.22
18.6
19.01
19.41
19.82
20.2
20.61
21.0
21.36
21.73
22.1
22.46
22.81
23.16
23.52
23.88
24.25
24.63
25.01
25.4
25.79
26.17
26.54
26.94
27.33
27.72
28.12
28.5
28.88
29.25
29.62
29.99
30.37
30.76
31.13
31.53
31.92
32.29
32.67
33.06
33.43
33.82
34.2
34.6
35.0
35.38
35.77
36.15
36.54
36.91
37.29
37.67
38.06
38.45
38.85
39.25
39.64
40.03
40.4
40.79
41.16
41.55
41.91
42.29
42.7
43.07
43.48
43.92
44.34
44.77
45.22
45.65
46.06
46.45
46.88
47.28
47.69
48.09
48.49
48.88
49.27
49.67
50.07
50.46
50.85
51.22
51.61
52.01
52.37
52.71
53.07
53.46
53.87
54.3
54.74
55.18
55.61
56.04
56.46
56.88
57.28
57.7
58.13
58.56
58.99
59.41
59.86
60.29
60.7
61.13
61.57
61.99
62.4
62.8
63.21
63.64
64.05
64.44
64.85
65.21
65.55
65.9
66.24
66.61
66.99
67.35
67.75
68.17
68.57
68.95
69.37
69.79
70.18
70.57
70.99
71.37
71.74
72.12
72.52
72.9
73.28
73.66
74.05
74.43
74.84
75.23
75.64
76.03
76.42
76.82
77.22
77.64
78.03
78.41
78.82
79.2
79.6
79.99
80.39
80.8
81.22
81.62
82.05
82.44
82.84
83.23
83.63
84.02
84.42
84.81
85.19
85.56
85.93
86.32
86.7
87.09
87.49
87.88
88.27
88.66
89.08
89.46
89.85
90.22
90.6
90.97
91.34
91.71
92.09
92.44
92.81
93.19
93.58
93.96
94.33
94.73
95.11
95.48
95.85
96.23
96.61
96.99
97.38
97.76
98.14
98.51
98.9
99.28
99.67
100.06
100.45
100.83
101.22
101.6
101.99
102.37
102.77
103.16
103.54
103.94
104.32
104.7
105.08
105.45
105.83
106.23
106.61
106.98
107.37
107.75
108.13
108.5
108.87
109.25
109.64
110.02
110.41
110.79
111.16
111.57
111.96
112.34
112.72
113.11
113.5
113.9
114.32
114.72
115.11
115.48
115.83
116.2
116.58
116.95
117.32
117.7
118.1
118.51
118.93
119.33
119.74
120.14
120.55
120.96
121.39
121.79
122.15
122.5
122.86
123.21
123.58
123.93
124.34
124.75
125.15
125.57
125.98
126.37
126.76
127.17
127.57
127.98
128.4
128.82
129.23
129.62
130.04
130.42
130.83
131.22
131.64
132.04
132.44
132.83
133.24
133.62
134.03
134.43
134.85
135.26
135.68
136.07
136.48
136.86
137.26
137.67
138.1
138.49
138.91
139.28
139.67
140.04
140.4
140.78
141.15
141.51
141.87
142.22
142.58
142.93
143.29
143.66
144.02
144.4
144.78
145.16
145.54
145.9
146.27
146.65
147.02
147.39
147.77
148.15
148.52
148.87
149.23
149.6
149.96
150.34
150.71
151.08
151.46
151.83
152.2
152.57
152.94
153.3
153.66
154.03
154.41
154.77
155.15
155.51
155.9
156.27
156.66
157.04
157.43
157.8
158.17
158.55
158.94
159.31
159.67
160.06
160.46
160.85
161.24
161.63
162.01
162.38
162.78
163.17
163.55
163.94
164.33
164.74
165.12
165.5
165.89
166.3
166.69
167.08
167.47
167.86
168.23
168.62
169.01
169.42
169.82
170.22
170.6
171.0
171.41
171.85
172.27
172.67
173.09
173.51
173.91
174.31
174.71
175.09
175.45
175.81
176.19
176.56
176.92
177.27
177.64
178.02
178.38
178.74
179.12
179.5
179.87
180.26
180.63
180.99
181.37
181.73
182.08
182.45
182.82
183.17
183.55
183.9
184.28
184.64
185.02
185.4
185.76
186.1
186.46
186.82
187.18
187.56
187.9
188.28
188.62
188.99
189.34
189.72
190.08
190.44
190.79
191.12
191.48
191.85
192.2
192.57
192.94
193.3
193.66
194.01
194.36
194.72
195.09
195.47
195.86
196.23
196.6
197.0
197.36
197.74
198.12
198.5
198.88
199.26
199.61
199.99
200.35
200.72
201.09
201.48
201.86
202.25
202.61
203.01
203.37
203.75
204.13
204.52
204.91
205.29
205.66
206.05
206.43
206.81
207.16
207.52
207.88
208.25
208.6
208.97
209.33
209.69
210.03
210.4
210.75
211.13
211.47
211.85
212.19
212.57
212.93
213.29
213.65
214.01
214.37
214.73
215.09
215.47
215.82
216.19
216.57
216.94
217.32
217.67
218.01
218.38
218.71
219.06
219.41
219.78
220.12
220.48
220.82
221.16
221.52
221.9
222.27
222.63
223.02
223.39
223.76
224.11
224.5
224.87
225.23
225.61
225.98
226.34
226.7
227.1
227.48
227.88
228.25
228.65
229.04
229.41
229.79
230.18
230.55
230.96
231.33
231.74
232.11
232.49
232.87
233.27
233.65
234.02
234.39
234.78
235.16
235.53
235.89
236.26
236.62
236.97
237.32
237.68
238.05
238.4
238.78
239.16
239.54
239.94
240.31
240.68
241.06
241.42
241.79
242.16
242.54
242.91
243.28
243.67
244.05
244.43
244.81
245.19
245.55
245.92
246.3
246.67
247.04
247.4
247.77
248.15
248.52
248.89
249.26
249.64
250.02
250.4
250.79
251.18
251.55
251.92
252.27
252.63
252.99
253.36
253.71
254.07
254.43
254.79
255.15
255.53
255.93
256.35
256.74
257.16
257.58
258.01
258.43
258.85
259.27
259.7
260.1
260.54
260.94
261.33
261.72
262.12
262.49
262.87
263.25
263.63
264.0
264.39
264.78
265.14
265.52
265.92
266.28
266.64
267.01
267.39
267.76
268.13
268.5
268.87
269.23
269.6
269.97
270.35
270.72
271.12
271.5
271.89
272.28
272.65
273.04
273.43
273.83
274.21
274.6
274.97
275.33
275.7
276.08
276.45
276.84
277.21
277.61
278.0
278.38
278.78
279.15
279.52
279.91
280.28
280.68
281.04
281.4
281.78
282.17
282.55
282.94
283.3
283.7
284.08
284.45
284.81
285.17
285.55
285.93
286.32
286.71
287.09
287.46
287.82
288.2
288.56
288.94
289.3
289.66
290.04
290.41
290.78
291.15
291.51
291.86
292.23
292.6
292.94
293.3
293.69
294.09
294.49
294.87
295.26
295.64
296.03
296.41
296.8
297.18
297.57
297.96
298.33
298.7
299.08
299.43
299.82
300.17
300.57
300.97
301.38
301.8
302.22
302.63
303.04
303.45
303.86
304.25
304.66
305.08
305.49
305.9
306.33
306.78
307.21
307.63
308.04
308.48
308.9
309.32
309.74
310.15
310.57
310.98
311.4
311.82
312.24
312.66
313.1
313.49
313.87
314.25
314.64
315.05
315.44
315.82
316.2
316.6
316.97
317.35
317.74
318.11
318.46
318.82
319.18
319.54
319.92
320.28
320.67
321.05
321.43
321.8
322.19
322.57
322.92
323.3
323.69
324.09
324.46
324.87
325.26
325.65
326.04
326.41
326.8
327.19
327.58
327.96
328.35
328.73
329.11
329.48
329.88
330.25
330.63
330.99
331.37
331.73
332.12
332.48
332.86
333.25
333.62
334.0
334.39
334.76
335.13
335.51
335.89
336.25
336.6
336.95
337.32
337.69
338.06
338.43
338.79
339.17
339.55
339.92
340.29
340.68
341.06
341.44
341.81
342.19
342.56
342.94
343.32
343.71
344.09
344.47
344.86
345.24
345.64
346.01
346.4
346.77
347.16
347.53
347.93
348.32
348.71
349.11
349.5
349.89
350.28
350.67
351.04
351.41
351.78
352.15
352.52
352.9
353.28
353.65
354.0
354.37
354.75
355.11
355.5
355.87
356.24
356.62
356.98
357.38
357.78
358.17
358.55
358.94
359.35
359.93
360.52
361.21
361.94
362.68
363.42
364.21
365.05
365.85
366.66
367.48
368.26
368.98
369.7
370.43
371.24
372.05
372.81
373.61
374.43
375.23
376.0
376.79
377.58
378.39
379.19
380.02
380.93
381.76
382.49
383.27
384.0
384.74
385.44
386.17
386.88
387.61
388.37
389.11
389.82
390.55
391.29
392.0
392.72
393.46
394.19
394.93
395.65
396.36
397.05
397.82
398.59
399.35
400.09
400.84
401.6
402.36
403.06
403.78
404.46
405.16
405.86
406.64
407.41
408.19
408.9
409.62
410.29
410.99
411.68
412.41
413.1
413.8
414.5
415.21
415.9
416.61
417.33
418.03
418.73
419.46
420.16
420.85
421.6
422.33
423.01
423.74
424.49
425.19
425.9
426.62
427.35
428.06
428.8
429.52
430.28
430.98
431.64
432.34
433.05
433.72
434.43
435.14
435.91
436.77
437.63
438.56
439.35
440.17
440.99
441.81
442.61
443.52
444.43
445.39
446.46
447.45
448.25
449.06
449.82
450.55
451.33
452.05
452.8
453.58
454.33
455.0
455.68
456.41
457.06
457.79
458.44
459.13
459.85
460.57
461.27
461.97
462.67
463.37
464.07
464.86
465.73
466.58
467.47
468.33
469.17
470.18
471.13
