0.8
2.28
3.71
5.19
6.71
8.16
9.62
11.12
12.63
14.12
15.64
17.39
19.01
20.61
22.09
23.51
24.99
26.54
28.12
29.61
31.12
32.66
34.2
35.77
37.28
38.84
40.4
41.9
43.48
45.21
46.87
48.49
50.06
51.61
53.08
54.74
56.46
58.12
59.85
61.57
63.21
64.84
66.23
67.74
69.37
70.99
72.52
74.05
75.63
77.21
78.79
80.38
82.04
83.62
85.18
86.69
88.27
89.84
91.33
92.8
94.32
95.85
97.38
98.89
100.44
101.98
103.53
105.08
106.61
108.12
109.64
111.16
112.71
114.31
115.83
117.32
118.93
120.55
122.15
123.58
125.15
126.76
128.4
130.03
131.64
133.24
134.84
136.47
138.09
139.66
141.14
142.57
144.02
145.53
147.02
148.51
149.96
151.46
152.93
154.4
155.9
157.42
158.93
160.46
162.0
163.54
165.12
166.68
168.23
169.81
171.41
173.09
174.71
176.18
177.63
179.12
180.63
182.08
183.54
185.01
186.7
188.61
190.58
192.56
194.59
196.6
198.62
200.57
202.6
204.62
206.28
207.87
209.32
210.75
212.19
213.65
215.08
216.57
218.0
219.4
220.81
222.27
223.74
225.23
226.71
228.24
229.78
231.33
232.86
234.39
235.89
237.32
238.75
240.3
241.78
243.27
244.81
246.3
247.76
249.26
250.79
252.26
253.7
255.13
256.92
258.84
260.54
262.11
263.62
265.14
266.63
268.12
269.59
271.09
272.65
274.21
275.69
277.21
278.77
280.27
281.77
283.3
284.8
286.32
287.82
289.3
290.78
292.22
293.67
295.26
296.79
298.42
300.16
301.8
303.44
305.08
306.77
308.49
310.15
311.75
313.12
314.64
316.19
317.74
319.19
320.66
322.19
323.69
325.28
326.8
328.34
329.87
331.36
332.86
334.38
335.88
337.31
338.78
340.28
341.8
343.32
344.86
346.4
347.92
349.5
351.04
352.51
353.99
355.49
357.05
358.73
360.35
361.94
363.41
365.03
366.65
368.25
369.7
371.24
372.81
374.42
375.99
377.57
379.18
380.9
382.49
384.0
385.44
386.87
388.36
389.82
391.28
392.72
394.19
395.65
397.04
398.58
400.08
401.59
403.06
404.45
405.85
407.4
408.89
410.28
411.68
413.1
414.49
415.89
417.33
418.73
420.25
422.24
424.48
426.79
429.52
432.34
435.11
438.56
441.8
445.39
449.05
452.02
455.38
458.43
461.26
464.07
467.23
