0.22
0.58
0.96
1.33
1.69
2.07
2.43
2.8
3.16
3.53
3.89
4.26
4.62
4.98
5.33
5.7
6.05
6.41
6.76
7.11
7.48
7.84
8.21
8.58
8.94
9.31
9.69
10.06
10.42
10.78
11.13
11.51
11.87
12.22
12.6
12.96
13.33
13.7
14.04
14.38
14.72
15.07
15.4
15.77
16.11
16.5
16.85
17.25
17.64
18.04
18.43
18.79
19.19
19.57
19.95
20.31
20.68
21.07
21.43
21.8
22.18
22.53
22.93
23.3
23.67
24.07
24.45
24.81
25.21
25.64
26.03
26.46
26.86
27.26
27.68
28.09
28.46
28.82
29.18
29.55
29.94
30.28
30.65
31.02
31.37
31.73
32.11
32.48
32.83
33.18
33.57
33.95
34.36
34.79
35.2
35.56
35.92
36.28
36.64
37.0
37.34
37.7
38.05
38.41
38.77
39.12
39.47
39.82
40.17
40.52
40.87
41.22
41.56
41.92
42.27
42.62
43.01
43.42
43.81
44.19
44.55
44.91
45.28
45.65
46.04
46.42
46.81
47.19
47.57
47.95
48.34
48.72
49.11
49.48
49.86
50.25
50.65
51.04
51.42
51.81
52.23
52.67
53.13
53.58
54.04
54.47
54.95
55.42
55.9
56.4
56.88
57.36
57.82
58.3
58.79
59.27
59.78
60.29
60.83
61.31
61.78
62.25
62.74
63.22
63.69
64.17
64.65
65.12
65.58
66.05
66.53
67.0
67.42
67.86
68.3
68.76
69.19
69.6
70.05
70.46
70.89
71.34
71.74
72.17
72.56
72.97
73.38
73.81
74.21
74.62
75.07
75.52
76.0
76.46
76.9
77.36
77.82
78.3
78.74
79.22
79.65
80.06
80.48
80.92
81.32
81.74
82.14
82.55
82.95
83.36
83.77
84.21
84.63
85.03
85.43
85.84
86.25
86.66
87.09
87.5
87.89
88.28
88.67
89.04
89.44
89.82
90.22
90.61
91.0
91.38
91.79
92.19
92.58
92.97
93.36
93.73
94.09
94.45
94.82
95.18
95.54
95.9
96.26
96.65
97.01
97.37
97.75
98.13
98.5
98.87
99.24
99.63
100.01
100.4
100.79
101.18
101.57
101.94
102.33
102.71
103.11
103.49
103.89
104.27
104.66
105.04
105.45
105.83
106.2
106.59
106.96
107.34
107.73
108.13
108.52
108.91
109.27
109.64
110.0
110.38
110.75
111.12
111.5
111.88
112.24
112.61
112.98
113.35
113.72
114.09
114.48
114.85
115.21
115.58
115.96
116.33
116.69
117.07
117.47
117.89
118.27
118.67
119.08
119.51
119.96
120.41
120.85
121.27
121.72
122.17
122.6
123.05
123.48
123.91
124.35
124.79
125.27
125.74
126.22
126.72
127.19
127.66
128.12
128.54
128.99
129.44
129.88
130.32
130.74
131.18
131.63
132.08
132.53
133.0
133.44
133.88
134.35
134.8
135.23
135.68
136.13
136.6
137.05
137.48
137.95
138.4
138.83
139.29
139.75
140.23
140.68
141.13
141.61
142.06
142.49
142.93
143.39
143.8
144.19
144.62
145.0
145.36
145.74
146.14
146.5
146.9
147.26
147.66
148.02
148.4
148.77
149.14
149.51
149.88
150.27
150.64
151.01
151.37
151.74
152.12
152.49
152.84
153.21
153.6
153.96
154.33
154.71
155.09
155.46
155.82
156.21
156.56
156.93
157.26
157.61
157.97
158.32
158.66
159.02
159.36
159.73
160.06
160.42
160.76
161.12
161.51
161.88
162.24
162.6
162.96
163.33
163.69
164.06
164.4
164.78
165.14
165.5
165.86
166.22
166.56
166.94
167.31
167.68
168.06
168.43
168.8
169.16
169.55
169.93
170.33
170.75
171.15
171.54
171.93
172.31
172.69
173.08
173.48
173.9
174.3
174.7
175.08
175.45
175.83
176.2
176.58
176.97
177.36
177.72
178.11
178.53
178.94
179.35
179.74
180.19
180.76
181.28
181.82
182.36
182.92
183.44
183.97
184.52
185.1
185.62
186.2
186.75
187.28
187.85
188.37
188.95
189.45
189.97
190.49
191.01
191.51
192.02
192.5
193.0
193.52
194.0
194.51
195.04
195.61
196.13
196.66
197.25
197.84
198.45
199.07
199.7
200.32
200.94
201.58
202.21
202.83
203.43
204.05
204.69
205.31
205.93
206.52
207.14
207.77
208.4
209.02
209.64
210.25
210.87
211.51
212.14
212.77
213.42
214.04
214.66
215.3
215.93
216.57
217.19
217.81
218.32
218.72
219.15
219.55
219.98
220.39
220.78
221.19
221.6
222.02
222.42
222.85
223.24
223.67
224.05
224.45
224.85
225.25
225.64
226.02
226.42
226.81
227.2
227.6
227.97
228.34
228.69
229.08
229.44
229.8
230.18
230.55
230.93
231.29
231.67
232.07
232.44
232.81
233.21
233.59
233.96
234.34
234.73
235.12
235.49
235.9
236.27
236.68
237.05
237.4
237.77
238.15
238.52
238.9
239.26
239.64
239.99
240.36
240.73
241.12
241.48
241.86
242.22
242.61
242.99
243.35
243.74
244.13
244.49
244.89
245.26
245.61
245.99
246.37
246.73
247.13
247.51
247.88
248.25
248.66
249.05
249.45
249.85
250.27
250.67
251.04
251.42
251.79
252.17
252.54
252.93
253.3
253.67
254.04
254.39
254.78
255.13
255.5
255.86
256.23
256.6
256.96
257.32
257.7
258.06
258.43
258.83
259.2
259.58
259.94
260.31
260.7
261.06
261.44
261.84
262.21
262.57
262.94
263.3
263.64
264.0
264.36
264.72
265.12
265.5
265.87
266.24
266.62
267.01
267.43
267.81
268.21
268.63
269.07
269.49
269.91
270.32
270.72
271.13
271.55
271.91
272.27
272.66
273.03
273.39
273.73
274.09
274.46
274.82
275.17
275.53
275.9
276.26
276.63
276.99
277.34
277.71
278.06
278.44
278.81
279.22
279.59
280.0
280.37
280.78
281.15
281.54
281.93
282.33
282.74
283.15
283.52
283.89
284.25
284.62
285.01
285.38
285.73
286.09
286.44
286.78
287.14
287.49
287.86
288.22
288.56
288.91
289.27
289.64
290.0
290.35
290.7
291.08
291.44
291.79
292.14
292.5
292.88
293.23
293.55
293.89
294.25
294.57
294.91
295.25
295.6
295.96
296.31
296.67
297.02
297.39
297.75
298.12
298.48
298.84
299.18
299.53
299.88
300.25
300.59
300.94
301.3
301.66
302.05
302.46
302.85
303.22
303.58
303.94
304.29
304.66
305.04
305.4
305.78
306.16
306.54
306.93
307.3
307.69
308.07
308.45
308.82
309.21
309.59
309.97
310.36
310.76
311.21
311.64
312.08
312.53
313.0
313.47
313.97
314.43
314.91
315.39
315.89
316.36
316.83
317.31
317.81
318.26
318.75
319.18
319.59
320.02
320.45
320.88
321.33
321.85
322.34
322.8
323.32
323.82
324.3
324.75
325.21
325.69
326.12
326.54
326.94
327.36
327.78
328.22
328.63
329.05
329.46
329.88
330.3
330.73
331.16
331.57
331.98
332.42
332.85
333.27
333.71
334.15
334.61
335.04
335.47
335.92
336.35
336.79
337.25
337.67
338.13
338.55
338.97
339.4
339.85
340.25
340.66
341.07
341.47
341.88
342.26
342.67
343.1
343.51
343.92
344.32
344.72
345.13
345.54
345.97
346.35
346.75
347.12
347.5
347.88
348.27
348.66
349.06
349.46
349.84
350.22
350.64
351.03
351.42
351.82
352.24
352.63
352.99
353.36
353.72
354.08
354.43
354.79
355.15
355.53
355.89
356.25
356.63
357.01
357.38
357.75
358.1
358.5
358.87
359.26
359.66
360.05
360.44
360.81
361.21
361.61
362.0
362.38
362.78
363.16
363.56
363.93
364.33
364.72
365.1
365.48
365.86
366.24
366.62
367.01
367.42
367.81
368.19
368.55
368.91
369.28
369.63
370.0
370.36
370.73
371.09
371.46
371.81
372.18
372.53
372.87
373.19
373.54
373.88
374.23
374.59
374.96
375.35
375.71
376.07
376.44
376.83
377.2
377.57
377.95
378.32
378.71
379.08
379.46
379.83
380.21
380.6
381.05
381.5
381.94
382.37
382.8
383.23
383.68
384.11
384.54
384.96
385.37
385.8
386.21
386.65
387.09
387.52
387.97
388.42
388.85
389.29
389.72
390.16
390.6
391.04
391.48
391.94
392.36
392.81
393.28
393.73
394.17
394.61
395.07
395.55
395.98
396.43
396.9
397.33
397.75
398.19
398.63
399.04
399.43
399.85
400.26
400.66
401.07
401.49
401.88
402.25
402.62
403.01
403.37
403.73
404.1
404.48
404.84
405.21
405.59
405.96
406.32
406.69
407.03
407.41
407.77
408.14
408.52
408.89
409.27
409.63
410.01
410.38
410.74
411.1
411.47
411.83
412.19
412.55
412.91
413.28
413.63
414.0
414.38
414.74
415.11
415.46
415.82
416.18
416.55
416.9
417.27
417.64
418.0
418.36
418.72
419.09
419.46
419.83
420.21
420.62
421.01
421.39
421.76
422.14
422.51
422.88
423.25
423.62
423.99
424.39
424.77
425.15
425.52
425.89
426.28
426.65
427.04
427.42
427.79
428.16
428.54
428.91
429.3
429.72
430.1
430.52
430.88
431.26
431.61
431.99
432.35
432.74
433.09
433.46
433.85
434.2
434.59
434.96
435.31
435.7
436.05
436.42
436.79
437.17
437.54
437.91
438.27
438.66
439.01
439.39
439.75
440.14
440.49
440.87
441.25
441.62
442.06
442.53
442.97
443.49
443.99
444.49
445.01
445.59
446.19
446.8
447.39
448.06
448.68
449.4
450.11
450.87
451.7
452.53
453.42
454.26
455.09
455.93
456.73
457.52
458.31
459.12
460.03
461.02
461.98
463.04
464.14
465.16
466.1
467.07
468.11
469.06
470.04
471.11
472.03
473.02
473.92
474.89
475.68
476.48
477.32
478.08
478.88
479.64
480.38
481.14
481.88
482.67
483.44
484.27
485.06
485.83
486.64
487.39
488.22
488.93
489.63
490.33
490.98
491.65
492.34
493.14
493.88
494.71
495.48
496.31
497.08
497.93
