2.43
5.33
8.21
11.13
14.04
17.24
20.31
23.22
25.99
28.82
31.73
34.78
37.69
40.51
43.42
46.41
49.48
53.12
56.88
60.83
64.65
68.28
71.74
75.16
78.73
82.13
85.43
88.67
91.79
94.81
97.75
100.79
103.88
106.95
110.0
112.98
116.32
119.95
123.48
127.18
130.74
134.36
137.97
141.63
145.0
148.02
151.01
153.96
156.92
159.73
162.6
165.5
168.42
171.5
174.7
177.72
180.76
183.94
187.27
190.64
194.0
197.38
200.54
203.66
206.75
209.87
212.88
215.3
217.31
219.15
220.77
222.41
224.05
225.64
227.2
228.68
230.17
231.67
233.21
234.73
236.25
237.76
239.25
240.73
242.22
243.73
245.25
246.73
248.25
249.83
251.42
252.92
254.38
255.86
257.32
258.82
260.31
261.83
263.29
264.71
266.23
267.82
269.49
271.12
272.66
274.09
275.53
276.98
278.44
280.0
281.4
282.81
284.24
285.73
287.14
288.56
289.99
291.43
292.83
294.18
295.6
297.02
298.47
299.88
301.3
302.85
304.28
305.78
307.3
308.81
310.35
312.08
313.94
315.86
317.82
319.91
321.84
323.82
325.63
327.34
329.04
330.73
332.42
334.14
335.92
337.66
339.39
341.06
342.67
344.32
345.94
347.5
349.06
350.64
352.24
353.72
355.15
356.63
358.09
359.65
361.21
362.78
364.33
365.85
367.42
368.91
370.36
371.81
373.18
374.58
376.07
377.54
379.07
380.59
382.36
384.21
386.09
387.97
389.71
391.45
393.27
395.06
396.89
398.66
400.6
402.5
404.1
405.59
407.03
408.52
410.0
411.47
412.91
414.38
415.82
417.27
418.72
420.21
422.31
424.65
427.41
430.51
433.43
436.42
439.39
442.55
445.58
448.66
451.7
455.08
459.1
463.22
467.07
471.1
474.88
478.07
481.13
484.21
487.37
490.97
494.93
