1.2
2.61
4.01
5.41
6.83
8.23
9.61
11.01
12.41
13.79
15.25
16.69
18.33
20.01
21.51
22.96
24.48
25.95
27.43
28.88
30.39
31.87
33.44
34.83
36.2
37.61
39.03
40.44
41.88
43.32
44.84
46.38
47.9
49.42
51.02
52.76
54.3
56.02
57.78
59.54
61.16
62.86
64.48
66.11
67.72
69.32
71.03
72.8
74.51
76.38
78.07
79.71
81.36
82.99
84.55
86.05
87.52
88.97
90.35
91.76
93.24
94.72
96.24
97.78
99.23
100.76
102.31
103.89
105.41
106.86
108.32
109.77
111.22
112.73
114.42
116.28
118.06
120.03
122.16
124.18
126.04
127.85
129.69
131.48
133.29
135.06
136.89
138.69
140.55
142.3
143.75
145.16
146.54
147.98
149.36
150.81
152.28
153.77
155.27
156.82
158.35
159.87
161.4
163.17
164.81
166.37
168.01
169.55
171.16
172.71
174.24
175.88
177.49
179.06
180.61
182.23
183.79
185.26
186.77
188.36
189.92
191.36
192.86
194.38
195.86
197.37
198.88
200.4
201.87
203.36
204.81
206.31
207.81
209.35
210.9
212.45
214.05
215.65
217.24
218.81
220.35
221.9
223.45
225.02
226.57
228.19
229.75
231.24
232.65
234.06
235.48
236.91
238.38
239.95
241.49
242.96
244.38
245.82
247.23
248.64
250.07
251.51
252.89
254.3
255.69
257.13
258.66
260.24
261.86
263.53
265.27
266.93
268.34
269.71
271.14
272.66
274.08
275.6
277.07
278.58
280.02
281.6
283.11
284.58
286.14
287.53
288.95
290.38
291.82
293.29
294.72
296.15
297.67
299.18
300.7
302.22
303.73
305.3
307.1
308.96
310.76
312.4
314.02
315.68
317.22
318.82
320.4
322.0
323.73
325.39
327.05
328.89
330.61
332.21
333.82
335.39
336.88
338.35
339.78
341.22
342.61
344.07
345.57
347.07
348.59
350.09
351.56
353.07
354.65
356.26
357.76
359.22
360.69
362.18
363.64
365.08
366.51
368.05
369.59
371.4
372.84
374.25
375.67
377.32
379.12
380.88
382.66
384.37
386.13
387.92
389.81
391.34
392.76
394.15
395.53
396.93
398.35
399.77
401.21
402.6
404.0
405.39
406.78
408.21
409.61
410.96
412.32
413.77
415.23
416.64
418.04
419.37
420.72
422.37
424.03
425.75
427.54
429.34
431.46
433.68
436.13
438.73
441.73
445.17
448.39
451.96
456.07
460.37
464.38
468.44
472.25
475.44
478.06
480.99
484.14
