0.2
0.53
0.87
1.21
1.55
1.91
2.26
2.61
2.95
3.3
3.65
4.02
4.39
4.73
5.07
5.42
5.77
6.13
6.47
6.83
7.18
7.54
7.88
8.24
8.59
8.93
9.27
9.62
9.99
10.33
10.68
11.0
11.36
11.72
12.07
12.42
12.77
13.11
13.46
13.8
14.15
14.5
14.86
15.24
15.59
15.97
16.33
16.7
17.08
17.45
17.82
18.18
18.54
18.91
19.28
19.65
20.02
20.41
20.77
21.14
21.51
21.87
22.23
22.58
22.96
23.36
23.74
24.12
24.48
24.85
25.23
25.58
25.95
26.34
26.71
27.07
27.43
27.79
28.16
28.51
28.88
29.27
29.66
30.03
30.39
30.77
31.15
31.52
31.87
32.25
32.63
33.02
33.45
33.84
34.25
34.67
35.08
35.49
35.84
36.21
36.57
36.91
37.27
37.62
37.97
38.32
38.69
39.04
39.39
39.75
40.1
40.45
40.79
41.14
41.5
41.88
42.24
42.6
42.96
43.32
43.68
44.05
44.44
44.84
45.24
45.63
46.01
46.38
46.77
47.15
47.52
47.9
48.27
48.66
49.04
49.42
49.8
50.18
50.6
51.03
51.46
51.9
52.32
52.77
53.16
53.53
53.94
54.31
54.71
55.14
55.6
56.02
56.48
56.92
57.35
57.8
58.24
58.68
59.09
59.54
59.95
60.34
60.76
61.16
61.59
61.99
62.42
62.87
63.3
63.7
64.08
64.49
64.89
65.28
65.69
66.11
66.51
66.92
67.33
67.73
68.11
68.5
68.89
69.33
69.75
70.15
70.59
71.04
71.49
71.96
72.38
72.81
73.23
73.66
74.1
74.52
74.96
75.4
75.88
76.38
76.86
77.27
77.68
78.07
78.49
78.91
79.3
79.72
80.13
80.55
80.95
81.37
81.77
82.17
82.58
83.0
83.41
83.78
84.17
84.55
84.93
85.3
85.67
86.06
86.43
86.8
87.15
87.53
87.9
88.26
88.62
88.97
89.33
89.66
90.02
90.36
90.71
91.07
91.43
91.76
92.15
92.51
92.88
93.24
93.63
94.0
94.37
94.73
95.11
95.48
95.86
96.24
96.63
97.02
97.42
97.78
98.14
98.49
98.85
99.23
99.6
99.98
100.37
100.77
101.16
101.55
101.94
102.32
102.7
103.09
103.5
103.89
104.3
104.67
105.04
105.41
105.77
106.15
106.5
106.86
107.22
107.59
107.96
108.32
108.69
109.05
109.42
109.78
110.15
110.51
110.86
111.22
111.6
112.0
112.37
112.74
113.13
113.52
113.93
114.29
114.67
115.07
115.43
115.85
116.3
116.73
117.14
117.6
118.07
118.52
119.01
119.48
120.04
120.6
121.14
121.67
122.17
122.69
123.23
123.75
124.19
124.65
125.11
125.57
126.05
126.5
126.97
127.42
127.86
128.31
128.79
129.25
129.69
130.16
130.62
131.06
131.49
131.93
132.4
132.84
133.3
133.73
134.2
134.64
135.08
135.53
135.99
136.44
136.9
137.36
137.82
138.26
138.7
139.15
139.63
140.08
140.56
141.02
141.51
141.95
142.3
142.67
143.02
143.39
143.76
144.11
144.46
144.81
145.17
145.52
145.85
146.2
146.55
146.92
147.25
147.61
147.97
148.32
148.67
149.01
149.37
149.73
150.08
150.45
150.81
151.16
151.54
151.9
152.28
152.64
153.02
153.4
153.77
154.14
154.52
154.88
155.28
155.66
156.07
156.46
156.83
157.21
157.6
157.97
158.36
158.74
159.12
159.5
159.88
160.26
160.62
161.0
161.37
161.72
162.07
162.43
162.82
163.21
163.58
163.98
164.4
164.82
165.22
165.61
165.99
166.37
166.77
167.18
167.6
168.02
168.41
168.79
169.18
169.56
169.96
170.37
170.77
171.16
171.55
171.92
172.31
172.71
173.11
173.48
173.85
174.24
174.64
175.05
175.48
175.89
176.28
176.69
177.12
177.5
177.88
178.27
178.66
179.07
179.45
179.83
180.22
180.62
181.02
181.43
181.84
182.24
182.62
183.03
183.43
183.79
184.17
184.54
184.9
185.26
185.64
186.01
186.4
186.79
187.18
187.58
187.97
188.37
188.75
189.14
189.54
189.92
190.3
190.65
191.0
191.36
191.74
192.12
192.49
192.87
193.23
193.63
194.01
194.38
194.77
195.13
195.5
195.87
196.23
196.63
197.01
197.39
197.77
198.14
198.51
198.89
199.27
199.67
200.05
200.41
200.77
201.14
201.51
201.88
202.26
202.63
203.0
203.36
203.74
204.1
204.45
204.82
205.17
205.55
205.95
206.32
206.71
207.09
207.46
207.82
208.18
208.56
208.97
209.36
209.74
210.12
210.51
210.91
211.29
211.68
212.07
212.46
212.88
213.28
213.66
214.06
214.46
214.88
215.26
215.66
216.08
216.46
216.87
217.24
217.63
218.02
218.42
218.82
219.2
219.58
219.96
220.35
220.73
221.12
221.48
221.88
222.26
222.6
222.98
223.34
223.7
224.04
224.4
224.76
225.12
225.48
225.85
226.21
226.57
226.94
227.29
227.64
227.99
228.32
228.69
229.04
229.37
229.75
230.11
230.45
230.83
231.17
231.55
231.91
232.25
232.63
232.97
233.34
233.7
234.07
234.41
234.79
235.13
235.49
235.87
236.23
236.59
236.93
237.29
237.65
238.02
238.38
238.77
239.16
239.55
239.96
240.34
240.74
241.12
241.49
241.89
242.25
242.6
242.96
243.31
243.68
244.04
244.39
244.76
245.12
245.47
245.83
246.17
246.52
246.89
247.23
247.59
247.93
248.29
248.65
249.0
249.36
249.71
250.07
250.43
250.81
251.16
251.52
251.86
252.2
252.55
252.92
253.28
253.63
253.97
254.3
254.65
255.0
255.35
255.7
256.08
256.44
256.8
257.14
257.51
257.89
258.29
258.68
259.07
259.45
259.85
260.25
260.66
261.05
261.45
261.86
262.26
262.68
263.13
263.55
263.99
264.4
264.79
265.16
265.52
265.87
266.22
266.58
266.95
267.31
267.66
268.0
268.35
268.7
269.04
269.39
269.72
270.07
270.43
270.78
271.14
271.48
271.83
272.2
272.57
272.94
273.31
273.71
274.09
274.48
274.87
275.24
275.61
275.98
276.34
276.71
277.08
277.48
277.85
278.22
278.58
278.95
279.3
279.66
280.03
280.43
280.82
281.22
281.6
281.98
282.35
282.73
283.11
283.48
283.86
284.22
284.59
284.96
285.35
285.69
286.05
286.43
286.77
287.13
287.51
287.87
288.23
288.59
288.95
289.31
289.66
290.01
290.38
290.74
291.09
291.47
291.83
292.18
292.56
292.92
293.29
293.64
294.0
294.36
294.73
295.1
295.46
295.81
296.16
296.52
296.91
297.28
297.68
298.06
298.44
298.81
299.19
299.57
299.95
300.33
300.71
301.09
301.47
301.84
302.22
302.61
303.0
303.38
303.74
304.12
304.53
304.92
305.32
305.74
306.14
306.53
306.92
307.29
307.67
308.04
308.47
308.93
309.37
309.8
310.23
310.67
311.13
311.57
311.99
312.45
312.84
313.22
313.61
314.0
314.44
314.84
315.27
315.72
316.14
316.51
316.86
317.23
317.62
317.99
318.4
318.83
319.24
319.61
320.02
320.41
320.8
321.17
321.57
322.0
322.42
322.82
323.27
323.74
324.18
324.58
324.98
325.4
325.82
326.22
326.64
327.06
327.49
327.92
328.34
328.69
329.08
329.43
329.82
330.22
330.62
331.02
331.41
331.81
332.22
332.65
333.04
333.44
333.82
334.21
334.59
334.99
335.39
335.78
336.15
336.52
336.88
337.24
337.61
337.98
338.36
338.72
339.07
339.42
339.78
340.14
340.5
340.85
341.22
341.56
341.91
342.26
342.61
342.97
343.34
343.71
344.08
344.48
344.86
345.21
345.58
345.96
346.33
346.69
347.07
347.46
347.84
348.22
348.6
348.97
349.34
349.73
350.1
350.46
350.82
351.19
351.56
351.93
352.31
352.69
353.08
353.47
353.87
354.28
354.66
355.05
355.44
355.84
356.26
356.66
357.04
357.4
357.77
358.13
358.5
358.87
359.22
359.57
359.94
360.33
360.7
361.08
361.45
361.82
362.19
362.55
362.93
363.3
363.65
364.01
364.37
364.73
365.13
365.6
366.03
366.49
366.95
367.4
367.84
368.29
368.72
369.17
369.6
370.03
370.49
370.95
371.4
371.88
372.28
372.7
373.11
373.54
373.93
374.35
374.76
375.19
375.59
376.04
376.45
376.89
377.33
377.76
378.22
378.68
379.13
379.57
379.99
380.43
380.89
381.35
381.78
382.24
382.67
383.08
383.49
383.92
384.38
384.81
385.26
385.69
386.14
386.57
387.01
387.45
387.93
388.39
388.87
389.33
389.82
390.28
390.64
391.0
391.35
391.7
392.06
392.42
392.76
393.14
393.48
393.84
394.16
394.5
394.85
395.19
395.54
395.88
396.23
396.59
396.93
397.3
397.66
398.01
398.35
398.72
399.07
399.41
399.77
400.13
400.49
400.84
401.21
401.56
401.91
402.25
402.6
402.95
403.31
403.65
404.0
404.35
404.71
405.06
405.39
405.74
406.09
406.43
406.79
407.15
407.49
407.86
408.22
408.58
408.93
409.27
409.62
409.96
410.29
410.63
410.97
411.31
411.66
412.08
412.53
413.06
413.6
414.14
414.68
415.24
415.96
416.64
417.34
418.04
418.73
419.38
420.07
420.72
421.43
422.11
422.74
423.39
424.02
424.66
425.34
426.02
426.71
427.35
428.0
428.69
429.34
429.99
430.65
431.29
431.91
432.56
433.24
434.0
434.72
435.43
436.13
436.84
437.58
438.36
439.13
439.9
440.77
441.7
442.55
443.47
444.34
445.18
446.06
446.87
447.83
448.87
449.98
451.03
451.97
452.91
453.9
455.02
455.95
456.91
457.83
458.65
459.54
460.38
461.25
462.06
462.82
463.59
464.39
465.21
465.98
466.77
467.64
468.45
469.28
470.05
470.9
471.69
472.53
473.32
474.11
474.78
475.45
476.1
476.74
477.4
478.06
478.76
479.48
480.23
481.0
481.75
482.54
483.33
484.14
484.95
485.7
