0.3
0.64
1.0
1.34
1.68
2.04
2.38
2.72
3.06
3.39
3.74
4.1
4.44
4.8
5.14
5.48
5.83
6.18
6.55
6.88
7.24
7.59
7.94
8.29
8.63
8.99
9.34
9.7
10.05
10.41
10.75
11.12
11.47
11.83
12.2
12.57
12.93
13.27
13.62
13.96
14.31
14.66
15.02
15.4
15.76
16.11
16.47
16.88
17.25
17.66
18.05
18.42
18.81
19.19
19.56
19.95
20.31
20.69
21.07
21.47
21.85
22.21
22.56
22.91
23.27
23.63
24.0
24.37
24.74
25.1
25.47
25.84
26.22
26.59
26.97
27.32
27.68
28.04
28.39
28.77
29.17
29.55
29.91
30.3
30.69
31.07
31.44
31.81
32.18
32.56
32.91
33.28
33.66
34.04
34.44
34.81
35.14
35.49
35.84
36.19
36.53
36.86
37.2
37.54
37.88
38.23
38.57
38.92
39.26
39.6
39.95
40.32
40.68
41.04
41.41
41.77
42.16
42.53
42.92
43.3
43.68
44.04
44.4
44.75
45.11
45.46
45.83
46.21
46.6
46.99
47.36
47.74
48.12
48.5
48.87
49.25
49.64
50.02
50.4
50.79
51.2
51.62
52.03
52.42
52.85
53.29
53.74
54.26
54.75
55.23
55.71
56.17
56.61
57.05
57.5
58.05
58.61
59.14
59.66
60.23
60.71
61.19
61.65
62.15
62.64
63.13
63.66
64.16
64.63
65.13
65.65
66.15
66.61
67.09
67.59
68.02
68.49
68.9
69.33
69.78
70.19
70.62
71.05
71.46
71.89
72.29
72.71
73.16
73.63
74.08
74.53
74.98
75.41
75.83
76.25
76.68
77.13
77.54
77.98
78.44
78.89
79.34
79.82
80.26
80.74
81.19
81.65
82.09
82.53
82.96
83.4
83.85
84.32
84.77
85.22
85.65
86.11
86.54
86.98
87.39
87.84
88.26
88.69
89.11
89.53
89.94
90.34
90.75
91.16
91.58
91.98
92.39
92.81
93.22
93.62
93.98
94.37
94.75
95.12
95.49
95.87
96.24
96.62
96.98
97.37
97.75
98.12
98.51
98.9
99.26
99.64
100.03
100.44
100.83
101.22
101.63
102.03
102.43
102.83
103.22
103.63
104.03
104.42
104.82
105.2
105.59
105.97
106.37
106.79
107.19
107.59
107.98
108.36
108.75
109.15
109.53
109.92
110.3
110.67
111.03
111.41
111.79
112.17
112.53
112.91
113.29
113.68
114.07
114.45
114.83
115.21
115.58
115.96
116.34
116.72
117.11
117.49
117.86
118.25
118.61
119.0
119.41
119.85
120.29
120.75
121.18
121.63
122.06
122.48
122.9
123.33
123.81
124.25
124.74
125.21
125.72
126.21
126.69
127.2
127.69
128.23
128.71
129.25
129.75
130.19
130.66
131.11
131.58
132.04
132.52
133.0
133.47
133.91
134.39
134.83
135.29
135.75
136.23
136.69
137.15
137.59
138.07
138.53
139.01
139.46
139.93
140.42
140.87
141.3
141.77
142.2
142.67
143.14
143.62
144.1
144.55
144.99
145.43
145.88
146.35
146.82
147.31
147.77
148.17
148.55
148.93
149.31
149.69
150.04
150.42
150.79
151.16
151.54
151.89
152.26
152.63
152.99
153.35
153.71
154.08
154.44
154.8
155.17
155.53
155.9
156.27
156.64
157.01
157.36
157.72
158.1
158.48
158.84
159.22
159.62
159.99
160.35
160.72
161.08
161.45
161.83
162.23
162.61
162.98
163.35
163.71
164.09
164.45
164.82
165.2
165.58
165.95
166.3
166.67
167.04
167.41
167.8
168.2
168.58
168.97
169.36
169.75
170.16
170.54
170.94
171.33
171.72
172.1
172.49
172.89
173.28
173.68
174.08
174.46
174.86
175.24
175.63
176.02
176.42
176.81
177.23
177.63
178.02
178.4
178.78
179.14
179.52
179.91
180.32
180.71
181.1
181.45
181.84
182.19
182.56
182.95
183.35
183.74
184.13
184.53
184.9
185.31
185.7
186.09
186.46
186.86
187.27
187.65
188.06
188.47
188.85
189.26
189.66
190.07
190.45
190.86
191.32
191.76
192.18
192.64
193.06
193.5
193.96
194.39
194.82
195.24
195.66
196.05
196.44
196.82
197.2
197.58
197.98
198.36
198.72
199.08
199.45
199.82
200.22
200.6
200.97
201.34
201.72
202.12
202.5
202.91
203.3
203.69
204.07
204.45
204.82
205.2
205.57
205.95
206.32
206.71
207.07
207.44
207.82
208.21
208.59
208.98
209.35
209.73
210.1
210.48
210.85
211.23
211.59
211.98
212.33
212.72
213.09
213.44
213.81
214.2
214.58
214.96
215.35
215.75
216.12
216.51
216.92
217.31
217.69
218.07
218.46
218.87
219.29
219.71
220.12
220.53
220.9
221.3
221.68
222.08
222.49
222.92
223.33
223.74
224.13
224.54
224.95
225.38
225.78
226.16
226.54
226.94
227.34
227.74
228.14
228.57
228.96
229.39
229.8
230.18
230.59
230.99
231.4
231.78
232.18
232.58
232.98
233.38
233.78
234.2
234.55
234.92
235.27
235.63
236.01
236.37
236.73
237.08
237.45
237.81
238.17
238.53
238.87
239.25
239.59
239.96
240.31
240.67
241.03
241.39
241.74
242.09
242.45
242.78
243.14
243.51
243.87
244.23
244.57
244.91
245.28
245.64
246.01
246.4
246.76
247.13
247.52
247.89
248.28
248.64
249.0
249.36
249.72
250.09
250.44
250.8
251.18
251.54
251.9
252.26
252.61
252.97
253.35
253.73
254.07
254.43
254.79
255.16
255.52
255.87
256.23
256.6
256.97
257.33
257.69
258.04
258.41
258.78
259.17
259.56
259.94
260.29
260.64
260.97
261.33
261.68
262.03
262.39
262.72
263.11
263.51
263.89
264.3
264.72
265.17
265.6
266.01
266.46
266.91
267.38
267.83
268.28
268.72
269.16
269.63
270.1
270.55
270.98
271.43
271.88
272.33
272.78
273.25
273.69
274.1
274.52
274.9
275.26
275.62
276.01
276.38
276.76
277.15
277.53
277.92
278.31
278.71
279.08
279.49
279.87
280.24
280.59
280.96
281.34
281.72
282.09
282.46
282.83
283.19
283.56
283.94
284.32
284.72
285.1
285.45
285.84
286.21
286.58
286.95
287.31
287.68
288.05
288.45
288.84
289.21
289.62
290.0
290.39
290.77
291.14
291.51
291.89
292.27
292.66
293.04
293.41
293.76
294.13
294.47
294.82
295.15
295.5
295.84
296.17
296.51
296.86
297.2
297.55
297.91
298.25
298.6
298.94
299.3
299.68
300.04
300.41
300.77
301.14
301.52
301.89
302.28
302.66
303.02
303.4
303.75
304.12
304.5
304.86
305.23
305.61
306.0
306.38
306.77
307.14
307.53
307.91
308.29
308.66
309.04
309.42
309.81
310.2
310.61
311.05
311.47
311.88
312.31
312.73
313.16
313.64
314.13
314.62
315.11
315.59
316.02
316.43
316.86
317.29
317.75
318.24
318.7
319.18
319.65
320.12
320.58
321.04
321.51
322.0
322.49
322.97
323.44
323.92
324.39
324.89
325.34
325.8
326.25
326.71
327.19
327.63
328.05
328.49
328.92
329.35
329.75
330.18
330.6
331.03
331.43
331.86
332.31
332.76
333.2
333.62
334.07
334.49
334.89
335.31
335.75
336.19
336.6
337.05
337.46
337.9
338.34
338.76
339.22
339.7
340.15
340.61
341.04
341.5
341.92
342.36
342.8
343.26
343.69
344.13
344.55
344.98
345.4
345.83
346.27
346.7
347.12
347.54
347.95
348.35
348.76
349.15
349.54
349.95
350.34
350.75
351.14
351.55
351.95
352.32
352.68
353.05
353.43
353.78
354.16
354.52
354.89
355.26
355.63
356.02
356.4
356.77
357.15
357.55
357.91
358.29
358.68
359.08
359.47
359.86
360.25
360.64
361.02
361.38
361.79
362.19
362.6
362.99
363.4
363.78
364.19
364.57
364.97
365.38
365.78
366.18
366.57
366.98
367.38
367.77
368.15
368.54
368.93
369.31
369.69
370.06
370.44
370.8
371.15
371.52
371.87
372.26
372.64
373.01
373.39
373.76
374.14
374.54
374.96
375.35
375.76
376.16
376.56
376.94
377.35
377.79
378.25
378.69
379.11
379.55
380.0
380.44
380.89
381.32
381.75
382.22
382.65
383.13
383.61
384.12
384.6
385.08
385.6
386.09
386.56
387.08
387.58
388.07
388.51
388.99
389.43
389.89
390.35
390.83
391.3
391.75
392.21
392.68
393.13
393.61
394.06
394.53
394.98
395.44
395.87
396.33
396.75
397.21
397.65
398.18
398.74
399.23
399.68
400.16
400.62
401.09
401.58
402.11
402.59
402.96
403.34
403.7
404.08
404.44
404.79
405.15
405.52
405.87
406.24
406.58
406.95
407.3
407.67
408.03
408.39
408.75
409.11
409.46
409.82
410.18
410.54
410.93
411.3
411.67
412.05
412.44
412.81
413.2
413.57
413.97
414.36
414.75
415.14
415.57
415.98
416.35
416.72
417.12
417.47
417.84
418.2
418.56
418.91
419.27
419.62
419.98
420.35
420.72
421.09
421.45
421.83
422.2
422.56
422.96
423.32
423.7
424.1
424.47
424.85
425.22
425.58
425.96
426.32
426.69
427.06
427.44
427.81
428.15
428.51
428.87
429.22
429.57
429.9
430.25
430.62
430.97
431.3
431.68
432.04
432.38
432.74
433.1
433.48
433.86
434.21
434.56
434.92
435.29
435.68
436.05
436.41
436.8
437.18
437.55
437.93
438.3
438.66
439.03
439.39
439.75
440.11
440.52
440.92
441.33
441.76
442.17
442.53
442.93
443.3
443.67
444.06
444.43
444.81
445.21
445.54
445.88
446.22
446.56
446.9
447.25
447.59
447.94
448.32
448.68
449.03
449.4
449.76
450.16
450.54
450.9
451.29
451.7
452.11
452.54
452.93
453.36
453.75
454.2
454.68
455.13
455.59
456.06
456.51
457.0
457.45
457.92
458.41
458.88
459.35
459.81
460.28
460.76
461.23
461.68
462.17
462.63
463.1
463.54
464.0
464.46
464.96
465.48
466.03
466.58
467.17
467.72
468.23
468.75
469.32
469.92
470.49
471.08
471.66
472.26
472.9
473.57
474.27
474.9
475.6
476.22
476.9
477.59
478.28
479.05
479.87
480.69
481.45
482.27
483.1
483.97
484.81
485.67
486.61
487.53
488.42
489.32
490.26
491.21
492.28
493.28
494.27
495.31
496.33
497.22
498.08
498.97
499.82
500.72
501.59
502.48
503.31
504.18
505.05
