0.98
2.37
3.73
5.12
6.54
7.94
9.33
10.75
12.2
13.62
15.0
16.48
18.04
19.57
21.09
22.55
23.99
25.46
26.96
28.39
29.9
31.43
32.91
34.43
35.83
37.19
38.56
39.94
41.4
42.91
44.56
46.2
47.74
49.24
50.79
52.42
54.24
56.16
58.04
60.23
62.14
64.15
66.12
68.01
69.77
71.45
73.16
74.97
76.68
78.44
80.23
82.08
83.85
85.64
87.39
89.11
90.74
92.38
93.98
95.48
96.98
98.5
100.02
101.62
103.22
104.81
106.36
107.97
109.52
111.02
112.53
114.07
115.57
117.1
118.61
120.33
122.05
123.8
125.72
127.49
128.96
130.66
132.51
134.39
136.23
138.07
139.92
141.76
143.61
145.42
147.3
148.92
150.41
151.88
153.34
154.79
156.26
157.71
159.22
160.71
162.22
163.71
165.2
166.66
168.19
169.75
171.32
172.88
174.45
176.01
177.62
179.14
180.77
182.54
184.13
185.7
187.27
188.85
190.45
191.95
193.55
195.23
196.82
198.35
199.82
201.33
202.89
204.44
205.93
207.43
208.97
210.48
211.97
213.44
214.95
216.51
218.06
219.73
221.29
222.91
224.53
226.15
227.72
229.15
230.58
232.04
233.46
234.91
236.36
237.79
239.24
240.66
242.08
243.5
244.91
246.4
247.88
249.36
250.79
252.25
253.72
255.15
256.6
258.04
259.56
260.97
262.39
263.89
265.59
267.37
269.15
270.96
272.56
274.1
275.62
277.15
278.7
280.23
281.71
283.18
284.72
286.21
287.67
289.21
290.77
292.27
293.75
295.14
296.51
297.9
299.3
300.77
302.27
303.75
305.22
306.76
308.28
309.8
311.46
313.15
315.1
317.45
319.61
321.51
323.43
325.31
327.17
328.91
330.59
332.3
334.06
335.75
337.46
339.21
341.04
342.79
344.55
346.26
347.95
349.54
351.14
352.67
354.16
355.63
357.15
358.67
360.24
361.79
363.39
364.96
366.57
368.14
369.68
371.15
372.63
374.13
375.6
377.13
378.71
380.15
381.74
383.6
385.45
387.17
388.97
390.82
392.68
394.52
396.32
398.18
400.15
402.1
403.69
405.14
406.58
408.03
409.45
410.92
412.44
413.96
415.46
416.89
418.37
419.8
421.27
422.75
424.11
425.38
426.88
428.32
429.79
431.29
432.73
434.2
435.68
437.18
438.65
440.1
441.66
443.28
444.8
446.22
447.58
449.03
450.53
452.1
453.75
455.59
457.44
459.33
461.21
463.09
464.96
467.16
469.32
471.65
474.26
476.89
479.86
483.12
486.61
490.25
493.62
496.5
499.34
502.47
