0.97
2.49
4.03
5.6
7.21
8.82
10.37
11.92
13.52
15.11
16.68
18.32
19.91
21.36
22.8
24.36
25.92
27.55
29.21
30.84
32.46
34.13
35.84
37.51
39.11
40.72
42.32
43.95
45.59
47.26
48.95
50.58
52.29
53.98
55.69
57.8
59.71
61.69
63.63
65.87
67.78
69.77
71.7
73.37
75.12
76.91
78.63
80.42
82.2
83.95
85.76
87.53
89.27
91.11
92.96
94.76
96.6
98.49
100.36
101.96
103.52
105.11
106.7
108.38
110.05
111.74
113.39
115.08
116.72
118.35
119.99
121.59
123.19
124.78
126.53
128.33
129.98
131.76
133.57
135.48
137.26
138.97
140.82
142.67
144.54
146.44
148.25
150.1
151.95
153.92
155.9
157.71
159.3
160.89
162.5
164.09
165.67
167.23
168.83
170.43
172.05
173.67
175.28
176.85
178.43
180.1
181.79
183.49
185.13
186.82
188.51
190.21
191.94
193.7
195.56
197.38
199.16
200.85
202.51
204.15
205.89
207.69
209.41
211.12
212.83
214.53
216.2
217.9
219.6
221.31
223.02
224.76
226.48
228.14
229.79
231.41
233.1
234.74
236.34
237.93
239.52
241.16
242.79
244.39
245.99
247.6
249.22
250.8
252.38
253.95
255.54
257.19
258.83
260.46
262.11
263.74
265.34
266.98
268.55
270.14
271.76
273.34
274.89
276.41
277.99
279.59
281.15
282.72
284.73
286.71
288.54
290.44
292.29
293.89
295.45
296.99
298.52
300.09
301.65
303.23
304.76
306.31
307.93
309.51
311.1
312.64
314.24
315.83
317.42
319.02
320.64
322.26
323.85
325.44
327.05
328.66
330.29
332.13
334.23
336.56
338.75
340.66
342.55
344.27
345.85
347.52
349.19
350.85
352.57
354.27
355.99
357.74
359.48
361.25
363.07
364.85
366.61
368.4
370.2
371.86
373.46
375.03
376.61
378.15
379.81
381.49
383.15
384.82
386.45
388.08
389.67
391.22
392.84
394.44
396.05
397.82
399.64
401.36
403.12
404.93
406.72
408.44
410.23
412.05
413.86
415.67
417.45
419.25
421.11
423.15
424.82
426.38
427.95
429.55
431.13
432.73
434.37
436.02
437.63
439.25
440.87
442.47
444.13
445.72
447.32
448.92
450.62
452.2
453.73
455.3
456.84
458.4
459.97
461.55
463.18
464.78
466.37
467.95
469.53
471.09
472.55
474.03
475.49
477.12
479.01
480.89
482.81
484.71
486.7
488.53
490.35
492.08
493.87
495.78
497.67
499.41
501.15
502.81
504.46
506.29
508.14
509.73
511.17
512.61
514.06
515.48
517.06
518.95
