0.2
0.58
0.98
1.35
1.72
2.11
2.5
2.88
3.27
3.65
4.04
4.43
4.82
5.2
5.59
6.0
6.41
6.82
7.22
7.62
8.02
8.42
8.82
9.2
9.6
9.99
10.38
10.78
11.17
11.54
11.93
12.32
12.73
13.13
13.52
13.93
14.32
14.72
15.12
15.51
15.91
16.3
16.69
17.1
17.52
17.92
18.32
18.75
19.21
19.66
20.11
20.54
20.99
21.44
21.91
22.36
22.8
23.19
23.59
23.97
24.37
24.75
25.15
25.53
25.92
26.34
26.75
27.15
27.56
27.98
28.4
28.81
29.22
29.63
30.03
30.44
30.84
31.24
31.64
32.05
32.47
32.89
33.31
33.72
34.13
34.56
34.99
35.41
35.85
36.26
36.71
37.12
37.52
37.93
38.32
38.72
39.11
39.52
39.91
40.31
40.72
41.12
41.52
41.92
42.33
42.74
43.14
43.55
43.95
44.36
44.77
45.18
45.6
45.99
46.41
46.82
47.27
47.69
48.12
48.55
48.96
49.37
49.78
50.17
50.58
51.01
51.44
51.87
52.3
52.73
53.14
53.57
53.99
54.4
54.84
55.27
55.7
56.12
56.54
56.96
57.37
57.81
58.29
58.76
59.21
59.71
60.23
60.74
61.23
61.71
62.16
62.59
63.04
63.49
63.94
64.42
64.9
65.4
65.88
66.35
66.83
67.3
67.79
68.27
68.77
69.27
69.77
70.31
70.8
71.24
71.7
72.13
72.55
72.95
73.37
73.81
74.23
74.67
75.12
75.59
76.04
76.48
76.91
77.35
77.77
78.2
78.64
79.09
79.53
79.96
80.43
80.87
81.31
81.75
82.2
82.65
83.08
83.52
83.95
84.42
84.85
85.31
85.77
86.22
86.66
87.1
87.54
87.97
88.4
88.82
89.27
89.73
90.19
90.66
91.12
91.59
92.04
92.5
92.96
93.42
93.87
94.32
94.76
95.2
95.63
96.1
96.6
97.08
97.55
98.02
98.5
98.99
99.44
99.89
100.36
100.77
101.18
101.58
101.97
102.36
102.76
103.14
103.52
103.93
104.33
104.72
105.11
105.53
105.92
106.32
106.71
107.11
107.53
107.95
108.38
108.8
109.23
109.63
110.06
110.47
110.9
111.31
111.74
112.14
112.56
112.97
113.4
113.82
114.25
114.67
115.08
115.5
115.9
116.32
116.73
117.14
117.55
117.96
118.36
118.77
119.18
119.6
119.99
120.39
120.79
121.19
121.6
121.99
122.4
122.8
123.19
123.6
123.99
124.4
124.79
125.21
125.62
126.08
126.53
127.0
127.47
127.91
128.33
128.75
129.15
129.57
129.99
130.45
130.87
131.32
131.76
132.2
132.63
133.09
133.57
134.09
134.57
135.01
135.44
135.86
136.29
136.73
137.16
137.59
138.07
138.52
138.97
139.43
139.89
140.37
140.82
141.27
141.75
142.2
142.68
143.15
143.63
144.09
144.55
145.03
145.51
145.96
146.44
146.89
147.36
147.81
148.26
148.72
149.18
149.64
150.12
150.56
151.04
151.5
151.96
152.44
152.94
153.42
153.92
154.42
154.9
155.31
155.72
156.11
156.51
156.91
157.31
157.72
158.11
158.5
158.9
159.3
159.71
160.11
160.5
160.9
161.3
161.71
162.12
162.5
162.91
163.32
163.72
164.1
164.5
164.9
165.29
165.68
166.07
166.47
166.84
167.23
167.63
168.03
168.43
168.83
169.24
169.64
170.03
170.43
170.82
171.23
171.63
172.05
172.46
172.87
173.27
173.67
174.08
174.49
174.89
175.28
175.69
176.08
176.48
176.86
177.24
177.63
178.03
178.43
178.84
179.25
179.67
180.1
180.52
180.97
181.39
181.8
182.22
182.66
183.07
183.49
183.92
184.34
184.75
185.14
185.56
185.98
186.4
186.83
187.25
187.68
188.1
188.52
188.93
189.35
189.78
190.22
190.65
191.06
191.49
191.94
192.36
192.8
193.23
193.66
194.07
194.5
194.95
195.38
195.79
196.22
196.65
197.1
197.52
197.93
198.36
198.76
199.16
199.58
200.01
200.44
200.85
201.27
201.68
202.08
202.51
202.91
203.34
203.75
204.16
204.59
205.02
205.44
205.89
206.35
206.8
207.25
207.7
208.13
208.58
209.08
209.55
210.08
210.57
211.12
211.68
212.24
212.84
213.4
213.96
214.54
215.1
215.64
216.2
216.78
217.34
217.9
218.47
219.02
219.6
220.19
220.75
221.32
221.9
222.45
223.02
223.6
224.19
224.77
225.33
225.9
226.5
227.09
227.61
228.15
228.7
229.23
229.81
230.35
230.86
231.41
231.85
232.28
232.69
233.11
233.51
233.93
234.33
234.75
235.13
235.54
235.93
236.35
236.74
237.14
237.53
237.93
238.34
238.72
239.12
239.52
239.92
240.33
240.74
241.17
241.58
241.98
242.4
242.79
243.18
243.58
243.98
244.39
244.78
245.19
245.58
245.99
246.4
246.8
247.19
247.61
248.0
248.42
248.83
249.24
249.64
250.02
250.41
250.8
251.2
251.59
251.98
252.37
252.74
253.13
253.53
253.91
254.31
254.74
255.13
255.55
255.95
256.37
256.79
257.2
257.6
258.01
258.42
258.84
259.25
259.65
260.07
260.46
260.87
261.28
261.69
262.11
262.52
262.91
263.34
263.74
264.15
264.55
264.96
265.37
265.8
266.19
266.58
266.98
267.38
267.77
268.16
268.56
268.96
269.36
269.75
270.15
270.56
270.96
271.35
271.77
272.15
272.55
272.95
273.34
273.73
274.12
274.5
274.89
275.28
275.67
276.05
276.41
276.8
277.2
277.59
277.99
278.39
278.8
279.19
279.59
279.98
280.38
280.76
281.15
281.56
281.95
282.35
282.73
283.15
283.61
284.05
284.49
284.92
285.35
285.8
286.25
286.72
287.16
287.61
288.05
288.54
289.01
289.48
289.92
290.31
290.72
291.12
291.51
291.9
292.3
292.7
293.1
293.48
293.89
294.29
294.68
295.06
295.45
295.86
296.24
296.61
297.0
297.37
297.76
298.14
298.53
298.91
299.32
299.72
300.1
300.49
300.89
301.28
301.66
302.05
302.45
302.84
303.23
303.63
304.01
304.4
304.77
305.14
305.54
305.94
306.32
306.73
307.14
307.53
307.94
308.33
308.72
309.12
309.52
309.93
310.32
310.72
311.1
311.49
311.87
312.26
312.65
313.05
313.45
313.85
314.24
314.64
315.04
315.44
315.84
316.24
316.64
317.04
317.43
317.82
318.22
318.63
319.02
319.42
319.83
320.23
320.65
321.07
321.47
321.87
322.27
322.67
323.07
323.46
323.85
324.25
324.64
325.04
325.44
325.84
326.25
326.65
327.06
327.45
327.84
328.25
328.66
329.06
329.49
329.89
330.29
330.77
331.22
331.69
332.13
332.62
333.09
333.61
334.1
334.57
335.05
335.56
336.03
336.57
337.14
337.67
338.19
338.75
339.24
339.7
340.2
340.67
341.13
341.61
342.09
342.55
343.03
343.45
343.88
344.28
344.68
345.07
345.46
345.86
346.26
346.7
347.11
347.52
347.96
348.37
348.79
349.2
349.63
350.03
350.45
350.86
351.29
351.7
352.13
352.58
353.01
353.43
353.85
354.28
354.73
355.15
355.58
356.0
356.45
356.86
357.3
357.74
358.2
358.64
359.07
359.49
359.91
360.35
360.79
361.26
361.73
362.19
362.63
363.08
363.52
363.97
364.4
364.85
365.29
365.73
366.16
366.61
367.03
367.47
367.93
368.4
368.87
369.32
369.75
370.21
370.62
371.06
371.47
371.87
372.25
372.65
373.05
373.46
373.86
374.26
374.64
375.03
375.43
375.82
376.22
376.61
377.0
377.39
377.77
378.16
378.56
378.98
379.38
379.81
380.22
380.64
381.06
381.49
381.9
382.34
382.74
383.16
383.56
383.97
384.38
384.81
385.22
385.63
386.04
386.45
386.86
387.26
387.66
388.08
388.48
388.87
389.28
389.67
390.06
390.45
390.85
391.23
391.62
392.03
392.44
392.84
393.25
393.66
394.05
394.44
394.86
395.26
395.66
396.06
396.44
396.84
397.25
397.63
398.02
398.41
398.82
399.24
399.65
400.09
400.51
400.93
401.36
401.8
402.25
402.69
403.13
403.56
404.01
404.48
404.93
405.4
405.87
406.29
406.72
407.17
407.59
408.03
408.45
408.89
409.34
409.8
410.24
410.7
411.16
411.61
412.06
412.49
412.94
413.39
413.87
414.33
414.79
415.24
415.68
416.11
416.55
417.0
417.46
417.89
418.36
418.81
419.26
419.71
420.19
420.63
421.12
421.6
422.1
422.6
423.14
423.64
424.04
424.44
424.83
425.23
425.62
425.99
426.38
426.78
427.18
427.57
427.96
428.37
428.77
429.17
429.55
429.96
430.37
430.75
431.15
431.56
431.95
432.35
432.73
433.14
433.56
433.96
434.38
434.79
435.2
435.59
436.02
436.42
436.82
437.22
437.64
438.04
438.45
438.85
439.26
439.67
440.08
440.48
440.88
441.29
441.69
442.07
442.48
442.89
443.32
443.73
444.15
444.55
444.95
445.34
445.72
446.13
446.53
446.92
447.32
447.74
448.14
448.54
448.92
449.35
449.78
450.21
450.63
451.03
451.45
451.83
452.2
452.6
452.98
453.35
453.73
454.13
454.53
454.92
455.31
455.69
456.08
456.47
456.85
457.25
457.63
458.01
458.4
458.81
459.2
459.58
459.97
460.35
460.74
461.16
461.56
461.97
462.39
462.8
463.19
463.6
463.99
464.4
464.79
465.19
465.58
465.98
466.38
466.8
467.18
467.56
467.95
468.35
468.74
469.14
469.52
469.9
470.3
470.72
471.1
471.5
471.92
472.3
472.71
473.12
473.52
473.9
474.32
474.7
475.11
475.5
475.92
476.32
476.72
477.16
477.62
478.08
478.56
479.01
479.48
479.94
480.4
480.84
481.31
481.81
482.29
482.79
483.25
483.77
484.26
484.72
485.21
485.7
486.2
486.7
487.18
487.66
488.09
488.54
489.0
489.45
489.89
490.36
490.79
491.2
491.63
492.09
492.51
492.95
493.39
493.87
494.36
494.83
495.32
495.78
496.28
496.74
497.23
497.67
498.1
498.56
499.0
499.42
499.86
500.32
500.76
501.2
501.59
502.0
502.43
502.82
503.25
503.65
504.05
504.46
504.88
505.3
505.69
506.12
506.52
506.94
507.35
507.76
508.15
508.58
508.97
509.35
509.73
510.1
510.46
510.82
511.17
511.52
511.89
512.26
512.61
512.96
513.32
513.68
514.06
514.42
514.78
515.12
515.49
515.9
516.28
516.66
517.07
517.45
517.83
518.21
518.59
518.95
519.33
519.73
520.11
520.47
520.85
