0.99
2.39
3.77
5.22
6.7
8.16
9.6
11.08
12.53
13.98
15.41
16.85
18.12
19.41
20.78
22.23
23.71
25.22
26.7
28.18
29.63
31.16
32.67
34.25
36.1
37.75
39.26
40.76
42.26
43.87
45.42
46.94
48.48
50.03
51.58
53.37
55.27
57.16
59.0
60.87
62.79
64.73
66.44
68.04
69.88
71.73
73.53
75.32
77.17
79.15
81.07
82.68
84.22
85.78
87.33
88.89
90.41
92.02
93.54
95.03
96.51
97.98
99.44
100.92
102.43
103.94
105.46
106.97
108.44
109.96
111.46
112.94
114.48
116.0
117.52
119.12
120.73
122.47
124.22
125.87
127.34
129.02
130.74
132.46
134.23
135.91
137.6
139.24
140.87
142.64
144.52
146.0
147.46
148.93
150.43
151.94
153.45
154.91
156.44
157.94
159.45
160.95
162.43
163.95
165.46
167.07
168.64
170.18
171.74
173.27
174.82
176.39
178.01
180.08
182.01
184.0
186.41
188.84
191.39
194.39
197.39
200.36
203.35
206.33
209.38
212.35
215.4
218.5
221.61
224.83
227.93
230.91
233.87
236.79
239.73
242.5
244.13
245.68
247.13
248.57
250.06
251.53
252.97
254.43
255.87
257.34
258.77
260.19
261.8
263.47
265.19
266.89
268.55
270.07
271.61
273.17
274.71
276.18
277.67
279.15
280.61
282.07
283.56
285.06
286.55
288.03
289.54
291.01
292.51
294.03
295.5
297.11
298.77
300.4
301.91
303.42
304.94
306.81
308.72
310.59
312.38
314.25
316.14
318.03
319.75
321.64
323.54
325.37
327.14
328.88
330.78
332.53
334.19
335.76
337.3
338.84
340.36
341.85
343.34
344.86
346.36
347.83
349.29
350.76
352.23
353.7
355.2
356.64
358.17
359.68
361.16
362.64
364.13
365.64
367.17
368.65
370.16
371.79
373.29
374.97
376.71
378.36
379.87
381.55
383.27
384.95
386.65
388.35
390.1
392.05
394.14
395.7
397.13
398.58
400.07
401.51
403.01
404.48
405.93
407.41
408.88
410.35
411.9
413.51
414.99
416.43
417.83
419.31
420.82
422.4
423.86
425.25
426.7
428.18
429.56
430.98
432.48
433.92
435.36
436.77
438.2
439.66
441.14
442.67
444.21
445.93
447.75
449.54
451.58
453.65
455.64
457.4
459.65
462.35
465.25
468.3
471.82
475.15
478.89
481.79
484.62
487.26
