0.27
0.99
1.69
2.39
3.09
3.78
4.5
5.23
5.97
6.7
7.43
8.17
8.88
9.61
10.36
11.07
11.81
12.53
13.26
13.98
14.7
15.42
16.14
16.86
17.65
18.45
19.25
20.02
20.79
21.55
22.29
23.0
23.71
24.49
25.23
25.98
26.7
27.47
28.18
28.93
29.63
30.42
31.17
31.93
32.68
33.46
34.22
35.01
35.81
36.56
37.39
38.13
38.88
39.65
40.38
41.15
41.88
42.66
43.52
44.3
45.03
45.81
46.56
47.33
48.1
48.88
49.65
50.42
51.2
51.99
52.75
53.43
54.29
55.28
56.26
57.16
58.03
59.01
59.94
60.88
61.79
62.79
63.76
64.73
65.59
66.46
67.24
68.05
68.93
69.88
70.82
71.75
72.59
73.38
74.14
74.83
75.32
75.78
76.24
76.71
77.18
77.65
78.14
78.61
79.07
79.48
79.9
80.31
80.71
81.1
81.52
81.92
82.3
82.69
83.08
83.45
83.83
84.22
84.63
85.02
85.4
85.79
86.18
86.57
86.95
87.34
87.74
88.12
88.52
88.9
89.28
89.65
90.03
90.42
90.82
91.21
91.62
92.03
92.42
92.82
93.18
93.55
93.93
94.29
94.67
95.04
95.41
95.78
96.14
96.52
96.88
97.26
97.63
97.99
98.36
98.72
99.08
99.45
99.82
100.19
100.56
100.93
101.31
101.69
102.07
102.44
102.81
103.2
103.57
103.94
104.31
104.67
105.06
105.47
105.84
106.22
106.61
106.98
107.35
107.72
108.1
108.45
108.82
109.21
109.58
109.96
110.34
110.72
111.09
111.47
111.83
112.19
112.57
112.95
113.34
113.73
114.09
114.49
114.87
115.23
115.61
116.01
116.39
116.77
117.13
117.52
117.9
118.32
118.7
119.11
119.5
119.93
120.33
120.73
121.18
121.59
122.04
122.47
122.92
123.36
123.78
124.22
124.66
125.08
125.5
125.94
126.4
126.84
127.26
127.71
128.16
128.6
129.03
129.44
129.89
130.31
130.75
131.17
131.61
132.02
132.46
132.89
133.35
133.78
134.23
134.66
135.08
135.49
135.92
136.34
136.76
137.17
137.61
138.0
138.43
138.84
139.24
139.64
140.05
140.46
140.87
141.3
141.71
142.15
142.56
142.97
143.35
143.77
144.16
144.53
144.94
145.29
145.65
146.0
146.37
146.73
147.09
147.46
147.84
148.2
148.58
148.94
149.31
149.69
150.07
150.44
150.83
151.2
151.59
151.95
152.34
152.71
153.09
153.45
153.82
154.18
154.56
154.92
155.29
155.66
156.05
156.44
156.82
157.19
157.56
157.94
158.31
158.69
159.07
159.45
159.84
160.2
160.57
160.95
161.32
161.68
162.06
162.44
162.82
163.19
163.57
163.95
164.33
164.7
165.09
165.51
165.91
166.31
166.7
167.08
167.46
167.86
168.25
168.65
169.04
169.42
169.81
170.19
170.58
170.98
171.38
171.75
172.12
172.5
172.9
173.27
173.66
174.06
174.45
174.82
175.22
175.63
176.03
176.41
176.81
177.23
177.61
178.02
178.43
178.81
179.2
179.59
179.96
180.31
180.67
181.04
181.41
181.76
182.13
182.49
182.88
183.25
183.64
184.01
184.41
184.79
185.17
185.55
185.92
186.3
186.67
187.02
187.39
187.75
188.12
188.48
188.84
189.21
189.57
189.95
190.34
190.72
191.1
191.48
191.86
192.22
192.59
192.94
193.32
193.68
194.03
194.39
194.77
195.13
195.51
195.91
196.29
196.64
197.01
197.4
197.75
198.13
198.51
198.86
199.24
199.62
200.01
200.37
200.77
201.14
201.51
201.88
202.27
202.63
202.99
203.36
203.73
204.1
204.47
204.85
205.23
205.59
205.96
206.34
206.73
207.11
207.49
207.88
208.26
208.62
209.0
209.39
209.76
210.14
210.53
210.9
211.27
211.64
212.01
212.36
212.74
213.1
213.47
213.86
214.25
214.64
215.02
215.41
215.81
216.21
216.63
217.01
217.38
217.75
218.13
218.51
218.91
219.3
219.68
220.06
220.44
220.82
221.23
221.62
222.03
222.43
222.84
223.24
223.64
224.02
224.42
224.83
225.22
225.59
226.0
226.37
226.78
227.15
227.55
227.94
228.31
228.68
229.06
229.41
229.8
230.17
230.54
230.91
231.28
231.65
232.02
232.38
232.74
233.11
233.48
233.87
234.22
234.59
234.96
235.35
235.7
236.09
236.44
236.81
237.2
237.57
237.94
238.31
238.67
239.03
239.37
239.73
240.1
240.45
240.82
241.18
241.53
241.87
242.19
242.53
242.87
243.24
243.57
243.94
244.27
244.62
244.99
245.33
245.69
246.04
246.41
246.77
247.13
247.5
247.86
248.22
248.57
248.95
249.32
249.7
250.06
250.43
250.8
251.17
251.54
251.9
252.26
252.61
252.97
253.35
253.71
254.08
254.43
254.8
255.17
255.52
255.88
256.26
256.63
256.99
257.35
257.71
258.06
258.41
258.77
259.15
259.51
259.87
260.21
260.57
260.97
261.4
261.82
262.24
262.64
263.06
263.48
263.92
264.32
264.75
265.2
265.63
266.06
266.47
266.89
267.31
267.74
268.14
268.56
268.94
269.3
269.68
270.08
270.45
270.83
271.23
271.62
271.99
272.38
272.77
273.18
273.57
273.95
274.32
274.72
275.09
275.47
275.84
276.19
276.56
276.94
277.32
277.68
278.07
278.45
278.81
279.16
279.54
279.9
280.24
280.61
280.98
281.36
281.71
282.08
282.47
282.84
283.2
283.57
283.95
284.33
284.71
285.07
285.45
285.8
286.17
286.56
286.93
287.3
287.66
288.03
288.4
288.78
289.17
289.54
289.92
290.29
290.65
291.01
291.38
291.76
292.14
292.52
292.91
293.3
293.66
294.04
294.42
294.78
295.16
295.51
295.9
296.29
296.68
297.1
297.5
297.87
298.26
298.61
298.98
299.32
299.7
300.04
300.41
300.77
301.15
301.53
301.91
302.3
302.68
303.05
303.42
303.8
304.18
304.55
304.94
305.36
305.86
306.34
306.82
307.29
307.76
308.23
308.72
309.18
309.66
310.12
310.59
311.01
311.45
311.89
312.38
312.85
313.32
313.77
314.25
314.72
315.18
315.66
316.14
316.64
317.11
317.59
318.04
318.48
318.9
319.33
319.74
320.16
320.57
320.96
321.35
321.76
322.16
322.61
323.08
323.54
323.98
324.46
324.92
325.37
325.8
326.24
326.7
327.14
327.57
328.0
328.46
328.89
329.36
329.83
330.32
330.79
331.26
331.68
332.11
332.53
332.96
333.37
333.79
334.2
334.62
335.0
335.4
335.77
336.17
336.53
336.91
337.3
337.7
338.07
338.46
338.84
339.21
339.6
339.99
340.37
340.75
341.13
341.49
341.86
342.24
342.61
342.97
343.35
343.74
344.12
344.49
344.87
345.25
345.63
346.0
346.37
346.74
347.09
347.47
347.84
348.2
348.57
348.93
349.29
349.68
350.04
350.4
350.77
351.15
351.52
351.88
352.24
352.6
352.96
353.34
353.7
354.08
354.45
354.83
355.21
355.58
355.94
356.3
356.65
357.03
357.38
357.77
358.18
358.56
358.95
359.32
359.68
360.06
360.44
360.81
361.16
361.53
361.9
362.27
362.64
363.02
363.39
363.77
364.14
364.5
364.89
365.26
365.64
366.03
366.4
366.78
367.17
367.55
367.9
368.27
368.66
369.02
369.39
369.75
370.16
370.57
371.0
371.41
371.79
372.17
372.54
372.93
373.3
373.7
374.1
374.53
374.98
375.39
375.85
376.27
376.72
377.15
377.59
378.05
378.47
378.92
379.37
379.79
380.25
380.67
381.11
381.56
382.0
382.43
382.85
383.28
383.68
384.1
384.52
384.95
385.36
385.8
386.23
386.65
387.07
387.49
387.93
388.36
388.79
389.23
389.65
390.11
390.55
391.02
391.45
391.87
392.27
392.69
393.12
393.55
393.9
394.27
394.63
394.99
395.33
395.7
396.05
396.42
396.78
397.14
397.51
397.87
398.23
398.58
398.96
399.34
399.71
400.07
400.45
400.81
401.17
401.54
401.91
402.28
402.67
403.03
403.37
403.73
404.11
404.48
404.85
405.21
405.57
405.94
406.31
406.67
407.04
407.4
407.77
408.15
408.51
408.89
409.27
409.63
409.99
410.36
410.75
411.12
411.48
411.9
412.34
412.75
413.13
413.51
413.89
414.27
414.63
415.0
415.37
415.81
416.28
416.8
417.31
417.82
418.38
418.93
419.52
420.26
420.98
421.71
422.41
423.14
423.87
424.55
425.25
425.99
426.7
427.45
428.19
428.86
429.57
430.28
430.98
431.72
432.48
433.17
433.93
434.66
435.37
436.09
436.77
437.49
438.2
438.92
439.69
440.4
441.17
441.9
442.67
443.44
444.19
444.93
445.81
446.79
447.74
448.67
449.57
450.54
451.59
452.59
453.65
454.65
455.64
456.49
457.4
458.49
459.62
460.64
461.6
462.55
463.41
464.28
465.2
466.04
466.81
467.53
468.31
469.14
470.03
470.9
471.82
472.64
473.46
474.35
475.15
476.01
476.93
478.01
479.05
480.06
481.11
482.14
483.21
484.26
485.26
486.38
487.42
488.54
489.54
490.56
