0.23
0.63
1.03
1.46
1.86
2.27
2.67
3.08
3.48
3.89
4.31
4.71
5.11
5.53
5.94
6.37
6.77
7.19
7.61
8.01
8.43
8.84
9.24
9.65
10.06
10.47
10.89
11.31
11.72
12.14
12.55
12.98
13.39
13.81
14.24
14.69
15.09
15.49
15.88
16.26
16.65
17.03
17.43
17.85
18.25
18.64
19.03
19.43
19.84
20.26
20.68
21.11
21.52
21.94
22.36
22.8
23.22
23.64
24.06
24.48
24.88
25.27
25.67
26.07
26.48
26.87
27.26
27.66
28.07
28.47
28.88
29.27
29.67
30.07
30.47
30.86
31.26
31.66
32.07
32.47
32.87
33.27
33.66
34.06
34.47
34.87
35.26
35.66
36.06
36.46
36.85
37.22
37.62
38.03
38.45
38.87
39.25
39.64
40.03
40.42
40.79
41.18
41.56
41.95
42.33
42.71
43.11
43.5
43.88
44.27
44.65
45.04
45.44
45.83
46.21
46.58
46.97
47.37
47.77
48.2
48.61
49.01
49.4
49.8
50.19
50.58
50.97
51.37
51.77
52.19
52.59
52.98
53.38
53.78
54.18
54.58
54.98
55.39
55.78
56.18
56.59
57.0
57.44
57.85
58.26
58.74
59.25
59.74
60.27
60.76
61.24
61.74
62.24
62.72
63.19
63.65
64.1
64.55
65.03
65.47
65.93
66.4
66.89
67.4
67.89
68.43
68.92
69.42
69.96
70.46
70.96
71.41
71.88
72.37
72.82
73.25
73.7
74.17
74.64
75.09
75.54
76.01
76.47
76.93
77.39
77.84
78.29
78.74
79.21
79.69
80.16
80.59
81.02
81.46
81.92
82.35
82.8
83.27
83.74
84.2
84.65
85.1
85.53
85.94
86.36
86.8
87.22
87.61
88.01
88.41
88.81
89.21
89.62
90.03
90.46
90.86
91.28
91.68
92.09
92.51
92.92
93.33
93.73
94.12
94.51
94.9
95.3
95.68
96.07
96.48
96.87
97.26
97.66
98.06
98.44
98.83
99.22
99.62
100.01
100.39
100.79
101.18
101.56
101.95
102.33
102.72
103.1
103.47
103.84
104.23
104.63
105.02
105.39
105.78
106.19
106.6
107.01
107.42
107.83
108.23
108.64
109.02
109.42
109.81
110.21
110.59
110.98
111.37
111.75
112.14
112.54
112.92
113.32
113.7
114.11
114.5
114.9
115.3
115.69
116.07
116.45
116.84
117.23
117.63
118.02
118.4
118.8
119.19
119.58
119.98
120.38
120.79
121.2
121.6
122.0
122.4
122.79
123.17
123.57
123.97
124.41
124.81
125.23
125.65
126.08
126.5
126.91
127.29
127.71
128.09
128.49
128.94
129.35
129.81
130.25
130.71
131.17
131.63
132.11
132.58
133.06
133.47
133.87
134.26
134.65
135.05
135.45
135.9
136.32
136.75
137.21
137.64
138.09
138.54
139.02
139.48
139.92
140.38
140.86
141.31
141.77
142.21
142.66
143.11
143.56
144.0
144.45
144.9
145.37
145.81
146.26
146.71
147.18
147.67
148.2
148.68
149.12
149.56
150.01
150.45
150.9
151.33
151.78
152.18
152.56
152.96
153.36
153.76
154.17
154.58
154.98
155.38
155.79
156.19
156.6
157.01
157.43
157.83
158.23
158.65
159.05
159.47
159.89
160.3
160.71
161.11
161.53
161.93
162.34
162.74
163.15
163.58
163.98
164.38
164.76
165.18
165.57
165.97
166.37
166.77
167.18
167.56
167.95
168.34
168.73
169.11
169.52
169.93
170.31
170.7
171.09
171.49
171.89
172.29
172.68
173.08
173.47
173.86
174.24
174.62
175.01
175.43
175.87
176.29
176.71
177.11
177.5
177.9
178.29
178.7
179.11
179.52
179.91
180.33
180.72
181.12
181.51
181.93
182.35
182.75
183.14
183.54
183.94
184.34
184.74
185.14
185.55
185.94
186.33
186.75
187.16
187.56
187.96
188.37
188.82
189.27
189.71
190.12
190.53
190.94
191.34
191.75
192.18
192.59
193.0
193.41
193.79
194.19
194.61
195.01
195.39
195.81
196.21
196.61
197.03
197.43
197.8
198.17
198.55
198.91
199.26
199.63
199.99
200.34
200.72
201.07
201.46
201.88
202.27
202.69
203.11
203.49
203.86
204.23
204.6
204.96
205.34
205.71
206.08
206.45
206.81
207.19
207.59
207.96
208.33
208.7
209.08
209.44
209.81
210.19
210.59
210.97
211.34
211.7
212.07
212.44
212.82
213.2
213.6
213.98
214.36
214.74
215.11
215.49
215.86
216.24
216.64
217.02
217.39
217.75
218.12
218.49
218.85
219.22
219.62
219.99
220.36
220.75
221.17
221.56
221.95
222.35
222.77
223.16
223.57
223.96
224.35
224.79
225.21
225.61
226.04
226.45
226.88
227.31
227.7
228.08
228.47
228.88
229.26
229.67
230.09
230.51
230.91
231.33
231.73
232.14
232.57
233.0
233.4
233.82
234.24
234.67
235.12
235.54
235.97
236.4
236.79
237.19
237.6
238.0
238.4
238.8
239.22
239.63
240.03
240.42
240.83
241.23
241.63
242.02
242.43
242.81
243.23
243.62
244.03
244.43
244.81
245.21
245.63
246.02
246.43
246.83
247.23
247.61
248.01
248.41
248.81
249.21
249.63
250.02
250.43
250.82
251.2
251.6
251.99
252.37
252.75
253.14
253.53
253.92
254.3
254.68
255.07
255.43
255.83
256.21
256.57
256.97
257.37
257.77
258.15
258.56
258.96
259.36
259.76
260.16
260.57
260.97
261.4
261.81
262.2
262.62
263.03
263.44
263.85
264.26
264.68
265.08
265.48
265.9
266.3
266.71
267.11
267.52
267.95
268.35
268.76
269.18
269.6
270.01
270.45
270.87
271.32
271.75
272.13
272.53
272.9
273.29
273.68
274.08
274.5
274.9
275.3
275.68
276.09
276.5
276.94
277.34
277.79
278.25
278.73
279.18
279.65
280.1
280.55
281.0
281.44
281.89
282.36
282.81
283.25
283.71
284.16
284.55
284.92
285.31
285.7
286.09
286.5
286.87
287.27
287.66
288.05
288.43
288.83
289.21
289.58
289.98
290.38
290.76
291.16
291.53
291.92
292.33
292.72
293.12
293.51
293.9
294.3
294.68
295.06
295.47
295.88
296.28
296.68
297.07
297.47
297.87
298.26
298.67
299.07
299.46
299.86
300.26
300.65
301.02
301.41
301.81
302.22
302.61
303.0
303.39
303.78
304.18
304.55
304.92
305.29
305.66
306.04
306.39
306.76
307.13
307.54
307.92
308.31
308.69
309.08
309.47
309.86
310.22
310.61
311.02
311.4
311.78
312.18
312.56
312.95
313.33
313.72
314.11
314.49
314.89
315.26
315.65
316.05
316.44
316.87
317.28
317.67
318.06
318.45
318.84
319.23
319.61
320.01
320.41
320.82
321.22
321.61
322.0
322.39
322.79
323.18
323.56
323.97
324.37
324.76
325.16
325.56
326.02
326.45
326.88
327.34
327.81
328.28
328.79
329.26
329.76
330.25
330.76
331.24
331.71
332.18
332.74
333.24
333.77
334.33
334.84
335.35
335.84
336.33
336.85
337.34
337.83
338.34
338.82
339.31
339.79
340.26
340.75
341.18
341.61
342.03
342.49
342.96
343.4
343.86
344.33
344.8
345.24
345.72
346.18
346.63
347.06
347.51
347.97
348.4
348.86
349.29
349.74
350.17
350.6
351.04
351.5
351.95
352.39
352.83
353.28
353.72
354.14
354.57
355.01
355.45
355.88
356.29
356.69
357.11
357.52
357.91
358.31
358.72
359.13
359.54
359.95
360.35
360.77
361.17
361.58
361.97
362.36
362.75
363.13
363.53
363.9
364.29
364.69
365.09
365.48
365.87
366.28
366.67
367.07
367.46
367.85
368.24
368.61
369.0
369.37
369.75
370.14
370.53
370.91
371.3
371.68
372.06
372.45
372.86
373.24
373.6
373.99
374.38
374.79
375.17
375.59
375.98
376.39
376.78
377.17
377.58
377.97
378.36
378.75
379.16
379.54
379.96
380.35
380.75
381.14
381.53
381.92
382.31
382.7
383.1
383.49
383.88
384.25
384.63
385.03
385.41
385.79
386.16
386.55
386.93
387.34
387.73
388.12
388.51
388.9
389.28
389.69
390.09
390.48
390.86
391.24
391.63
392.03
392.41
392.81
393.23
393.65
394.09
394.5
394.88
395.26
395.66
396.04
396.46
396.9
397.31
397.73
398.17
398.6
399.05
399.5
400.01
400.5
401.03
401.54
402.04
402.53
402.98
403.42
403.88
404.31
404.76
405.21
405.66
406.13
406.56
407.02
407.48
407.93
408.36
408.82
409.26
409.72
410.15
410.59
411.04
411.5
411.98
412.5
412.98
413.42
413.87
414.34
414.78
415.22
415.67
416.14
416.59
417.03
417.43
417.81
418.21
418.61
419.02
419.42
419.83
420.23
420.64
421.04
421.44
421.85
422.24
422.64
423.02
423.42
423.8
424.2
424.6
425.0
425.39
425.78
426.16
426.56
426.94
427.33
427.72
428.11
428.49
428.88
429.27
429.66
430.05
430.44
430.83
431.22
431.6
431.98
432.36
432.73
433.11
433.49
433.85
434.23
434.62
435.0
435.36
435.76
436.15
436.54
436.99
437.45
437.9
438.3
438.71
439.11
439.52
439.92
440.29
440.69
441.07
441.44
441.84
442.23
442.61
443.02
443.41
443.82
444.24
444.65
445.06
445.47
445.89
446.29
446.69
447.09
447.46
447.85
448.26
448.65
449.04
449.42
449.81
450.19
450.58
450.96
451.35
451.73
452.09
452.48
452.86
453.24
453.61
453.99
454.38
454.74
455.12
455.49
455.85
456.24
456.59
456.97
457.33
457.7
458.08
458.46
458.84
459.24
459.62
459.99
460.38
460.76
461.14
461.5
461.88
462.26
462.65
463.04
463.45
463.84
464.23
464.61
464.98
465.34
465.7
466.07
466.42
466.79
467.15
467.53
467.92
468.31
468.71
469.14
469.54
470.04
470.52
471.02
471.51
471.99
472.5
472.98
473.48
473.96
474.44
474.92
475.38
475.88
476.34
476.84
477.3
477.78
478.28
478.77
479.25
479.74
480.22
480.76
481.25
481.75
482.27
482.79
483.29
483.79
484.3
484.84
485.34
485.83
486.3
486.8
487.27
487.78
488.27
488.76
489.22
489.7
490.18
490.66
491.2
491.74
492.3
492.83
493.35
493.86
494.4
494.94
495.53
496.12
496.71
497.3
497.93
498.55
499.13
499.76
500.48
501.12
501.8
502.51
503.16
503.84
504.61
505.36
506.11
506.87
507.68
508.41
509.18
509.96
510.75
511.5
512.26
513.0
513.76
514.51
515.27
516.05
516.78
517.5
518.37
519.23
520.07
521.05
522.02
