1.02
2.66
4.3
5.93
7.6
9.24
10.89
12.55
14.24
15.87
17.43
19.0
20.73
22.67
24.49
26.07
27.65
29.26
30.85
32.47
34.05
35.65
37.25
38.87
40.41
41.94
43.49
45.03
46.58
48.19
49.79
51.35
52.97
54.58
56.18
58.25
60.26
62.24
64.3
66.38
68.42
70.46
72.37
74.16
76.01
77.83
79.69
81.45
83.27
85.09
86.8
88.4
90.03
91.68
93.32
94.9
96.48
98.05
99.62
101.18
102.71
104.22
105.77
107.42
109.01
110.59
112.13
113.7
115.29
116.84
118.39
119.98
121.6
123.28
125.17
126.91
128.49
130.25
132.1
133.86
135.44
137.2
139.02
140.86
142.66
144.45
146.25
148.18
150.01
151.8
153.68
155.37
157.0
158.64
160.29
161.92
163.57
165.17
166.77
168.33
169.92
171.49
173.07
174.62
176.01
177.49
179.1
180.72
182.34
183.94
185.54
187.15
188.82
190.52
192.17
193.79
195.39
197.03
198.54
199.98
201.45
203.1
204.59
206.08
207.58
209.07
210.58
212.07
213.6
215.11
216.64
218.12
219.87
221.81
223.71
225.61
227.3
228.87
230.5
232.13
233.78
235.48
237.18
238.8
240.41
242.02
243.61
245.18
246.77
248.37
249.96
251.58
253.13
254.67
256.2
257.74
259.35
260.97
262.61
264.26
265.89
267.52
269.17
270.9
272.52
274.07
275.67
277.33
278.95
280.59
282.35
284.13
285.69
287.26
288.82
290.37
291.91
293.5
295.06
296.67
298.25
299.86
301.4
303.0
304.54
306.01
307.53
309.08
310.61
312.17
313.71
315.26
316.86
318.63
320.41
321.99
323.56
325.15
326.88
328.78
330.75
332.73
334.83
336.84
338.82
340.75
342.49
344.33
346.18
347.96
349.73
351.49
353.28
355.0
356.68
358.3
359.94
361.57
363.12
364.68
366.27
367.85
369.37
370.9
372.44
373.98
375.58
377.17
378.75
380.34
381.92
383.48
385.02
386.54
388.11
389.68
391.24
392.8
394.5
396.04
397.72
399.52
401.44
403.38
405.2
407.01
408.82
410.58
412.48
414.33
416.13
418.0
419.82
421.44
423.01
424.59
426.15
427.72
429.26
430.82
432.35
433.85
435.35
436.98
438.7
440.29
441.84
443.4
445.05
446.68
448.25
449.8
451.34
452.86
454.38
455.84
457.32
458.83
460.41
461.88
463.44
464.97
466.41
467.91
469.57
471.37
473.17
474.99
476.83
478.77
480.75
482.79
484.83
486.8
488.91
491.19
493.39
495.53
497.92
500.11
502.51
504.78
507.1
509.96
512.99
516.04
519.22
