0.79
2.16
3.51
4.86
6.24
7.61
8.95
10.31
11.67
13.05
14.4
15.76
17.27
18.71
20.13
21.59
23.12
24.56
25.99
27.33
28.66
30.06
31.47
32.97
34.39
35.87
37.35
38.85
40.27
41.76
43.25
44.77
46.27
47.76
49.25
50.87
52.67
54.53
56.44
58.28
60.09
61.89
63.57
65.11
66.73
68.35
69.97
71.56
73.2
74.83
76.44
78.05
79.65
81.26
82.89
84.47
86.04
87.61
89.15
90.6
92.05
93.5
94.97
96.49
97.99
99.47
100.96
102.53
104.1
105.57
107.05
108.5
109.95
111.4
113.1
114.86
116.62
118.38
120.19
121.98
123.66
125.35
127.02
128.7
130.37
132.04
133.72
135.42
137.08
138.75
140.31
141.77
143.2
144.63
146.08
147.53
148.97
150.4
151.85
153.28
154.74
156.21
157.66
159.12
160.64
162.13
163.61
165.08
166.57
168.04
169.54
171.12
172.78
174.41
176.09
178.05
180.11
182.05
183.98
185.74
187.69
189.62
191.62
193.63
195.58
197.57
199.59
201.52
203.36
205.03
206.69
208.33
209.91
211.51
213.13
214.72
216.31
217.87
219.35
220.8
222.22
223.67
225.12
226.55
227.98
229.41
230.85
232.31
233.72
235.17
236.59
238.04
239.51
240.96
242.38
243.8
245.26
246.7
248.11
249.53
250.94
252.33
253.75
255.23
256.8
258.39
259.95
261.44
262.88
264.3
265.72
267.07
268.48
269.86
271.28
272.71
274.11
275.47
276.91
278.35
279.78
281.19
282.57
283.94
285.3
286.69
288.07
289.51
290.95
292.44
293.95
295.45
297.0
298.86
300.66
302.42
304.23
306.15
308.02
309.76
311.5
313.02
314.65
316.3
317.98
319.54
321.13
322.74
324.3
325.9
327.46
329.03
330.62
332.17
333.71
335.27
336.78
338.2
339.6
341.02
342.49
343.98
345.48
346.98
348.49
350.02
351.58
353.03
354.49
355.91
357.39
358.86
360.36
362.09
363.85
365.59
367.33
368.99
370.45
372.06
373.74
375.42
377.08
378.74
380.41
382.14
383.89
385.35
386.77
388.15
389.58
390.97
392.38
393.78
395.2
396.63
397.99
399.27
400.74
402.22
403.64
405.14
406.66
408.12
409.57
411.17
413.4
416.14
418.86
421.78
424.63
427.61
430.72
434.06
437.66
441.54
445.43
449.39
453.17
456.35
459.47
462.24
464.96
467.7
470.32
473.03
475.63
478.53
