0.13
0.45
0.8
1.13
1.47
1.81
2.16
2.51
2.84
3.17
3.51
3.86
4.19
4.53
4.84
5.2
5.55
5.9
6.25
6.59
6.92
7.27
7.61
7.95
8.29
8.62
8.96
9.3
9.64
9.98
10.32
10.66
11.0
11.34
11.68
12.03
12.38
12.72
13.06
13.4
13.72
14.06
14.4
14.75
15.1
15.44
15.76
16.13
16.52
16.91
17.27
17.63
18.02
18.39
18.76
19.11
19.46
19.8
20.14
20.5
20.86
21.19
21.52
21.84
22.17
22.49
22.82
23.15
23.52
23.86
24.21
24.55
24.93
25.29
25.63
26.0
26.35
26.68
27.01
27.34
27.67
28.0
28.32
28.66
29.03
29.37
29.72
30.06
30.43
30.78
31.13
31.48
31.86
32.22
32.61
32.98
33.35
33.68
34.04
34.39
34.73
35.09
35.43
35.78
36.12
36.47
36.81
37.15
37.47
37.83
38.18
38.52
38.87
39.21
39.56
39.93
40.26
40.63
41.0
41.4
41.78
42.16
42.52
42.89
43.25
43.63
44.01
44.39
44.78
45.16
45.53
45.91
46.28
46.64
47.02
47.39
47.76
48.14
48.51
48.87
49.25
49.64
50.06
50.46
50.87
51.32
51.77
52.2
52.68
53.14
53.59
54.06
54.54
55.01
55.49
55.97
56.47
56.93
57.38
57.82
58.29
58.73
59.17
59.62
60.1
60.56
60.99
61.46
61.9
62.33
62.76
63.19
63.58
63.95
64.34
64.73
65.12
65.52
65.9
66.32
66.74
67.14
67.55
67.95
68.36
68.77
69.17
69.57
69.98
70.38
70.77
71.17
71.56
71.96
72.36
72.77
73.2
73.6
74.02
74.43
74.83
75.24
75.64
76.04
76.44
76.86
77.26
77.65
78.05
78.45
78.84
79.24
79.66
80.06
80.46
80.85
81.26
81.67
82.07
82.47
82.9
83.29
83.7
84.08
84.47
84.86
85.24
85.63
86.04
86.44
86.83
87.21
87.61
88.0
88.39
88.76
89.15
89.52
89.88
90.24
90.6
90.98
91.33
91.68
92.05
92.42
92.78
93.14
93.5
93.88
94.25
94.6
94.97
95.35
95.73
96.11
96.49
96.86
97.24
97.62
98.0
98.37
98.74
99.11
99.48
99.84
100.22
100.59
100.96
101.37
101.75
102.14
102.53
102.92
103.32
103.72
104.12
104.49
104.84
105.2
105.57
105.95
106.32
106.69
107.05
107.42
107.77
108.14
108.5
108.87
109.22
109.6
109.96
110.32
110.67
111.04
111.4
111.77
112.12
112.47
112.84
113.24
113.6
114.0
114.38
114.74
115.12
115.5
115.88
116.31
116.71
117.11
117.52
117.96
118.38
118.81
119.27
119.75
120.21
120.64
121.07
121.53
121.97
122.41
122.82
123.27
123.67
124.09
124.53
124.93
125.35
125.78
126.21
126.63
127.03
127.43
127.87
128.28
128.71
129.11
129.55
129.97
130.37
130.77
131.21
131.62
132.05
132.47
132.89
133.29
133.71
134.14
134.58
135.01
135.42
135.83
136.27
136.69
137.09
137.51
137.94
138.34
138.75
139.17
139.59
139.96
140.32
140.68
141.05
141.41
141.77
142.13
142.5
142.86
143.2
143.56
143.92
144.28
144.64
145.0
145.36
145.72
146.08
146.45
146.82
147.17
147.53
147.88
148.25
148.62
148.98
149.34
149.68
150.04
150.41
150.78
151.12
151.49
151.85
152.2
152.56
152.92
153.29
153.65
154.02
154.39
154.75
155.12
155.48
155.85
156.21
156.57
156.93
157.3
157.66
158.03
158.38
158.76
159.13
159.5
159.89
160.28
160.64
161.02
161.39
161.76
162.14
162.52
162.89
163.26
163.62
163.98
164.35
164.72
165.09
165.46
165.84
166.2
166.57
166.93
167.29
167.66
168.04
168.42
168.79
169.15
169.54
169.95
170.34
170.73
171.13
171.54
171.97
172.38
172.79
173.19
173.6
174.11
174.61
175.13
175.62
176.1
176.58
177.06
177.56
178.05
178.6
179.11
179.62
180.11
180.6
181.1
181.58
182.05
182.53
183.01
183.5
183.97
184.41
184.85
185.31
185.75
186.22
186.7
187.2
187.69
188.18
188.65
189.14
189.63
190.15
190.63
191.11
191.62
192.12
192.62
193.14
193.63
194.11
194.61
195.09
195.58
196.1
196.59
197.09
197.58
198.08
198.57
199.1
199.6
200.07
200.56
201.05
201.53
201.99
202.48
202.95
203.39
203.85
204.32
204.77
205.25
205.71
206.09
206.47
206.84
207.21
207.6
207.98
208.35
208.74
209.15
209.54
209.92
210.31
210.7
211.12
211.5
211.91
212.33
212.74
213.13
213.53
213.93
214.33
214.73
215.12
215.52
215.92
216.31
216.69
217.1
217.48
217.87
218.23
218.59
218.96
219.35
219.72
220.08
220.42
220.8
221.16
221.52
221.86
222.23
222.59
222.94
223.32
223.68
224.04
224.4
224.76
225.12
225.48
225.84
226.2
226.56
226.91
227.26
227.62
227.98
228.35
228.7
229.07
229.42
229.78
230.14
230.51
230.86
231.22
231.58
231.96
232.32
232.68
233.01
233.38
233.72
234.08
234.43
234.8
235.17
235.52
235.89
236.25
236.59
236.95
237.33
237.67
238.04
238.42
238.79
239.16
239.52
239.89
240.24
240.6
240.97
241.32
241.68
242.01
242.39
242.74
243.11
243.46
243.81
244.18
244.54
244.9
245.27
245.62
245.98
246.33
246.7
247.05
247.4
247.75
248.11
248.46
248.83
249.17
249.53
249.91
250.26
250.6
250.94
251.28
251.62
251.97
252.33
252.68
253.01
253.37
253.75
254.12
254.5
254.87
255.24
255.63
256.02
256.39
256.81
257.21
257.61
258.0
258.39
258.8
259.21
259.58
259.94
260.33
260.7
261.07
261.44
261.81
262.15
262.51
262.89
263.24
263.6
263.96
264.31
264.66
265.01
265.36
265.72
266.06
266.4
266.72
267.08
267.44
267.79
268.13
268.48
268.83
269.17
269.5
269.85
270.23
270.57
270.94
271.29
271.66
272.02
272.36
272.72
273.08
273.42
273.76
274.11
274.45
274.8
275.13
275.47
275.85
276.2
276.55
276.91
277.29
277.65
278.0
278.36
278.73
279.07
279.44
279.78
280.15
280.5
280.85
281.19
281.55
281.89
282.23
282.57
282.91
283.26
283.59
283.95
284.28
284.62
284.97
285.31
285.64
285.99
286.34
286.69
287.03
287.37
287.72
288.08
288.43
288.78
289.14
289.51
289.89
290.25
290.61
290.96
291.32
291.69
292.07
292.44
292.83
293.21
293.58
293.96
294.33
294.71
295.08
295.45
295.82
296.2
296.58
296.95
297.33
297.71
298.12
298.5
298.88
299.32
299.76
300.21
300.67
301.12
301.54
301.98
302.43
302.87
303.29
303.73
304.14
304.55
304.97
305.39
305.81
306.23
306.68
307.11
307.56
308.03
308.48
308.91
309.34
309.76
310.21
310.64
311.06
311.5
311.89
312.26
312.63
313.03
313.43
313.82
314.23
314.66
315.06
315.48
315.88
316.31
316.72
317.14
317.55
317.98
318.38
318.75
319.14
319.55
319.93
320.33
320.73
321.14
321.55
321.93
322.34
322.75
323.15
323.54
323.92
324.31
324.71
325.11
325.52
325.91
326.31
326.7
327.08
327.47
327.87
328.25
328.63
329.03
329.41
329.81
330.21
330.63
331.02
331.42
331.79
332.18
332.55
332.92
333.31
333.72
334.1
334.48
334.88
335.28
335.65
336.03
336.4
336.79
337.14
337.49
337.84
338.2
338.55
338.9
339.24
339.61
339.96
340.32
340.67
341.02
341.4
341.75
342.11
342.5
342.86
343.24
343.61
343.99
344.36
344.75
345.12
345.49
345.87
346.24
346.61
346.99
347.36
347.73
348.11
348.49
348.87
349.26
349.65
350.03
350.42
350.8
351.19
351.59
351.96
352.31
352.67
353.03
353.4
353.77
354.13
354.5
354.85
355.21
355.57
355.92
356.28
356.65
357.03
357.4
357.77
358.13
358.49
358.86
359.24
359.61
359.99
360.36
360.76
361.2
361.64
362.1
362.52
362.96
363.4
363.86
364.3
364.73
365.15
365.59
366.02
366.44
366.88
367.34
367.78
368.22
368.64
369.09
369.54
369.97
370.37
370.81
371.22
371.63
372.06
372.48
372.9
373.32
373.75
374.16
374.57
374.99
375.42
375.83
376.25
376.66
377.09
377.49
377.9
378.32
378.76
379.17
379.59
379.99
380.41
380.82
381.23
381.63
382.04
382.4
382.79
383.15
383.52
383.9
384.28
384.64
385.01
385.36
385.72
386.08
386.43
386.77
387.13
387.46
387.81
388.16
388.52
388.87
389.22
389.59
389.95
390.3
390.65
390.98
391.34
391.69
392.04
392.39
392.74
393.09
393.43
393.79
394.13
394.49
394.84
395.21
395.58
395.93
396.28
396.63
396.98
397.34
397.67
398.0
398.38
398.74
399.09
399.47
399.83
400.2
400.56
400.95
401.32
401.69
402.05
402.41
402.77
403.12
403.49
403.84
404.22
404.56
404.9
405.25
405.6
405.97
406.31
406.66
407.02
407.39
407.77
408.13
408.5
408.85
409.21
409.58
409.92
410.32
410.75
411.17
411.6
412.07
412.51
412.97
413.41
413.85
414.32
414.76
415.26
415.79
416.33
416.84
417.35
417.88
418.39
418.92
419.51
420.07
420.62
421.17
421.79
422.36
422.95
423.58
424.18
424.78
425.35
425.97
426.58
427.19
427.8
428.47
429.2
429.98
430.73
431.54
432.32
433.11
434.01
434.97
435.84
436.75
437.67
438.58
439.61
440.56
441.55
442.45
443.41
444.35
445.43
446.41
447.41
448.35
449.39
450.34
451.35
452.41
453.43
454.34
455.28
456.17
457.12
457.96
458.7
459.48
460.2
460.85
461.54
462.25
462.94
463.64
464.28
464.96
465.66
466.32
467.04
467.66
468.32
469.02
469.64
470.33
471.02
471.71
472.38
473.03
473.67
474.31
474.96
475.63
476.26
476.93
477.71
478.54
479.34
480.2
481.09
