0.91
3.55
6.26
8.89
11.51
14.06
16.88
19.95
22.74
25.55
28.29
31.08
34.1
36.94
39.68
42.59
45.36
48.21
51.93
55.58
59.64
63.41
66.94
70.3
73.64
76.9
80.06
83.18
86.21
89.25
92.05
95.05
97.89
100.76
103.7
106.49
109.32
112.36
116.07
119.73
123.87
128.15
132.13
135.37
138.4
141.28
144.13
146.89
149.66
152.47
155.29
158.08
161.14
164.33
167.5
170.71
173.89
177.64
181.44
184.95
188.11
191.08
194.06
197.02
200.07
203.26
206.62
209.68
212.75
215.86
218.92
221.88
224.84
227.76
230.83
233.85
236.72
239.55
242.36
245.19
247.93
250.58
253.48
256.4
259.26
262.07
264.81
267.67
270.46
273.21
275.94
278.85
281.7
284.5
287.38
290.46
293.35
296.55
300.57
304.73
308.89
312.37
315.68
318.99
322.47
325.83
328.97
332.09
335.15
338.1
340.98
343.85
346.64
349.5
352.31
354.98
357.58
360.71
364.0
367.71
371.69
375.21
378.7
382.24
385.88
388.79
391.45
394.16
396.86
399.55
402.32
404.99
407.59
410.52
413.21
415.87
418.55
421.23
423.93
426.55
429.4
432.02
434.45
436.87
439.11
441.43
443.65
445.82
448.37
450.97
453.76
456.3
458.86
461.4
464.07
467.2
470.25
473.25
475.96
478.57
481.66
