0.3
0.92
1.56
2.25
2.92
3.56
4.23
4.89
5.59
6.27
6.93
7.59
8.26
8.89
9.55
10.18
10.87
11.49
12.16
12.8
13.43
14.06
14.69
15.4
16.1
16.84
17.59
18.36
19.09
19.88
20.6
21.29
22.0
22.75
23.47
24.14
24.87
25.55
26.26
26.94
27.63
28.3
29.01
29.68
30.39
31.08
31.79
32.58
33.36
34.1
34.82
35.51
36.21
36.93
37.65
38.32
39.0
39.69
40.41
41.19
41.93
42.6
43.28
43.93
44.65
45.36
46.08
46.81
47.53
48.39
49.28
50.11
51.03
51.93
52.86
53.78
54.64
55.58
56.65
57.78
58.73
59.64
60.56
61.5
62.39
63.37
64.27
65.21
66.05
66.94
67.82
68.64
69.45
70.31
71.12
71.97
72.81
73.65
74.5
75.32
76.12
76.91
77.71
78.51
79.28
80.06
80.84
81.62
82.39
83.18
83.93
84.66
85.42
86.21
86.96
87.71
88.47
89.25
89.97
90.68
91.37
92.06
92.85
93.57
94.35
95.05
95.8
96.51
97.22
97.9
98.63
99.32
100.04
100.76
101.53
102.26
102.99
103.7
104.41
105.1
105.79
106.5
107.15
107.86
108.58
109.33
110.04
110.75
111.51
112.36
113.27
114.23
115.11
116.07
116.94
117.86
118.73
119.73
120.71
121.8
122.79
123.87
124.78
125.68
126.6
127.55
128.44
129.32
130.28
131.27
132.13
132.95
133.78
134.58
135.38
136.22
136.99
137.81
138.72
139.6
140.52
141.29
142.01
142.73
143.43
144.13
144.79
145.49
146.19
146.9
147.56
148.27
148.95
149.66
150.35
151.06
151.77
152.48
153.17
153.85
154.59
155.29
156.0
156.67
157.39
158.09
158.79
159.52
160.33
161.15
161.94
162.74
163.56
164.33
165.12
165.96
166.75
167.51
168.29
169.12
169.91
170.71
171.51
172.27
173.09
173.99
174.82
175.71
176.59
177.43
178.33
179.15
179.93
180.74
181.58
182.42
183.25
184.13
184.96
185.74
186.56
187.36
188.11
188.91
189.7
190.54
191.3
192.1
192.91
193.66
194.43
195.23
196.0
196.82
197.62
198.41
199.27
200.07
200.86
201.64
202.45
203.27
204.06
204.78
205.56
206.29
207.02
207.78
208.53
209.31
210.07
210.83
211.58
212.37
213.15
213.91
214.68
215.47
216.3
217.07
217.85
218.58
219.28
219.94
220.67
221.38
222.07
222.76
223.46
224.14
224.84
225.54
226.28
226.97
227.66
228.31
229.04
229.72
230.42
231.09
231.77
232.47
233.14
233.86
234.57
235.27
235.98
236.72
237.42
238.14
238.86
239.55
240.23
240.96
241.68
242.37
243.09
243.81
244.52
245.19
245.91
246.57
247.28
247.93
248.65
249.28
249.93
250.59
251.3
251.95
252.7
253.49
254.24
254.93
255.69
256.4
257.1
257.86
258.55
259.25
259.96
260.7
261.38
262.07
262.76
263.44
264.15
264.81
265.53
266.23
266.94
267.67
268.4
269.06
269.79
270.46
271.16
271.86
272.54
273.21
273.92
274.59
275.24
275.95
276.64
277.36
278.09
278.86
279.6
280.31
281.03
281.7
282.42
283.13
283.83
284.51
285.2
285.87
286.59
287.39
288.18
289.01
289.77
290.47
291.19
291.92
292.64
293.36
294.11
294.83
295.66
296.56
297.52
298.57
299.59
300.57
301.5
302.6
303.67
304.73
305.74
306.71
307.77
308.89
309.81
310.75
311.56
312.37
313.21
314.04
314.86
315.69
316.48
317.34
318.17
319.0
319.84
320.72
321.56
322.47
323.33
324.15
325.05
325.84
326.61
327.43
328.2
328.98
329.77
330.59
331.35
332.1
332.9
333.63
334.4
335.15
335.91
336.69
337.43
338.11
338.81
339.51
340.26
340.98
341.7
342.44
343.15
343.85
344.55
345.23
345.94
346.65
347.32
348.02
348.77
349.5
350.24
350.96
351.76
352.48
353.27
354.01
354.7
355.41
356.14
356.89
357.59
358.28
359.0
359.86
360.72
361.62
362.39
363.24
364.01
364.88
365.73
366.67
367.72
368.7
369.73
370.77
371.71
372.54
373.42
374.34
375.22
376.12
376.99
377.88
378.71
379.56
380.45
381.36
382.24
383.08
383.92
384.66
385.36
386.07
386.76
387.45
388.13
388.79
389.49
390.15
390.82
391.46
392.16
392.82
393.49
394.16
394.85
395.53
396.21
396.87
397.54
398.16
398.88
399.56
400.23
400.92
401.64
402.33
403.01
403.67
404.33
405.0
405.69
406.33
407.07
407.79
408.49
409.16
409.84
410.52
411.22
411.91
412.57
413.22
413.9
414.55
415.22
415.88
416.51
417.21
417.88
418.55
419.23
419.86
420.53
421.28
421.98
422.73
423.46
424.21
424.93
425.67
426.36
427.14
427.89
428.66
429.4
430.18
431.01
431.79
432.57
433.38
434.13
434.96
435.58
436.24
436.88
437.45
438.02
438.57
439.14
439.71
440.29
440.85
441.42
442.02
442.56
443.14
443.66
444.19
444.75
445.28
445.82
446.42
447.1
447.74
448.38
449.05
449.71
450.33
450.97
451.64
452.35
453.08
453.77
454.44
455.36
456.21
457.1
457.92
458.84
459.65
460.52
461.41
462.23
463.18
464.08
464.84
465.64
466.45
467.21
468.01
468.74
469.49
470.28
471.01
471.81
472.54
473.26
473.95
474.62
475.29
475.96
476.6
477.3
477.94
478.58
479.33
480.07
480.84
481.66
482.46
