0.0
0.67
1.4
2.09
2.8
3.49
4.23
4.98
5.73
6.45
7.19
7.91
8.63
9.33
10.07
10.82
11.54
12.29
13.03
13.77
14.48
15.19
15.92
16.62
17.34
18.13
18.9
19.61
20.39
21.1
21.84
22.62
23.34
24.04
24.79
25.57
26.3
27.09
27.83
28.58
29.31
30.04
30.77
31.56
32.33
33.1
33.84
34.6
35.33
36.07
36.81
37.53
38.27
39.01
39.75
40.48
41.22
41.95
42.67
43.43
44.2
44.96
45.69
46.46
47.22
48.01
48.78
49.56
50.32
51.07
51.82
52.77
53.68
54.54
55.47
56.35
57.26
58.11
59.04
59.94
60.92
61.79
62.73
63.62
64.45
65.33
66.22
66.97
67.71
68.52
69.37
70.19
71.0
71.78
72.58
73.33
74.13
74.89
75.7
76.51
77.29
78.06
78.82
79.45
79.95
80.45
80.96
81.44
81.96
82.44
82.95
83.42
83.92
84.41
84.9
85.37
85.85
86.31
86.79
87.26
87.67
88.06
88.44
88.79
89.17
89.55
89.92
90.29
90.64
91.0
91.37
91.74
92.1
92.47
92.84
93.22
93.58
93.97
94.33
94.69
95.06
95.45
95.81
96.18
96.54
96.92
97.29
97.67
98.05
98.44
98.81
99.2
99.58
99.96
100.35
100.72
101.1
101.48
101.86
102.23
102.62
103.01
103.39
103.77
104.15
104.52
104.88
105.27
105.65
106.03
106.4
106.78
107.16
107.54
107.92
108.3
108.69
109.08
109.47
109.85
110.24
110.63
111.01
111.38
111.76
112.14
112.53
112.92
113.3
113.66
114.05
114.48
114.9
115.31
115.75
116.2
116.66
117.1
117.55
117.99
118.42
118.84
119.27
119.7
120.13
120.56
121.0
121.48
121.93
122.4
122.86
123.28
123.72
124.15
124.56
124.99
125.42
125.85
126.29
126.71
127.15
127.57
128.01
128.45
128.87
129.29
129.74
130.15
130.59
131.01
131.44
131.89
132.3
132.73
133.17
133.6
134.03
134.45
134.9
135.34
135.76
136.2
136.63
137.04
137.47
137.9
138.33
138.78
139.2
139.62
140.07
140.47
140.9
141.31
141.71
142.11
142.49
142.86
143.24
143.62
143.99
144.37
144.74
145.13
145.53
145.91
146.3
146.68
147.06
147.44
147.82
148.22
148.61
148.99
149.39
149.78
150.17
150.55
150.93
151.32
151.69
152.08
152.44
152.82
153.2
153.56
153.93
154.31
154.69
155.06
155.44
155.81
156.18
156.55
156.94
157.33
157.7
158.08
158.46
158.85
159.23
159.6
159.99
160.37
160.76
161.13
161.5
161.85
162.22
162.6
163.0
163.39
163.79
164.17
164.57
164.97
165.39
165.79
166.19
166.59
166.97
167.37
167.77
168.17
168.59
168.99
169.39
169.79
170.19
170.57
170.97
171.37
171.8
172.21
172.6
172.99
173.39
173.81
174.2
174.58
174.96
175.35
175.76
176.15
176.55
176.95
177.33
177.71
178.12
178.49
178.87
179.27
179.64
180.01
180.41
180.78
181.13
181.5
181.89
182.26
182.63
183.01
183.38
183.78
184.15
184.52
184.92
185.29
185.66
186.04
186.44
186.82
187.18
187.57
187.93
188.31
188.68
189.03
189.37
189.7
190.06
190.39
190.75
191.08
191.43
191.79
192.14
192.48
192.83
193.19
193.54
193.88
194.23
194.58
194.93
195.3
195.65
196.0
196.35
196.7
197.05
197.42
197.77
198.13
198.49
198.83
199.19
199.53
199.88
200.24
200.58
200.93
201.3
201.65
202.0
202.35
202.7
203.05
203.41
203.76
204.13
204.48
204.82
205.19
205.54
205.89
206.25
206.61
206.99
207.35
207.71
208.05
208.41
208.78
209.15
209.54
209.91
210.28
210.65
211.0
211.38
211.74
212.11
212.49
212.87
213.23
213.6
213.99
214.38
214.76
215.12
215.5
215.89
216.3
216.69
217.07
217.46
217.84
218.23
218.62
219.01
219.4
219.79
220.2
220.59
220.96
221.32
221.68
222.05
222.39
222.75
223.12
223.51
223.86
224.23
224.61
224.97
225.36
225.73
226.08
226.47
226.84
227.24
227.61
228.0
228.36
228.74
229.15
229.54
229.93
230.3
230.69
231.09
231.49
231.86
232.24
232.61
232.99
233.36
233.72
234.11
234.46
234.85
235.2
235.58
235.97
236.33
236.72
237.08
237.46
237.81
238.19
238.53
238.89
239.24
239.59
239.92
240.31
240.68
241.05
241.41
241.78
242.15
242.51
242.88
243.28
243.64
244.03
244.41
244.8
245.18
245.56
245.92
246.3
246.67
247.05
247.43
247.8
248.17
248.53
248.91
249.31
249.68
250.05
250.43
250.82
251.19
251.57
251.96
252.35
252.72
253.09
253.45
253.83
254.2
254.58
254.96
255.34
255.71
256.06
256.41
256.77
257.16
257.58
258.02
258.42
258.84
259.26
259.69
260.12
260.52
260.94
261.37
261.78
262.22
262.64
263.06
263.46
263.89
264.31
264.74
265.16
265.57
265.96
266.35
266.72
267.09
267.45
267.83
268.2
268.58
268.95
269.32
269.69
270.05
270.41
270.78
271.16
271.53
271.89
272.24
272.61
272.97
273.32
273.69
274.08
274.47
274.84
275.2
275.57
275.96
276.31
276.67
277.04
277.4
277.76
278.12
278.48
278.84
279.19
279.57
279.97
280.35
280.72
281.09
281.49
281.87
282.24
282.61
283.0
283.37
283.73
284.1
284.49
284.87
285.23
285.6
285.98
286.35
286.72
287.08
287.45
287.81
288.17
288.54
288.89
289.27
289.64
290.0
290.35
290.71
291.07
291.43
291.79
292.14
292.52
292.87
293.25
293.61
293.99
294.38
294.77
295.14
295.52
295.89
296.26
296.65
297.02
297.38
297.77
298.13
298.52
298.9
299.29
299.66
300.04
300.43
300.81
301.19
301.56
301.93
302.31
302.7
303.1
303.49
303.87
304.3
304.74
305.2
305.68
306.14
306.59
307.04
307.5
307.96
308.4
308.87
309.32
309.75
310.2
310.67
311.16
311.63
312.09
312.55
313.03
313.51
313.97
314.42
314.84
315.28
315.71
316.14
316.56
317.0
317.38
317.74
318.13
318.51
318.89
319.28
319.7
320.1
320.49
320.88
321.28
321.68
322.05
322.44
322.84
323.23
323.61
324.0
324.4
324.8
325.18
325.58
325.99
326.4
326.79
327.19
327.59
327.97
328.36
328.74
329.13
329.5
329.89
330.26
330.65
331.01
331.38
331.75
332.12
332.5
332.88
333.25
333.62
333.98
334.35
334.71
335.1
335.44
335.8
336.14
336.5
336.84
337.18
337.54
337.9
338.28
338.64
338.99
339.35
339.71
340.08
340.43
340.77
341.13
341.47
341.83
342.18
342.54
342.91
343.28
343.64
344.03
344.39
344.75
345.12
345.51
345.87
346.24
346.6
346.98
347.35
347.72
348.09
348.46
348.85
349.22
349.6
349.99
350.36
350.74
351.11
351.48
351.84
352.22
352.6
352.99
353.36
353.74
354.11
354.49
354.85
355.23
355.6
355.98
356.35
356.71
357.09
357.46
357.83
358.22
358.62
359.01
359.39
359.77
360.16
360.54
360.92
361.3
361.69
362.07
362.44
362.82
363.18
363.56
363.93
364.31
364.68
365.08
365.48
365.89
366.3
366.7
367.09
367.47
367.85
368.24
368.64
369.02
369.46
369.9
370.31
370.76
371.21
371.69
372.15
372.61
373.06
373.51
373.98
374.45
374.89
375.32
375.73
376.16
376.61
377.02
377.47
377.9
378.31
378.75
379.16
379.57
380.02
380.45
380.86
381.3
381.72
382.17
382.59
383.01
383.46
383.88
384.3
384.73
385.16
385.61
386.03
386.44
386.88
387.29
387.71
388.12
388.56
388.97
389.33
389.69
390.07
390.44
390.81
391.18
391.54
391.91
392.28
392.66
393.03
393.4
393.76
394.14
394.5
394.89
395.26
395.62
396.0
396.38
396.75
397.12
397.5
397.88
398.27
398.64
399.04
399.41
399.79
400.15
400.53
400.9
401.28
401.64
402.02
402.39
402.78
403.15
403.52
403.91
404.29
404.67
405.04
405.44
405.82
406.18
406.56
406.95
407.33
407.73
408.11
408.49
408.87
409.25
409.61
409.99
410.35
410.71
411.06
411.43
411.77
412.13
412.52
412.91
413.28
413.66
414.05
414.45
414.82
415.37
416.04
416.74
417.47
418.13
418.85
419.52
420.22
420.9
421.6
422.36
423.07
423.81
424.55
425.26
426.0
426.8
427.57
428.32
429.03
429.78
430.49
431.2
431.92
432.64
433.35
434.07
434.84
435.58
436.4
437.2
437.98
438.75
439.6
440.54
441.44
442.42
443.29
444.21
445.17
446.11
447.07
447.94
448.88
449.8
450.78
451.68
452.77
453.9
455.01
456.07
457.19
458.26
459.28
460.37
461.41
462.49
463.48
464.53
465.58
466.66
467.74
468.83
469.72
470.68
471.6
472.56
473.47
474.4
475.28
476.14
477.02
477.94
478.81
479.61
480.42
481.2
482.0
482.79
483.68
484.59
