1.03
2.44
3.85
5.33
6.81
8.27
9.69
11.18
12.67
14.12
15.55
16.96
18.51
20.15
21.84
23.34
24.78
26.3
27.83
29.31
30.76
32.32
33.84
35.33
36.81
38.26
39.74
41.21
42.66
44.19
45.69
47.21
48.78
50.31
51.85
53.67
55.47
57.25
59.04
60.88
62.72
64.46
66.2
67.71
69.36
71.0
72.57
74.13
75.69
77.28
78.82
80.32
81.8
83.29
84.77
86.2
87.67
89.16
90.64
92.1
93.58
95.06
96.54
98.05
99.58
101.1
102.61
104.14
105.65
107.16
108.68
110.24
111.75
113.29
114.89
116.53
118.04
119.7
121.47
123.19
124.62
126.27
128.0
129.73
131.43
133.16
134.9
136.63
138.33
140.06
141.71
143.23
144.74
146.29
147.81
149.39
150.93
152.44
153.93
155.44
156.94
158.45
159.99
161.5
162.99
164.57
166.19
167.77
169.39
170.97
172.6
174.2
175.76
177.33
179.17
181.01
182.63
184.15
185.65
187.17
188.79
190.62
192.48
194.35
196.24
198.13
200.0
201.88
203.75
205.65
207.47
209.11
210.64
212.11
213.59
215.12
216.68
218.23
219.78
221.4
223.11
224.87
226.47
227.97
229.53
231.08
232.6
234.09
235.58
237.08
238.52
239.95
241.41
242.88
244.4
245.92
247.42
248.91
250.43
251.96
253.45
254.95
256.4
257.97
259.63
261.37
263.07
264.71
266.34
267.82
269.31
270.77
272.24
273.69
275.19
276.66
278.12
279.56
281.09
282.61
284.09
285.59
287.08
288.53
290.0
291.43
292.87
294.38
295.89
297.37
298.9
300.42
301.94
303.84
305.68
307.5
309.31
311.15
313.03
314.84
316.54
318.13
319.7
321.28
322.84
324.39
325.99
327.59
329.12
330.64
332.11
333.61
335.09
336.49
337.9
339.35
340.76
342.17
343.64
345.11
346.59
348.09
349.6
351.1
352.6
354.1
355.59
357.08
358.61
360.15
361.68
363.18
364.69
366.33
368.11
369.89
371.69
373.43
374.9
376.6
378.31
380.01
381.72
383.45
385.15
386.88
388.56
390.06
391.53
393.02
394.5
395.99
397.5
399.03
400.53
402.02
403.51
405.04
406.55
408.1
409.61
411.24
412.9
414.44
415.95
418.13
420.89
423.81
426.7
430.13
433.33
436.4
439.59
443.29
447.06
450.77
455.0
459.27
463.33
467.01
470.41
473.46
476.33
479.17
481.99
