0.84
2.21
3.62
5.06
6.52
7.92
9.33
10.77
12.26
13.7
15.08
16.48
18.37
21.41
24.32
27.26
30.15
33.09
36.17
39.04
41.91
44.92
47.91
51.2
54.8
58.51
62.38
66.0
69.51
72.79
76.29
79.78
83.17
86.54
89.83
93.03
96.1
99.06
102.01
104.89
107.93
111.46
115.14
118.74
121.99
125.59
128.84
132.34
135.81
139.43
142.81
145.89
148.77
151.74
154.64
157.54
160.48
163.38
166.24
169.08
172.35
175.52
178.68
181.72
184.75
187.92
191.0
194.24
197.71
201.14
204.28
207.27
210.43
213.5
216.61
219.98
223.45
226.74
230.42
233.85
236.83
239.8
242.77
245.9
248.96
251.93
254.91
257.8
260.79
263.99
266.86
269.45
272.07
274.77
277.58
280.43
283.31
286.25
289.11
292.02
294.99
297.81
300.57
303.59
306.57
309.72
313.15
316.75
320.56
324.27
327.61
330.9
334.06
337.4
340.72
342.93
345.08
347.22
348.98
350.56
352.09
353.57
355.1
356.56
358.01
359.49
360.94
362.35
363.81
365.29
366.82
368.23
369.63
371.1
372.55
374.04
375.55
377.11
378.65
380.31
382.15
384.06
385.91
387.63
389.33
391.07
392.8
394.62
396.5
398.32
400.02
401.51
402.93
404.32
405.76
407.17
408.55
409.91
411.29
412.71
414.09
415.61
417.09
418.56
420.03
421.51
422.97
424.46
425.95
428.46
431.25
434.14
436.99
439.58
442.26
445.08
447.67
450.39
453.11
455.83
458.89
462.68
466.76
470.77
474.14
476.99
479.89
482.74
485.68
488.74
491.76
494.38
496.97
499.77
