0.18
0.51
0.85
1.2
1.53
1.87
2.21
2.56
2.91
3.26
3.62
3.99
4.36
4.71
5.06
5.42
5.79
6.15
6.52
6.87
7.22
7.58
7.92
8.27
8.62
8.97
9.33
9.7
10.06
10.41
10.77
11.14
11.5
11.88
12.26
12.63
13.0
13.35
13.7
14.04
14.39
14.74
15.08
15.43
15.8
16.15
16.48
16.87
17.26
17.64
18.02
18.38
18.78
19.14
19.52
19.92
20.3
20.68
21.04
21.42
21.82
22.19
22.55
22.91
23.27
23.63
23.97
24.33
24.7
25.06
25.42
25.78
26.14
26.51
26.87
27.26
27.61
28.0
28.37
28.72
29.08
29.43
29.79
30.15
30.53
30.91
31.27
31.62
31.99
32.36
32.72
33.09
33.46
33.85
34.24
34.66
35.06
35.43
35.81
36.18
36.54
36.89
37.24
37.6
37.97
38.33
38.68
39.04
39.4
39.74
40.08
40.43
40.82
41.17
41.55
41.91
42.29
42.66
43.05
43.46
43.85
44.21
44.58
44.95
45.32
45.7
46.06
46.43
46.81
47.18
47.56
47.91
48.29
48.65
49.04
49.39
49.75
50.1
50.47
50.83
51.2
51.59
52.0
52.49
52.98
53.46
53.91
54.34
54.8
55.26
55.69
56.17
56.65
57.11
57.57
58.05
58.53
59.03
59.51
59.98
60.47
60.95
61.42
61.89
62.38
62.85
63.32
63.81
64.28
64.72
65.14
65.57
65.99
66.42
66.87
67.32
67.78
68.24
68.64
69.06
69.5
69.9
70.33
70.74
71.16
71.56
71.96
72.37
72.8
73.22
73.66
74.12
74.56
75.0
75.43
75.86
76.29
76.7
77.14
77.56
78.0
78.44
78.89
79.37
79.83
80.32
80.72
81.13
81.55
81.96
82.35
82.76
83.18
83.62
84.04
84.46
84.86
85.28
85.7
86.12
86.55
86.98
87.39
87.78
88.19
88.6
89.03
89.42
89.84
90.24
90.64
91.03
91.45
91.84
92.23
92.62
93.03
93.42
93.8
94.18
94.57
94.95
95.34
95.72
96.1
96.49
96.87
97.24
97.59
97.98
98.33
98.69
99.06
99.42
99.81
100.17
100.54
100.92
101.29
101.63
102.01
102.35
102.73
103.08
103.44
103.79
104.18
104.54
104.9
105.28
105.64
106.01
106.38
106.76
107.16
107.55
107.93
108.34
108.71
109.08
109.45
109.81
110.18
110.55
110.91
111.3
111.67
112.04
112.41
112.78
113.14
113.51
113.87
114.24
114.61
114.98
115.35
115.75
116.12
116.49
116.94
117.41
117.9
118.36
118.82
119.3
119.78
120.24
120.66
121.11
121.54
121.99
122.42
122.88
123.3
123.78
124.27
124.76
125.22
125.68
126.17
126.63
127.08
127.51
127.95
128.39
128.84
129.26
129.7
130.14
130.58
131.04
131.47
131.88
132.33
132.76
133.19
133.6
134.05
134.48
134.92
135.35
135.8
136.23
136.64
137.07
137.54
138.05
138.56
138.98
139.43
139.83
140.25
140.67
141.11
141.53
141.94
142.35
142.79
143.21
143.63
144.03
144.47
144.83
145.18
145.53
145.89
146.24
146.6
146.96
147.32
147.69
148.06
148.41
148.79
149.16
149.53
149.89
150.26
150.65
151.02
151.37
151.74
152.11
152.49
152.86
153.21
153.58
153.94
154.29
154.65
155.03
155.37
155.74
156.1
156.47
156.82
157.18
157.54
157.9
158.27
158.64
159.02
159.4
159.77
160.13
160.48
160.86
161.2
161.58
161.92
162.29
162.64
163.01
163.38
163.74
164.1
164.44
164.8
165.19
165.57
165.95
166.34
166.74
167.11
167.51
167.9
168.28
168.69
169.09
169.48
169.89
170.31
170.72
171.14
171.54
171.96
172.36
172.76
173.15
173.55
173.96
174.37
174.76
175.13
175.53
175.92
176.3
176.69
177.1
177.51
177.89
178.29
178.71
179.13
179.57
179.99
180.41
180.83
181.23
181.65
182.09
182.49
182.91
183.3
183.71
184.12
184.54
184.96
185.35
185.78
186.22
186.64
187.1
187.53
187.96
188.42
188.86
189.3
189.72
190.16
190.62
191.04
191.5
191.92
192.36
192.8
193.29
193.76
194.25
194.74
195.24
195.72
196.23
196.69
197.21
197.71
198.26
198.77
199.29
199.8
200.32
200.82
201.3
201.78
202.27
202.79
203.3
203.8
204.28
204.77
205.27
205.78
206.3
206.78
207.27
207.74
208.25
208.74
209.25
209.76
210.23
210.73
211.18
211.6
212.05
212.48
212.91
213.32
213.75
214.22
214.67
215.1
215.57
216.0
216.45
216.92
217.35
217.82
218.27
218.69
219.15
219.57
220.0
220.42
220.86
221.31
221.75
222.2
222.63
223.05
223.46
223.89
224.3
224.71
225.1
225.51
225.92
226.35
226.74
227.18
227.62
228.03
228.47
228.89
229.34
229.75
230.18
230.62
231.06
231.48
231.9
232.35
232.77
233.19
233.64
234.05
234.5
234.93
235.35
235.71
236.09
236.45
236.83
237.18
237.57
237.93
238.29
238.66
239.04
239.42
239.8
240.18
240.56
240.93
241.3
241.68
242.03
242.4
242.77
243.16
243.56
243.95
244.35
244.74
245.13
245.52
245.91
246.31
246.73
247.12
247.5
247.89
248.28
248.69
249.05
249.41
249.77
250.13
250.48
250.84
251.2
251.57
251.94
252.32
252.7
253.07
253.44
253.8
254.18
254.54
254.92
255.28
255.64
256.0
256.35
256.72
257.08
257.44
257.8
258.18
258.55
258.9
259.28
259.65
260.02
260.39
260.79
261.17
261.54
261.91
262.26
262.6
262.95
263.29
263.64
263.99
264.34
264.71
265.04
265.43
265.84
266.26
266.67
267.09
267.51
267.94
268.37
268.82
269.25
269.68
270.11
270.52
270.95
271.4
271.81
272.26
272.68
273.1
273.51
273.92
274.36
274.72
275.06
275.44
275.78
276.15
276.51
276.86
277.22
277.59
277.96
278.3
278.65
279.0
279.35
279.71
280.07
280.44
280.81
281.17
281.53
281.89
282.25
282.6
282.95
283.31
283.69
284.07
284.43
284.78
285.14
285.5
285.86
286.24
286.59
286.94
287.3
287.66
288.02
288.4
288.74
289.11
289.48
289.84
290.19
290.55
290.91
291.29
291.64
292.02
292.4
292.76
293.12
293.49
293.89
294.25
294.64
294.99
295.38
295.72
296.07
296.43
296.78
297.13
297.46
297.82
298.16
298.53
298.86
299.21
299.56
299.9
300.23
300.57
300.96
301.32
301.7
302.08
302.45
302.82
303.2
303.59
303.99
304.37
304.75
305.15
305.57
305.97
306.36
306.76
307.16
307.54
307.91
308.28
308.65
309.01
309.37
309.72
310.08
310.44
310.8
311.16
311.53
311.92
312.35
312.74
313.16
313.57
314.0
314.46
314.93
315.4
315.86
316.31
316.76
317.21
317.64
318.09
318.57
319.03
319.51
320.01
320.51
320.99
321.47
321.92
322.4
322.87
323.33
323.8
324.27
324.74
325.14
325.57
325.98
326.39
326.82
327.22
327.62
328.05
328.44
328.85
329.29
329.7
330.12
330.5
330.91
331.3
331.69
332.07
332.48
332.88
333.26
333.66
334.07
334.49
334.88
335.3
335.74
336.15
336.56
336.99
337.42
337.87
338.3
338.71
339.14
339.57
340.0
340.45
340.87
341.28
341.67
342.08
342.51
342.92
343.32
343.73
344.14
344.54
344.95
345.36
345.79
346.2
346.61
346.99
347.37
347.76
348.15
348.56
348.98
349.4
349.79
350.17
350.57
350.96
351.33
351.71
352.09
352.48
352.85
353.22
353.6
353.97
354.34
354.72
355.1
355.47
355.84
356.2
356.56
356.94
357.3
357.66
358.02
358.38
358.76
359.12
359.49
359.86
360.22
360.57
360.95
361.28
361.65
361.98
362.35
362.69
363.05
363.42
363.81
364.19
364.56
364.93
365.29
365.67
366.05
366.44
366.82
367.18
367.54
367.89
368.24
368.59
368.94
369.29
369.63
370.0
370.36
370.74
371.1
371.46
371.82
372.17
372.56
372.93
373.3
373.67
374.05
374.44
374.8
375.18
375.56
375.94
376.33
376.72
377.12
377.51
377.9
378.26
378.64
379.02
379.47
379.89
380.32
380.78
381.21
381.68
382.16
382.65
383.13
383.62
384.07
384.54
385.02
385.46
385.92
386.33
386.77
387.2
387.64
388.05
388.49
388.91
389.34
389.78
390.21
390.63
391.08
391.49
391.93
392.35
392.82
393.31
393.77
394.19
394.63
395.04
395.48
395.88
396.28
396.66
397.06
397.49
397.9
398.33
398.74
399.17
399.58
400.02
400.44
400.8
401.16
401.51
401.87
402.22
402.58
402.93
403.29
403.63
403.99
404.33
404.68
405.04
405.41
405.76
406.12
406.49
406.84
407.18
407.52
407.88
408.22
408.55
408.89
409.23
409.56
409.91
410.27
410.62
410.95
411.3
411.65
412.0
412.35
412.71
413.07
413.4
413.76
414.1
414.46
414.84
415.23
415.61
415.99
416.36
416.74
417.1
417.48
417.84
418.2
418.57
418.94
419.3
419.67
420.03
420.43
420.83
421.35
421.88
422.42
422.97
423.55
424.09
424.65
425.2
425.74
426.43
427.1
427.79
428.47
429.18
429.85
430.57
431.26
431.96
432.72
433.44
434.14
434.84
435.55
436.29
437.0
437.68
438.38
439.06
439.75
440.43
441.18
441.86
442.62
443.33
444.0
444.73
445.44
446.16
446.95
447.68
448.43
449.17
449.91
450.7
451.45
452.2
452.95
453.66
454.44
455.12
455.84
456.54
457.28
458.04
458.8
459.53
460.28
460.98
461.74
462.48
463.26
463.96
464.71
465.45
466.15
466.88
467.63
468.37
469.02
469.72
470.44
471.22
471.92
472.7
473.4
474.15
474.89
475.57
476.27
476.99
477.71
478.45
479.23
480.09
480.96
481.85
482.75
483.66
484.49
485.37
486.19
487.03
487.93
488.75
489.6
490.37
491.16
491.97
492.77
493.58
494.39
495.19
495.97
496.76
497.5
498.26
499.01
499.78
500.54
501.42
502.26
