0.12
0.46
0.8
1.17
1.51
1.85
2.2
2.54
2.88
3.23
3.57
3.93
4.28
4.62
4.97
5.32
5.68
6.03
6.39
6.74
7.09
7.43
7.78
8.12
8.46
8.8
9.16
9.52
9.87
10.22
10.56
10.92
11.28
11.63
11.99
12.34
12.7
13.05
13.4
13.75
14.1
14.45
14.8
15.18
15.54
15.89
16.24
16.62
17.0
17.42
17.8
18.21
18.61
19.0
19.4
19.8
20.22
20.59
20.99
21.36
21.73
22.13
22.49
22.84
23.19
23.55
23.91
24.28
24.64
25.0
25.35
25.71
26.03
26.38
26.72
27.08
27.42
27.78
28.13
28.48
28.83
29.2
29.56
29.93
30.28
30.65
31.01
31.37
31.71
32.09
32.46
32.85
33.24
33.59
33.95
34.31
34.66
35.03
35.39
35.75
36.11
36.48
36.84
37.2
37.56
37.92
38.29
38.66
39.03
39.38
39.76
40.13
40.5
40.88
41.25
41.63
42.03
42.41
42.78
43.13
43.49
43.85
44.21
44.58
44.94
45.32
45.7
46.07
46.45
46.84
47.22
47.59
47.97
48.35
48.74
49.11
49.5
49.89
50.27
50.65
51.01
51.41
51.84
52.27
52.69
53.15
53.59
54.01
54.46
54.93
55.37
55.81
56.27
56.75
57.21
57.65
58.11
58.59
59.05
59.49
59.93
60.4
60.83
61.25
61.69
62.11
62.53
62.96
63.39
63.83
64.25
64.67
65.07
65.5
65.92
66.33
66.76
67.19
67.61
68.01
68.44
68.84
69.24
69.62
70.04
70.46
70.88
71.3
71.74
72.2
72.64
73.07
73.49
73.92
74.34
74.74
75.16
75.59
76.0
76.44
76.9
77.32
77.78
78.21
78.63
79.03
79.42
79.82
80.21
80.62
81.05
81.46
81.86
82.25
82.65
83.04
83.44
83.86
84.26
84.63
85.01
85.37
85.75
86.12
86.49
86.88
87.27
87.64
88.0
88.38
88.74
89.11
89.47
89.83
90.18
90.51
90.88
91.21
91.57
91.93
92.29
92.64
93.02
93.38
93.75
94.11
94.48
94.83
95.19
95.57
95.92
96.29
96.67
97.03
97.4
97.77
98.14
98.53
98.89
99.27
99.64
100.01
100.38
100.75
101.11
101.48
101.85
102.22
102.6
102.96
103.35
103.73
104.11
104.48
104.87
105.24
105.6
105.98
106.35
106.71
107.07
107.42
107.79
108.16
108.53
108.9
109.26
109.63
109.99
110.37
110.77
111.15
111.54
111.91
112.32
112.69
113.08
113.47
113.86
114.27
114.65
115.03
115.41
115.77
116.17
116.55
116.91
117.3
117.68
118.1
118.49
118.89
119.29
119.68
120.07
120.46
120.87
121.24
121.65
122.04
122.41
122.81
123.19
123.59
123.97
124.38
124.75
125.15
125.55
125.95
126.37
126.77
127.15
127.55
127.92
128.31
128.7
129.09
129.49
129.88
130.26
130.67
131.04
131.43
131.82
132.21
132.62
133.01
133.39
133.79
134.16
134.55
134.94
135.34
135.74
136.12
136.51
136.89
137.28
137.67
138.06
138.45
138.85
139.17
139.52
139.85
140.2
140.55
140.9
141.24
141.59
141.94
142.29
142.63
142.98
143.34
143.69
144.05
144.41
144.77
145.12
145.46
145.82
146.18
146.53
146.87
147.22
147.58
147.92
148.27
148.63
149.0
149.35
149.71
150.07
150.43
150.79
151.14
151.5
151.88
152.24
152.62
152.99
153.36
153.72
154.07
154.43
154.79
155.16
155.53
155.89
156.28
156.63
157.0
157.37
157.74
158.13
158.54
158.93
159.31
159.68
160.06
160.43
160.81
161.21
161.58
161.95
162.3
162.66
163.04
163.41
163.76
164.14
164.51
164.88
165.26
165.63
166.0
166.4
166.76
167.16
167.51
167.86
168.23
168.6
168.96
169.31
169.69
170.09
170.46
170.87
171.25
171.63
172.01
172.39
172.75
173.13
173.48
173.85
174.21
174.57
174.94
175.31
175.69
176.06
176.48
176.88
177.28
177.67
178.08
178.57
179.04
179.54
180.03
180.51
181.01
181.49
181.97
182.47
183.01
183.49
184.03
184.53
185.02
185.53
186.07
186.58
187.06
187.56
188.05
188.55
189.03
189.5
189.98
190.46
190.95
191.48
191.95
192.44
192.93
193.41
193.92
194.42
194.9
195.39
195.86
196.35
196.8
197.29
197.75
198.21
198.7
199.18
199.65
200.14
200.65
201.13
201.6
202.07
202.55
203.04
203.5
203.98
204.45
204.91
205.27
205.64
206.0
206.39
206.76
207.16
207.53
207.92
208.29
208.66
209.05
209.43
209.8
210.18
210.57
210.95
211.33
211.7
212.1
212.49
212.88
213.26
213.62
214.01
214.38
214.77
215.14
215.53
215.91
216.3
216.67
217.03
217.39
217.75
218.12
218.49
218.84
219.18
219.52
219.87
220.21
220.54
220.87
221.21
221.56
221.89
222.26
222.6
222.96
223.29
223.64
224.01
224.36
224.71
225.06
225.41
225.76
226.1
226.46
226.82
227.2
227.55
227.92
228.26
228.63
228.99
229.34
229.7
230.08
230.42
230.78
231.15
231.53
231.89
232.26
232.62
232.99
233.33
233.7
234.09
234.48
234.84
235.24
235.61
235.96
236.31
236.65
236.98
237.33
237.67
238.02
238.37
238.73
239.09
239.44
239.79
240.14
240.5
240.86
241.22
241.57
241.92
242.27
242.62
242.97
243.32
243.67
244.02
244.39
244.74
245.09
245.43
245.78
246.14
246.49
246.83
247.2
247.56
247.91
248.27
248.62
248.97
249.32
249.67
250.04
250.4
250.76
251.11
251.49
251.88
252.27
252.65
253.03
253.39
253.77
254.16
254.56
254.96
255.36
255.76
256.17
256.58
256.94
257.34
257.7
258.08
258.47
258.85
259.22
259.59
259.94
260.29
260.66
261.01
261.38
261.74
262.11
262.46
262.83
263.19
263.54
263.89
264.27
264.61
264.97
265.32
265.66
266.01
266.36
266.7
267.06
267.43
267.79
268.15
268.51
268.88
269.24
269.57
269.92
270.28
270.64
270.99
271.34
271.69
272.04
272.39
272.75
273.12
273.47
273.82
274.19
274.56
274.92
275.28
275.62
275.97
276.33
276.69
277.06
277.41
277.77
278.14
278.49
278.82
279.18
279.54
279.88
280.25
280.61
280.98
281.35
281.74
282.11
282.48
282.84
283.2
283.57
283.93
284.29
284.66
285.01
285.38
285.75
286.12
286.5
286.9
287.27
287.63
287.99
288.35
288.7
289.06
289.42
289.77
290.15
290.52
290.89
291.27
291.65
292.03
292.4
292.78
293.16
293.54
293.93
294.3
294.68
295.08
295.48
295.88
296.26
296.71
297.15
297.61
298.09
298.54
298.99
299.45
299.93
300.39
300.82
301.26
301.71
302.15
302.57
303.0
303.44
303.87
304.3
304.73
305.17
305.64
306.08
306.51
306.97
307.4
307.85
308.27
308.71
309.17
309.61
310.02
310.41
310.82
311.25
311.65
312.06
312.48
312.89
313.29
313.71
314.1
314.53
314.92
315.33
315.75
316.17
316.56
316.98
317.41
317.84
318.25
318.66
319.09
319.51
319.91
320.33
320.73
321.13
321.52
321.93
322.36
322.77
323.16
323.58
323.99
324.42
324.88
325.31
325.74
326.2
326.59
326.99
327.37
327.76
328.15
328.54
328.95
329.33
329.71
330.08
330.46
330.82
331.18
331.55
331.93
332.31
332.68
333.02
333.4
333.76
334.11
334.45
334.79
335.14
335.48
335.84
336.18
336.54
336.89
337.24
337.6
337.97
338.33
338.69
339.05
339.44
339.79
340.15
340.52
340.89
341.25
341.62
341.98
342.35
342.73
343.11
343.5
343.86
344.24
344.61
344.98
345.34
345.71
346.09
346.49
346.87
347.25
347.63
348.0
348.39
348.76
349.14
349.52
349.9
350.25
350.64
351.0
351.37
351.75
352.11
352.47
352.82
353.2
353.56
353.92
354.27
354.63
354.99
355.36
355.74
356.14
356.52
356.9
357.28
357.64
358.0
358.38
358.8
359.25
359.66
360.1
360.54
361.0
361.44
361.88
362.29
362.7
363.13
363.54
363.96
364.38
364.79
365.21
365.63
366.02
366.43
366.85
367.27
367.68
368.06
368.48
368.87
369.27
369.66
370.06
370.46
370.86
371.28
371.68
372.05
372.46
372.84
373.23
373.61
374.02
374.45
374.86
375.24
375.63
376.01
376.4
376.81
377.22
377.65
378.06
378.42
378.82
379.18
379.56
379.94
380.33
380.74
381.11
381.45
381.79
382.13
382.47
382.8
383.15
383.51
383.86
384.2
384.54
384.91
385.27
385.61
385.96
386.32
386.68
387.02
387.36
387.73
388.08
388.42
388.77
389.12
389.48
389.83
390.19
390.54
390.9
391.26
391.63
392.0
392.36
392.72
393.1
393.45
393.83
394.18
394.54
394.91
395.26
395.62
395.97
396.34
396.7
397.05
397.41
397.76
398.12
398.48
398.84
399.18
399.53
399.87
400.24
400.61
400.97
401.32
401.66
402.03
402.38
402.73
403.06
403.42
403.77
404.13
404.5
404.85
405.19
405.54
405.89
406.26
406.62
406.97
407.32
407.69
408.04
408.39
408.72
409.08
409.42
409.78
410.12
410.49
410.84
411.19
411.53
411.89
412.25
412.63
413.02
413.38
413.76
414.14
414.49
414.87
415.25
415.62
415.99
416.37
416.79
417.2
417.63
418.05
418.46
418.88
419.31
419.72
420.17
420.69
421.19
421.77
422.3
422.86
423.47
424.16
424.79
425.53
426.24
426.96
427.69
428.44
429.24
429.99
430.74
431.54
432.38
433.17
434.02
434.92
435.79
436.72
437.58
438.49
439.36
440.29
441.2
442.12
442.98
443.88
444.77
445.64
446.57
447.47
448.34
449.27
450.23
451.21
452.18
453.13
454.1
455.11
456.14
457.13
458.06
458.94
459.9
460.79
461.74
462.66
463.53
464.52
465.49
466.49
467.49
468.56
469.57
470.44
471.38
472.23
473.12
473.97
