0.8
2.19
3.57
4.96
6.38
7.77
9.16
10.56
11.97
13.4
14.79
16.23
17.95
20.4
23.18
26.02
28.82
31.72
34.65
37.56
40.49
43.75
46.83
49.88
53.15
56.76
60.4
63.88
67.19
70.45
73.92
77.31
80.76
83.87
86.88
89.82
92.64
95.56
98.53
101.48
104.48
107.42
110.37
113.45
116.55
119.81
122.81
125.94
129.08
132.19
135.34
138.45
141.23
144.04
146.87
149.71
152.62
155.52
158.55
161.58
164.51
167.51
170.58
173.98
177.27
180.26
183.21
186.1
189.02
191.94
194.89
197.84
200.66
203.16
205.5
207.53
209.04
210.56
212.09
213.62
215.13
216.66
218.12
219.54
220.98
222.51
224.0
225.42
226.82
228.25
229.7
231.14
232.61
234.09
235.55
236.97
238.36
239.78
241.21
242.61
244.01
245.42
246.82
248.26
249.67
251.1
252.77
254.51
256.17
257.85
259.58
261.0
262.46
263.88
265.31
266.69
268.14
269.57
270.98
272.38
273.81
275.27
276.69
278.18
279.61
281.03
282.47
283.92
285.38
286.9
288.34
289.76
291.26
292.77
294.4
296.24
298.08
299.92
301.81
303.76
305.63
307.39
309.13
310.81
312.47
314.09
315.74
317.41
319.08
320.72
322.36
324.12
325.74
327.37
328.94
330.45
331.93
333.39
334.78
336.17
337.59
339.05
340.51
341.98
343.49
344.98
346.48
348.0
349.51
350.99
352.46
353.91
355.36
356.9
358.37
360.01
361.48
363.12
364.79
366.32
367.71
369.27
370.84
372.46
374.03
375.62
377.21
378.81
380.33
381.78
383.14
384.54
385.96
387.36
388.76
390.19
391.63
393.09
394.54
395.97
397.4
398.83
400.24
401.66
403.05
404.49
405.88
407.31
408.71
410.12
411.53
413.01
414.49
415.98
417.63
419.3
421.19
423.45
425.83
428.25
430.73
433.53
436.71
440.29
443.88
447.48
451.21
455.11
458.39
461.55
464.51
467.14
469.98
473.11
