0.84
2.32
3.83
5.39
7.0
8.6
10.17
11.77
13.39
15.02
16.65
18.22
19.96
21.52
23.02
24.6
26.23
27.82
29.44
31.07
32.71
34.38
36.02
37.71
39.55
41.49
43.16
44.76
46.39
48.1
49.72
51.38
53.08
54.78
56.54
58.4
60.34
62.21
64.13
66.12
68.04
69.9
71.77
73.53
75.35
77.15
78.97
80.8
82.6
84.38
86.09
87.79
89.5
91.23
92.97
94.67
96.33
98.0
99.65
101.27
102.94
104.6
106.25
107.93
109.64
111.38
113.12
114.84
116.55
118.24
119.92
121.62
123.34
125.09
126.83
128.51
130.14
131.93
133.76
135.45
137.08
138.83
140.62
142.43
144.22
145.99
147.75
149.51
151.25
153.03
154.75
156.38
157.99
159.59
161.24
162.9
164.58
166.2
167.85
169.48
171.13
172.77
174.41
176.02
177.7
179.41
181.12
182.81
184.52
186.16
187.89
189.59
191.35
193.06
194.8
196.56
198.24
199.85
201.43
203.04
204.61
206.23
207.81
209.48
211.16
212.92
214.57
216.21
217.79
219.37
220.92
222.54
224.19
225.82
227.41
228.98
230.55
232.16
233.79
235.4
237.02
238.66
240.31
241.93
243.56
245.21
246.8
248.39
249.97
251.57
253.13
254.78
256.4
258.06
259.68
261.25
262.84
264.49
266.09
267.72
269.36
271.02
272.64
274.28
275.94
277.59
279.23
280.79
282.61
284.48
286.37
288.26
290.12
292.01
293.61
295.25
296.85
298.44
300.1
301.71
303.35
305.0
306.64
308.31
309.99
311.6
313.24
314.83
316.4
317.98
319.54
321.17
322.86
324.48
326.1
327.76
329.47
331.15
332.95
334.79
336.66
338.5
340.19
341.82
343.6
345.42
347.26
348.98
350.84
352.62
354.39
356.23
358.09
359.85
361.55
363.23
364.91
366.6
368.29
369.93
371.58
373.22
374.84
376.46
378.09
379.72
381.32
382.97
384.69
386.4
388.12
389.83
391.51
393.21
394.88
396.59
398.3
399.96
401.81
403.57
405.19
406.96
408.8
410.5
412.12
413.82
415.64
417.44
419.21
420.99
422.77
424.71
426.54
428.15
429.76
431.36
433.0
434.66
436.34
437.98
439.63
441.29
442.91
444.57
446.26
447.94
449.64
451.34
452.94
454.54
456.25
457.95
459.49
461.04
462.59
464.14
465.67
467.24
468.84
470.54
472.15
473.69
475.25
476.86
478.58
480.43
482.35
484.3
486.25
488.17
490.33
492.47
494.62
497.06
499.49
501.72
503.95
506.45
509.46
512.45
515.62
518.7
521.9
524.94
527.94
531.0
534.34
