0.11
0.48
0.85
1.2
1.57
1.95
2.32
2.71
3.09
3.46
3.83
4.23
4.63
5.01
5.4
5.81
6.2
6.61
7.01
7.4
7.8
8.2
8.61
9.0
9.39
9.78
10.18
10.58
10.99
11.39
11.77
12.18
12.58
12.98
13.39
13.79
14.2
14.62
15.03
15.43
15.85
16.25
16.66
17.07
17.46
17.85
18.22
18.64
19.08
19.54
19.96
20.42
20.85
21.3
21.74
22.18
22.6
23.03
23.43
23.81
24.21
24.61
25.01
25.43
25.83
26.23
26.63
27.05
27.44
27.83
28.25
28.66
29.07
29.45
29.86
30.26
30.67
31.08
31.49
31.91
32.32
32.72
33.15
33.56
33.97
34.39
34.8
35.22
35.64
36.04
36.45
36.86
37.28
37.69
38.1
38.49
38.86
39.26
39.64
40.04
40.43
40.81
41.22
41.6
41.98
42.37
42.76
43.16
43.56
43.96
44.37
44.77
45.17
45.57
45.98
46.39
46.82
47.27
47.7
48.11
48.52
48.92
49.32
49.73
50.15
50.55
50.96
51.38
51.8
52.22
52.65
53.08
53.52
53.94
54.37
54.79
55.22
55.64
56.08
56.54
57.02
57.47
57.92
58.4
58.91
59.39
59.86
60.37
60.82
61.27
61.74
62.22
62.69
63.14
63.63
64.15
64.63
65.11
65.6
66.13
66.6
67.07
67.55
68.05
68.52
68.97
69.44
69.91
70.4
70.85
71.3
71.78
72.22
72.64
73.08
73.53
73.99
74.42
74.88
75.36
75.8
76.25
76.71
77.17
77.6
78.05
78.5
78.97
79.43
79.88
80.34
80.81
81.28
81.72
82.16
82.61
83.05
83.49
83.94
84.38
84.83
85.27
85.69
86.09
86.52
86.93
87.36
87.79
88.21
88.64
89.07
89.51
89.96
90.39
90.81
91.23
91.66
92.1
92.54
92.99
93.41
93.84
94.25
94.68
95.09
95.5
95.91
96.33
96.75
97.16
97.59
98.01
98.44
98.84
99.26
99.66
100.07
100.45
100.87
101.27
101.7
102.12
102.54
102.95
103.38
103.78
104.2
104.6
105.03
105.44
105.85
106.25
106.66
107.08
107.51
107.93
108.37
108.8
109.22
109.64
110.09
110.52
110.95
111.38
111.82
112.25
112.68
113.12
113.55
113.98
114.41
114.84
115.28
115.71
116.14
116.56
116.99
117.41
117.84
118.25
118.68
119.1
119.51
119.92
120.36
120.77
121.2
121.62
122.04
122.49
122.92
123.34
123.76
124.19
124.62
125.06
125.52
125.96
126.39
126.83
127.25
127.68
128.11
128.52
128.92
129.33
129.74
130.15
130.56
131.0
131.46
131.94
132.39
132.85
133.3
133.77
134.21
134.61
135.05
135.46
135.87
136.27
136.69
137.09
137.49
137.92
138.39
138.84
139.28
139.72
140.17
140.63
141.08
141.54
141.98
142.44
142.88
143.33
143.77
144.22
144.66
145.11
145.54
145.99
146.42
146.86
147.31
147.76
148.2
148.64
149.07
149.52
149.96
150.39
150.82
151.26
151.7
152.16
152.59
153.04
153.46
153.89
154.34
154.76
155.17
155.57
155.98
156.39
156.8
157.21
157.61
158.01
158.4
158.82
159.21
159.6
160.03
160.43
160.84
161.25
161.67
162.08
162.49
162.91
163.34
163.75
164.18
164.59
165.0
165.4
165.8
166.21
166.62
167.04
167.43
167.86
168.27
168.68
169.08
169.49
169.89
170.3
170.71
171.14
171.54
171.95
172.37
172.78
173.2
173.62
174.01
174.42
174.82
175.24
175.63
176.03
176.43
176.84
177.27
177.73
178.16
178.58
178.99
179.42
179.83
180.26
180.7
181.13
181.56
181.97
182.39
182.82
183.24
183.69
184.12
184.52
184.94
185.35
185.77
186.17
186.59
187.02
187.47
187.9
188.32
188.76
189.18
189.6
190.03
190.49
190.93
191.36
191.81
192.23
192.64
193.07
193.48
193.87
194.26
194.66
195.08
195.48
195.88
196.28
196.67
197.08
197.46
197.86
198.24
198.65
199.04
199.43
199.87
200.27
200.71
201.15
201.6
202.05
202.49
202.91
203.31
203.73
204.15
204.59
205.01
205.41
205.84
206.25
206.67
207.12
207.53
207.97
208.41
208.84
209.24
209.63
210.02
210.44
210.84
211.22
211.65
212.06
212.5
212.92
213.33
213.74
214.15
214.58
214.99
215.38
215.81
216.22
216.62
217.01
217.41
217.8
218.21
218.59
218.98
219.37
219.77
220.16
220.56
220.94
221.36
221.74
222.15
222.55
222.96
223.38
223.79
224.2
224.62
225.03
225.43
225.83
226.21
226.61
227.01
227.42
227.83
228.22
228.61
228.98
229.38
229.77
230.15
230.55
230.97
231.38
231.77
232.18
232.59
233.0
233.41
233.8
234.21
234.6
235.0
235.4
235.81
236.21
236.62
237.03
237.44
237.85
238.26
238.67
239.09
239.5
239.92
240.31
240.73
241.13
241.53
241.93
242.34
242.74
243.16
243.57
243.99
244.4
244.81
245.22
245.6
246.0
246.4
246.8
247.21
247.6
248.0
248.4
248.79
249.16
249.56
249.97
250.36
250.76
251.18
251.58
251.97
252.34
252.73
253.13
253.54
253.95
254.37
254.78
255.19
255.6
256.0
256.41
256.82
257.23
257.66
258.07
258.47
258.88
259.3
259.69
260.09
260.47
260.87
261.26
261.65
262.07
262.47
262.85
263.27
263.69
264.09
264.5
264.91
265.3
265.7
266.1
266.52
266.93
267.33
267.73
268.15
268.55
268.97
269.37
269.79
270.2
270.62
271.03
271.44
271.84
272.25
272.65
273.07
273.49
273.89
274.29
274.71
275.11
275.53
275.94
276.36
276.77
277.18
277.6
278.0
278.42
278.83
279.24
279.65
280.04
280.42
280.8
281.24
281.69
282.17
282.64
283.11
283.56
284.05
284.5
284.97
285.46
285.93
286.38
286.85
287.33
287.81
288.26
288.67
289.09
289.52
289.94
290.36
290.78
291.19
291.61
292.01
292.41
292.81
293.22
293.62
294.04
294.44
294.85
295.26
295.67
296.09
296.48
296.85
297.25
297.63
298.04
298.45
298.86
299.29
299.7
300.11
300.52
300.92
301.33
301.72
302.14
302.55
302.96
303.36
303.77
304.18
304.59
305.01
305.42
305.84
306.24
306.64
307.07
307.5
307.91
308.32
308.74
309.16
309.58
309.98
310.4
310.81
311.21
311.61
312.03
312.43
312.84
313.27
313.68
314.05
314.45
314.83
315.23
315.62
316.01
316.41
316.82
317.21
317.58
317.98
318.36
318.77
319.16
319.55
319.96
320.35
320.76
321.17
321.58
321.99
322.42
322.87
323.29
323.68
324.09
324.49
324.89
325.29
325.71
326.11
326.52
326.93
327.35
327.77
328.19
328.62
329.05
329.47
329.9
330.32
330.73
331.16
331.61
332.07
332.52
332.96
333.4
333.85
334.32
334.8
335.26
335.75
336.22
336.67
337.15
337.61
338.08
338.51
338.98
339.41
339.86
340.31
340.76
341.22
341.66
342.16
342.63
343.13
343.62
344.08
344.52
344.99
345.44
345.92
346.36
346.82
347.27
347.71
348.14
348.55
348.98
349.43
349.87
350.35
350.85
351.32
351.76
352.19
352.63
353.05
353.48
353.93
354.4
354.86
355.31
355.8
356.27
356.72
357.17
357.63
358.1
358.56
358.99
359.42
359.86
360.32
360.74
361.16
361.56
361.99
362.42
362.82
363.24
363.66
364.09
364.51
364.92
365.36
365.76
366.19
366.61
367.03
367.45
367.87
368.3
368.71
369.13
369.53
369.94
370.34
370.75
371.16
371.58
371.99
372.39
372.81
373.23
373.63
374.03
374.44
374.85
375.24
375.64
376.05
376.46
376.88
377.3
377.7
378.1
378.52
378.92
379.33
379.74
380.15
380.55
380.95
381.33
381.74
382.14
382.56
382.98
383.42
383.84
384.27
384.69
385.14
385.54
385.98
386.41
386.84
387.27
387.71
388.13
388.57
389.0
389.43
389.84
390.27
390.69
391.12
391.52
391.96
392.37
392.8
393.22
393.64
394.06
394.48
394.89
395.3
395.72
396.16
396.59
397.02
397.45
397.89
398.32
398.73
399.14
399.56
399.97
400.38
400.81
401.23
401.6
401.99
402.36
402.74
403.15
403.57
403.98
404.38
404.79
405.19
405.6
406.05
406.51
406.98
407.42
407.88
408.34
408.81
409.28
409.72
410.18
410.66
411.12
411.58
412.02
412.5
412.95
413.38
413.83
414.28
414.73
415.19
415.65
416.09
416.54
416.98
417.45
417.89
418.33
418.78
419.22
419.66
420.11
420.54
421.0
421.44
421.89
422.33
422.78
423.26
423.76
424.23
424.72
425.17
425.63
426.1
426.55
426.95
427.35
427.76
428.17
428.56
428.96
429.35
429.77
430.17
430.57
430.97
431.35
431.77
432.18
432.6
433.01
433.44
433.87
434.27
434.67
435.1
435.51
435.93
436.35
436.76
437.17
437.58
437.99
438.4
438.81
439.21
439.63
440.05
440.47
440.88
441.29
441.71
442.11
442.53
442.92
443.34
443.75
444.16
444.58
445.0
445.42
445.84
446.27
446.67
447.09
447.51
447.95
448.39
448.81
449.24
449.65
450.09
450.5
450.91
451.35
451.75
452.14
452.55
452.94
453.31
453.7
454.13
454.55
454.98
455.42
455.84
456.26
456.71
457.12
457.57
457.96
458.35
458.73
459.12
459.5
459.91
460.28
460.68
461.06
461.45
461.83
462.21
462.6
462.99
463.37
463.75
464.12
464.53
464.9
465.3
465.68
466.08
466.46
466.86
467.25
467.65
468.04
468.44
468.84
469.24
469.59
469.96
470.35
470.71
471.05
471.41
471.78
472.16
472.54
472.93
473.3
473.7
474.09
474.47
474.86
475.26
475.66
476.06
476.47
476.86
477.25
477.7
478.12
478.59
479.04
479.48
479.94
480.38
480.82
481.27
481.74
482.19
482.63
483.11
483.57
484.01
484.49
484.93
485.4
485.87
486.33
486.79
487.24
487.69
488.15
488.67
489.22
489.79
490.34
490.87
491.43
491.97
492.48
493.05
493.59
494.12
494.63
495.17
495.69
496.21
496.74
497.28
497.85
498.36
498.93
499.5
500.04
500.63
501.19
501.73
502.3
502.86
503.4
503.96
504.61
505.21
505.82
506.46
507.21
507.96
508.7
509.45
510.24
510.99
511.7
512.47
513.27
514.01
514.81
515.61
516.36
517.13
517.91
518.7
519.49
520.18
520.95
521.64
522.37
523.11
523.84
524.59
525.32
526.04
526.79
527.56
528.31
529.09
529.84
530.57
531.41
532.28
533.26
534.35
535.44
