1.35
2.75
4.14
5.57
6.97
8.37
9.79
11.21
12.67
14.08
15.49
16.87
18.31
19.77
21.21
22.6
24.0
25.47
26.92
28.35
29.79
31.25
32.67
34.16
35.61
37.04
38.46
39.89
41.33
42.79
44.19
45.62
47.11
48.94
51.94
55.62
59.51
63.12
66.71
70.11
73.72
77.11
80.27
83.36
86.69
89.79
92.73
95.56
98.48
101.46
104.48
107.47
110.42
113.3
116.75
119.9
123.47
126.59
129.89
133.02
136.3
139.65
142.76
145.62
148.57
151.56
154.52
157.71
161.43
164.45
167.57
170.65
173.77
177.38
181.13
184.8
187.92
190.97
193.92
196.94
200.07
203.04
205.96
208.7
210.72
212.82
214.73
216.32
217.78
219.27
220.76
222.2
223.63
225.04
226.47
227.92
229.31
230.73
232.16
233.6
235.0
236.41
237.82
239.21
240.58
242.0
243.39
244.84
246.28
247.68
249.08
250.5
251.96
253.4
254.8
256.2
257.75
259.39
261.14
262.89
264.17
265.45
266.83
268.27
269.65
271.06
272.46
273.92
275.35
276.77
278.18
279.65
281.1
282.56
284.07
285.55
286.97
288.43
289.84
291.27
292.7
294.1
295.49
296.96
298.42
299.91
301.85
303.77
305.67
307.61
309.68
311.6
313.38
315.13
316.97
318.71
320.39
322.16
323.96
325.75
327.38
329.01
330.63
332.2
333.7
335.24
336.72
338.19
339.64
341.07
342.53
343.94
345.33
346.71
348.15
349.58
351.05
352.51
353.96
355.57
357.03
358.48
359.95
361.45
362.91
364.5
366.27
368.08
369.75
371.45
373.16
374.81
376.47
378.08
379.71
381.34
382.99
384.64
386.37
388.08
389.65
391.03
392.43
393.88
395.29
396.72
398.16
399.64
401.09
402.51
403.99
405.53
407.06
408.52
409.87
411.28
412.8
414.29
415.67
417.02
418.35
419.71
421.06
422.49
423.96
425.32
426.57
427.84
429.15
430.57
431.97
433.38
434.81
436.36
438.09
439.79
441.71
443.69
445.67
447.78
449.94
452.19
454.43
456.52
458.92
461.43
464.02
466.64
469.16
471.54
474.01
476.53
479.24
481.93
485.09
488.27
