0.31
0.65
1.0
1.35
1.7
2.05
2.4
2.75
3.09
3.43
3.77
4.14
4.5
4.84
5.2
5.57
5.93
6.28
6.63
6.97
7.33
7.68
8.03
8.38
8.72
9.07
9.42
9.79
10.14
10.5
10.85
11.22
11.58
11.94
12.3
12.67
13.02
13.38
13.74
14.09
14.44
14.78
15.14
15.49
15.85
16.2
16.53
16.88
17.23
17.61
17.97
18.31
18.69
19.05
19.4
19.77
20.13
20.47
20.85
21.21
21.56
21.9
22.26
22.6
22.95
23.3
23.64
24.01
24.38
24.75
25.1
25.47
25.84
26.21
26.57
26.92
27.29
27.64
28.0
28.36
28.72
29.07
29.43
29.79
30.15
30.52
30.89
31.25
31.61
31.97
32.32
32.67
33.03
33.39
33.77
34.17
34.55
34.91
35.26
35.62
35.98
36.34
36.69
37.05
37.41
37.76
38.11
38.47
38.83
39.18
39.53
39.89
40.27
40.62
40.99
41.33
41.69
42.06
42.43
42.79
43.15
43.5
43.86
44.2
44.55
44.91
45.26
45.63
46.0
46.37
46.75
47.12
47.5
47.87
48.23
48.59
48.95
49.31
49.67
50.04
50.41
50.8
51.18
51.56
51.94
52.4
52.87
53.31
53.79
54.25
54.69
55.16
55.63
56.06
56.47
56.9
57.33
57.76
58.19
58.64
59.07
59.53
59.97
60.42
60.88
61.36
61.82
62.25
62.69
63.12
63.54
63.97
64.45
64.91
65.36
65.83
66.26
66.71
67.14
67.59
68.0
68.45
68.87
69.3
69.72
70.15
70.61
71.05
71.47
71.91
72.38
72.81
73.26
73.72
74.15
74.61
75.04
75.47
75.88
76.29
76.72
77.12
77.52
77.95
78.35
78.72
79.13
79.51
79.89
80.28
80.67
81.05
81.45
81.81
82.21
82.59
82.96
83.36
83.74
84.12
84.52
84.91
85.3
85.7
86.09
86.46
86.85
87.22
87.59
87.95
88.33
88.71
89.07
89.43
89.8
90.17
90.54
90.9
91.26
91.65
92.01
92.37
92.73
93.1
93.46
93.81
94.15
94.52
94.87
95.22
95.57
95.94
96.3
96.64
97.01
97.38
97.74
98.12
98.49
98.86
99.22
99.6
99.96
100.33
100.71
101.09
101.46
101.83
102.22
102.59
102.99
103.37
103.74
104.12
104.49
104.88
105.26
105.64
106.03
106.4
106.75
107.11
107.48
107.84
108.21
108.57
108.95
109.3
109.68
110.04
110.42
110.79
111.15
111.5
111.86
112.25
112.6
113.01
113.4
113.77
114.18
114.55
114.96
115.32
115.68
116.04
116.39
116.75
117.12
117.48
117.85
118.26
118.69
119.08
119.5
119.9
120.32
120.73
121.14
121.55
121.92
122.29
122.67
123.07
123.43
123.81
124.21
124.58
124.95
125.38
125.77
126.19
126.59
127.0
127.42
127.83
128.25
128.68
129.07
129.47
129.89
130.28
130.67
131.06
131.43
131.83
132.22
132.61
133.03
133.44
133.84
134.26
134.68
135.09
135.5
135.89
136.31
136.74
137.14
137.56
137.99
138.42
138.84
139.24
139.66
140.06
140.47
140.88
141.31
141.71
142.07
142.42
142.77
143.13
143.48
143.83
144.18
144.53
144.89
145.27
145.63
146.02
146.37
146.75
147.13
147.49
147.87
148.22
148.59
148.96
149.33
149.71
150.07
150.45
150.82
151.18
151.57
151.94
152.31
152.67
153.03
153.4
153.79
154.14
154.52
154.88
155.26
155.65
156.06
156.45
156.82
157.19
157.54
157.9
158.27
158.65
159.02
159.41
159.79
160.14
160.53
160.89
161.26
161.6
161.93
162.28
162.6
162.94
163.31
163.68
164.06
164.46
164.86
165.25
165.62
166.02
166.4
166.79
167.18
167.57
167.98
168.36
168.73
169.11
169.48
169.86
170.24
170.64
171.03
171.41
171.79
172.19
172.57
172.96
173.35
173.76
174.14
174.52
174.93
175.32
175.69
176.07
176.44
176.83
177.24
177.63
178.0
178.4
178.81
179.21
179.62
180.01
180.39
180.76
181.14
181.52
181.89
182.27
182.67
183.05
183.41
183.79
184.18
184.57
184.94
185.31
185.66
186.04
186.41
186.79
187.19
187.57
187.93
188.31
188.69
189.09
189.47
189.84
190.21
190.61
190.98
191.34
191.71
192.09
192.44
192.81
193.18
193.56
193.93
194.29
194.66
195.05
195.41
195.77
196.14
196.47
196.82
197.18
197.52
197.89
198.24
198.57
198.94
199.32
199.72
200.08
200.46
200.85
201.21
201.58
201.96
202.33
202.68
203.05
203.42
203.79
204.18
204.54
204.9
205.26
205.6
205.96
206.33
206.69
207.06
207.42
207.78
208.14
208.48
208.86
209.24
209.59
209.97
210.36
210.73
211.11
211.52
211.89
212.29
212.67
213.1
213.49
213.92
214.31
214.73
215.15
215.53
215.95
216.33
216.68
217.06
217.42
217.79
218.16
218.53
218.9
219.28
219.64
220.01
220.38
220.77
221.13
221.5
221.86
222.2
222.56
222.91
223.26
223.62
223.97
224.33
224.69
225.05
225.41
225.77
226.12
226.47
226.83
227.19
227.56
227.93
228.28
228.61
228.96
229.32
229.66
230.03
230.37
230.74
231.1
231.46
231.82
232.17
232.53
232.88
233.26
233.6
233.98
234.32
234.66
235.01
235.36
235.71
236.06
236.41
236.77
237.13
237.48
237.83
238.18
238.52
238.88
239.22
239.54
239.89
240.26
240.59
240.95
241.3
241.65
242.0
242.35
242.7
243.04
243.4
243.76
244.13
244.48
244.84
245.21
245.58
245.94
246.29
246.64
246.99
247.34
247.69
248.05
248.39
248.73
249.08
249.44
249.8
250.15
250.5
250.86
251.22
251.59
251.97
252.35
252.7
253.06
253.41
253.75
254.11
254.46
254.8
255.17
255.52
255.87
256.2
256.57
256.96
257.36
257.74
258.12
258.52
258.95
259.39
259.85
260.29
260.73
261.15
261.59
262.05
262.49
262.91
263.33
263.76
264.18
264.6
265.02
265.43
265.79
266.13
266.49
266.84
267.2
267.55
267.91
268.27
268.62
268.97
269.31
269.65
270.02
270.36
270.71
271.06
271.41
271.77
272.12
272.48
272.85
273.22
273.57
273.92
274.29
274.66
275.02
275.36
275.73
276.07
276.42
276.77
277.12
277.48
277.83
278.19
278.56
278.92
279.29
279.65
280.01
280.39
280.77
281.11
281.48
281.83
282.21
282.56
282.93
283.3
283.68
284.08
284.46
284.83
285.19
285.57
285.92
286.27
286.63
286.98
287.34
287.7
288.06
288.42
288.77
289.13
289.49
289.84
290.21
290.56
290.94
291.28
291.63
291.99
292.34
292.71
293.07
293.42
293.77
294.11
294.44
294.79
295.14
295.49
295.87
296.24
296.6
296.97
297.34
297.7
298.06
298.42
298.78
299.15
299.52
299.88
300.25
300.64
301.04
301.43
301.86
302.33
302.82
303.29
303.79
304.25
304.72
305.19
305.67
306.11
306.53
306.97
307.41
307.86
308.34
308.8
309.26
309.71
310.17
310.63
311.1
311.59
312.06
312.53
312.96
313.38
313.81
314.24
314.66
315.14
315.58
316.04
316.5
316.98
317.42
317.83
318.26
318.71
319.14
319.55
319.97
320.39
320.81
321.2
321.61
322.0
322.41
322.82
323.21
323.6
324.02
324.47
324.88
325.31
325.76
326.17
326.59
326.99
327.39
327.79
328.18
328.59
329.0
329.42
329.84
330.23
330.64
331.07
331.45
331.81
332.21
332.58
332.97
333.33
333.71
334.09
334.48
334.85
335.25
335.62
335.99
336.36
336.73
337.1
337.46
337.82
338.19
338.55
338.91
339.28
339.65
340.0
340.37
340.72
341.08
341.46
341.81
342.18
342.53
342.89
343.25
343.6
343.94
344.31
344.64
344.99
345.33
345.69
346.04
346.38
346.72
347.08
347.44
347.8
348.15
348.51
348.87
349.23
349.58
349.94
350.3
350.68
351.05
351.42
351.78
352.15
352.51
352.86
353.23
353.61
353.97
354.36
354.76
355.16
355.57
355.95
356.31
356.67
357.03
357.39
357.75
358.11
358.49
358.86
359.23
359.59
359.96
360.34
360.71
361.09
361.46
361.83
362.2
362.55
362.92
363.29
363.69
364.11
364.5
364.89
365.34
365.81
366.27
366.74
367.18
367.64
368.08
368.54
368.93
369.36
369.75
370.17
370.57
371.0
371.41
371.77
372.15
372.53
372.93
373.29
373.67
374.07
374.44
374.82
375.24
375.64
376.07
376.48
376.88
377.27
377.68
378.09
378.49
378.88
379.29
379.72
380.12
380.54
380.94
381.35
381.76
382.16
382.57
383.0
383.41
383.81
384.21
384.66
385.13
385.58
385.97
386.39
386.79
387.19
387.56
387.89
388.24
388.6
388.95
389.3
389.65
390.0
390.34
390.69
391.04
391.4
391.76
392.11
392.44
392.79
393.15
393.51
393.88
394.24
394.61
394.97
395.3
395.67
396.01
396.37
396.72
397.07
397.45
397.8
398.17
398.53
398.9
399.26
399.65
400.01
400.37
400.74
401.09
401.46
401.82
402.16
402.52
402.89
403.27
403.62
404.0
404.37
404.75
405.12
405.54
405.94
406.33
406.69
407.06
407.43
407.79
408.17
408.53
408.9
409.27
409.65
410.03
410.4
410.76
411.12
411.5
411.87
412.24
412.62
413.0
413.37
413.73
414.1
414.48
414.86
415.25
415.64
416.02
416.37
416.69
417.03
417.37
417.7
418.02
418.36
418.69
419.04
419.39
419.71
420.07
420.4
420.74
421.07
421.42
421.77
422.14
422.5
422.86
423.23
423.6
423.97
424.34
424.73
425.09
425.48
425.87
426.24
426.61
427.01
427.38
427.73
428.09
428.47
428.83
429.16
429.51
429.86
430.22
430.58
430.92
431.27
431.62
431.98
432.31
432.66
433.03
433.39
433.74
434.09
434.45
434.81
435.18
435.57
435.93
436.36
436.79
437.19
437.63
438.03
438.47
438.89
439.31
439.75
440.23
440.71
441.22
441.72
442.2
442.69
443.22
443.7
444.2
444.67
445.15
445.67
446.17
446.67
447.22
447.76
448.3
448.82
449.36
449.95
450.51
451.04
451.6
452.2
452.82
453.42
453.91
454.44
454.94
455.45
456.0
456.52
457.01
457.54
458.05
458.59
459.15
459.75
460.32
460.89
461.44
462.04
462.68
463.37
464.02
464.7
465.32
465.99
466.72
467.53
468.29
469.17
470.08
470.97
471.88
472.75
473.63
474.41
475.26
476.07
476.95
477.75
478.57
479.24
479.91
480.56
481.24
481.93
482.62
483.27
483.95
484.69
485.47
486.29
487.2
488.28
489.3
