1.58
3.99
6.28
8.6
10.92
13.23
15.48
17.94
20.24
22.48
24.62
26.93
29.52
32.15
34.3
36.53
38.8
41.22
43.51
45.88
48.16
50.58
53.09
55.35
57.64
60.04
62.2
64.57
66.74
69.01
71.37
73.72
76.04
78.37
80.59
82.9
85.27
87.6
90.01
92.44
94.75
97.27
99.59
102.03
104.41
106.77
109.1
111.29
113.49
115.91
118.2
120.55
122.86
125.36
127.62
129.95
131.96
133.88
136.09
138.47
140.81
143.11
145.37
147.55
149.88
152.12
154.37
156.67
158.83
161.0
163.09
165.37
167.8
170.1
172.41
174.72
177.01
179.32
181.63
184.1
186.42
188.61
190.68
192.89
195.12
197.38
199.52
201.77
204.03
206.21
208.39
210.57
212.85
215.19
217.5
219.78
222.1
224.38
226.62
228.95
231.24
233.49
235.85
238.21
240.55
242.93
245.19
247.45
249.67
251.99
254.5
257.09
259.46
261.78
264.19
266.41
268.64
270.95
273.29
275.57
277.74
279.82
281.9
284.0
286.11
288.17
290.11
292.13
294.15
296.3
298.34
300.34
302.48
304.57
306.59
308.71
310.75
312.85
314.92
316.99
319.09
321.06
323.09
325.17
327.39
329.54
331.68
333.93
336.13
338.26
340.38
342.48
344.53
346.75
348.94
351.09
353.3
355.67
358.03
360.17
362.47
364.56
366.93
369.08
371.54
373.79
375.98
378.26
380.43
382.64
384.88
386.97
389.35
391.81
394.07
396.33
398.51
400.7
402.93
405.16
407.41
409.67
411.98
414.35
416.78
419.06
421.21
423.33
425.5
427.76
429.9
432.03
434.16
436.27
438.25
440.29
442.34
444.34
446.4
448.41
450.84
453.47
456.03
458.98
462.17
465.08
467.92
471.28
474.46
477.71
481.61
485.76
489.65
493.44
496.79
500.27
503.39
506.56
509.56
512.34
515.33
518.41
522.04
525.88
529.75
533.53
537.4
541.28
545.09
548.98
552.44
555.81
559.18
562.26
565.25
568.21
571.58
575.27
