0.51
1.07
1.65
2.23
2.84
3.42
3.99
4.56
5.14
5.72
6.29
6.89
7.47
8.02
8.59
9.19
9.78
10.36
10.91
11.51
12.1
12.67
13.23
13.77
14.33
14.92
15.49
16.12
16.71
17.35
17.96
18.52
19.09
19.67
20.24
20.78
21.35
21.92
22.49
23.09
23.63
24.22
24.78
25.38
26.04
26.67
27.27
27.92
28.56
29.25
29.93
30.58
31.24
31.9
32.58
33.23
33.89
34.58
35.27
35.93
36.54
37.12
37.68
38.24
38.81
39.37
39.97
40.58
41.22
41.79
42.38
42.94
43.51
44.07
44.64
45.24
45.87
46.46
47.05
47.6
48.16
48.72
49.3
49.86
50.39
50.91
51.48
51.99
52.54
53.1
53.65
54.25
54.82
55.36
55.91
56.51
57.07
57.65
58.26
58.88
59.5
60.05
60.6
61.13
61.67
62.21
62.78
63.39
63.97
64.57
65.13
65.68
66.21
66.75
67.28
67.84
68.4
69.01
69.58
70.14
70.74
71.37
71.96
72.57
73.15
73.73
74.32
74.9
75.47
76.05
76.63
77.23
77.8
78.37
78.91
79.48
80.05
80.59
81.17
81.74
82.31
82.9
83.51
84.1
84.68
85.27
85.88
86.45
87.02
87.61
88.23
88.82
89.4
90.02
90.64
91.26
91.85
92.44
93.03
93.61
94.17
94.75
95.38
96.04
96.65
97.27
97.86
98.42
99.0
99.6
100.23
100.84
101.44
102.03
102.67
103.26
103.83
104.42
105.01
105.61
106.19
106.77
107.4
107.98
108.54
109.1
109.63
110.19
110.74
111.29
111.83
112.39
112.92
113.5
114.09
114.73
115.35
115.92
116.49
117.04
117.62
118.2
118.77
119.39
119.97
120.56
121.12
121.7
122.29
122.86
123.48
124.13
124.73
125.36
125.93
126.51
127.05
127.63
128.19
128.77
129.38
129.97
130.6
131.25
131.88
132.5
133.11
133.72
134.35
134.95
135.52
136.1
136.7
137.29
137.87
138.46
139.08
139.67
140.25
140.81
141.41
141.99
142.55
143.1
143.68
144.27
144.83
145.37
145.91
146.46
147.01
147.58
148.17
148.72
149.31
149.88
150.44
151.0
151.57
152.12
152.67
153.22
153.8
154.37
154.97
155.56
156.12
156.69
157.3
157.93
158.57
159.22
159.82
160.47
161.11
161.69
162.32
162.94
163.53
164.15
164.74
165.38
165.96
166.59
167.18
167.8
168.4
168.98
169.55
170.11
170.67
171.22
171.8
172.41
173.0
173.59
174.17
174.73
175.31
175.86
176.43
177.02
177.63
178.21
178.79
179.33
179.87
180.42
181.05
181.64
182.22
182.85
183.51
184.11
184.69
185.25
185.86
186.42
186.97
187.54
188.17
188.75
189.34
189.94
190.54
191.14
191.77
192.35
192.9
193.44
193.98
194.53
195.12
195.74
196.32
196.85
197.39
197.92
198.45
198.97
199.52
200.11
200.69
201.24
201.77
202.32
202.88
203.48
204.03
204.58
205.11
205.67
206.21
206.75
207.28
207.83
208.39
208.94
209.49
210.04
210.57
211.12
211.68
212.29
212.85
213.42
214.0
214.61
215.19
215.75
216.32
216.92
217.5
218.07
218.63
219.21
219.78
220.36
220.94
221.54
222.11
222.67
223.23
223.82
224.39
224.94
225.49
226.05
226.63
227.18
227.76
228.38
228.96
229.52
230.08
230.68
231.24
231.79
232.34
232.93
233.49
234.04
234.63
235.26
235.85
236.41
237.0
237.63
238.22
238.79
239.38
239.97
240.56
241.12
241.71
242.34
242.94
243.5
244.05
244.65
245.2
245.74
246.3
246.88
247.46
248.01
248.55
249.11
249.67
250.24
250.81
251.38
252.0
252.59
253.22
253.85
254.5
255.2
255.85
256.49
257.09
257.75
258.35
258.9
259.47
260.05
260.63
261.18
261.78
262.38
262.99
263.6
264.19
264.78
265.37
265.89
266.41
266.94
267.51
268.07
268.64
269.23
269.83
270.4
270.97
271.57
272.16
272.73
273.29
273.86
274.42
275.02
275.58
276.13
276.71
277.24
277.75
278.27
278.79
279.31
279.83
280.33
280.85
281.36
281.92
282.44
282.97
283.5
284.01
284.5
285.02
285.55
286.11
286.63
287.14
287.65
288.18
288.67
289.18
289.67
290.13
290.61
291.11
291.6
292.13
292.62
293.13
293.64
294.16
294.65
295.18
295.75
296.29
296.83
297.33
297.82
298.35
298.85
299.35
299.87
300.39
300.93
301.48
302.01
302.5
303.04
303.55
304.05
304.57
305.06
305.58
306.08
306.6
307.1
307.63
308.16
308.72
309.25
309.75
310.24
310.77
311.3
311.81
312.31
312.85
313.35
313.87
314.41
314.91
315.46
315.98
316.47
317.0
317.51
318.05
318.55
319.09
319.59
320.08
320.57
321.06
321.57
322.08
322.59
323.09
323.61
324.11
324.63
325.17
325.69
326.18
326.66
327.15
327.67
328.14
328.65
329.14
329.6
330.1
330.63
331.14
331.67
332.26
332.79
333.35
333.94
334.49
335.02
335.57
336.14
336.69
337.24
337.75
338.26
338.78
339.34
339.85
340.38
340.9
341.46
341.99
342.51
343.01
343.51
344.02
344.53
345.06
345.61
346.19
346.75
347.3
347.85
348.41
348.94
349.47
350.01
350.58
351.1
351.64
352.19
352.74
353.3
353.9
354.48
355.1
355.68
356.3
356.92
357.48
358.04
358.57
359.11
359.63
360.17
360.77
361.36
361.91
362.48
363.0
363.53
364.06
364.57
365.12
365.72
366.28
366.89
367.46
367.99
368.54
369.08
369.64
370.17
370.67
371.14
371.64
372.17
372.7
373.23
373.8
374.32
374.85
375.39
375.98
376.54
377.11
377.68
378.27
378.84
379.38
379.91
380.44
380.98
381.5
382.04
382.65
383.23
383.82
384.36
384.89
385.4
385.93
386.44
386.98
387.55
388.13
388.68
389.21
389.73
390.25
390.76
391.27
391.81
392.38
392.94
393.51
394.07
394.63
395.18
395.75
396.34
396.89
397.44
397.97
398.51
399.05
399.58
400.13
400.7
401.28
401.83
402.38
402.93
403.48
404.03
404.58
405.16
405.72
406.27
406.82
407.41
407.97
408.55
409.09
409.69
410.25
410.81
411.39
411.99
412.56
413.12
413.72
414.36
414.96
415.56
416.16
416.78
417.39
417.97
418.54
419.07
419.61
420.14
420.69
421.21
421.75
422.29
422.81
423.34
423.87
424.41
424.98
425.5
426.06
426.64
427.21
427.76
428.3
428.82
429.37
429.91
430.45
430.97
431.49
432.04
432.57
433.09
433.61
434.16
434.68
435.22
435.72
436.27
436.77
437.29
437.79
438.29
438.76
439.27
439.79
440.29
440.82
441.32
441.84
442.35
442.86
443.35
443.88
444.36
444.87
445.39
445.9
446.41
446.94
447.45
447.95
448.42
448.95
449.44
449.91
450.4
450.86
451.36
451.83
452.3
452.78
453.26
453.74
454.22
454.71
455.21
455.71
456.19
456.65
457.15
457.61
458.11
458.55
458.98
459.41
459.86
460.25
460.66
461.05
461.44
461.8
462.18
462.56
462.92
463.28
463.64
464.0
464.37
464.73
465.08
465.44
465.8
466.15
466.51
466.87
467.22
467.57
467.94
468.33
468.69
469.07
469.44
469.81
470.17
470.53
470.9
471.28
471.68
472.07
472.46
472.88
473.27
473.68
474.07
474.46
474.88
475.27
475.66
476.08
476.48
476.87
477.26
477.7
478.1
478.55
478.96
479.4
479.85
480.28
480.74
481.16
481.62
482.04
482.47
482.9
483.34
483.74
484.18
484.59
484.98
485.37
485.77
486.17
486.59
486.99
487.39
487.77
488.15
488.54
488.93
489.36
489.77
490.16
490.59
491.0
491.41
491.8
492.21
492.62
493.04
493.46
493.9
494.32
494.73
495.13
495.53
495.94
496.35
496.79
497.25
497.69
498.13
498.56
498.97
499.4
499.83
500.28
500.67
501.06
501.46
501.83
502.22
502.61
503.0
503.4
503.78
504.2
504.61
505.01
505.44
505.85
506.28
506.75
507.19
507.64
508.09
508.57
509.03
509.53
509.99
510.47
510.95
511.45
511.93
512.37
512.85
513.29
513.75
514.23
514.69
515.14
515.59
516.07
516.51
516.97
517.43
517.91
518.37
518.81
519.28
519.73
520.17
520.61
521.06
521.51
522.0
522.47
522.94
523.4
523.87
524.37
524.84
525.35
525.87
526.35
526.82
527.31
527.77
528.25
528.73
529.21
529.71
530.19
530.67
531.14
531.61
532.1
532.57
533.05
533.53
534.05
534.53
534.99
535.45
535.92
536.39
536.91
537.41
537.95
538.43
538.9
539.36
539.82
540.29
540.78
541.26
541.72
542.21
542.69
543.17
543.64
544.14
544.62
545.1
545.56
545.99
546.42
546.85
547.27
547.69
548.12
548.57
548.98
549.41
549.86
550.31
550.74
551.17
551.59
552.02
552.45
552.88
553.29
553.71
554.12
554.54
554.98
555.39
555.81
556.22
556.66
557.07
557.49
557.92
558.37
558.8
559.18
559.58
560.0
560.38
560.76
561.16
561.53
561.9
562.27
562.66
563.03
563.4
563.76
564.12
564.49
564.86
565.23
565.57
565.93
566.3
566.68
567.06
567.45
567.83
568.22
568.62
569.03
569.45
569.88
570.31
570.74
571.17
571.59
572.02
572.45
572.91
573.4
573.85
574.33
574.81
575.27
575.66
576.05
576.43
576.82
577.21
577.6
578.01
578.39
578.78
579.17
