2.53
4.89
7.23
9.61
11.91
14.14
16.59
19.03
21.39
23.78
26.12
28.51
30.84
33.17
35.68
38.22
40.73
43.23
45.7
48.21
50.68
53.14
55.57
58.12
60.66
63.12
65.62
68.04
70.39
72.83
75.36
77.61
79.92
82.27
84.46
86.75
89.15
91.57
93.99
96.46
98.82
101.3
103.66
106.06
108.45
110.84
113.21
115.58
117.95
120.43
122.8
125.34
127.84
130.42
132.97
135.68
138.75
141.05
143.42
145.78
148.31
150.71
153.12
155.57
157.88
160.27
162.76
165.17
167.55
170.04
172.84
175.7
178.2
180.64
183.11
185.62
188.17
190.64
193.1
195.55
198.02
200.42
202.85
205.24
207.57
209.93
212.15
214.46
216.8
219.1
221.42
223.7
226.02
228.34
230.74
233.13
235.5
237.89
240.29
242.69
245.1
247.49
249.91
252.38
254.83
257.27
259.72
262.21
264.77
267.21
269.66
272.06
274.68
277.11
279.83
282.28
284.77
287.14
289.73
292.35
294.69
296.94
299.17
301.61
304.03
306.32
308.65
311.14
313.62
316.06
318.56
321.06
323.46
326.14
328.52
330.94
333.37
335.8
338.2
340.59
342.95
345.36
347.91
350.39
352.89
355.44
358.03
360.62
363.16
365.61
367.99
370.36
372.78
375.25
377.65
380.28
382.88
385.21
387.63
390.01
392.57
395.04
397.48
399.87
402.27
404.72
407.19
409.6
412.02
414.31
416.11
418.06
420.28
422.65
424.99
427.41
429.78
431.92
434.17
436.55
438.97
441.47
443.89
446.38
448.63
450.91
453.21
455.47
457.73
460.09
462.56
465.0
467.53
470.02
472.46
474.9
477.32
479.74
482.18
484.73
487.35
490.11
492.92
495.78
498.58
501.39
504.24
507.28
510.27
513.48
517.42
521.08
524.22
527.39
530.7
534.11
537.83
541.92
545.45
548.69
551.78
554.95
558.06
561.07
564.08
567.15
570.32
573.35
576.35
579.45
582.42
585.46
588.44
591.33
594.92
598.25
601.81
