0.51
1.14
1.8
2.45
3.07
3.7
4.28
4.9
5.48
6.08
6.65
7.23
7.83
8.44
9.08
9.74
10.39
11.02
11.65
12.31
12.95
13.56
14.14
14.75
15.39
15.98
16.6
17.19
17.83
18.44
19.04
19.62
20.23
20.83
21.4
21.99
22.58
23.2
23.79
24.37
24.94
25.54
26.13
26.74
27.33
27.89
28.51
29.1
29.68
30.26
30.85
31.4
32.0
32.58
33.17
33.77
34.43
35.04
35.69
36.33
36.96
37.58
38.23
38.84
39.49
40.12
40.74
41.35
41.99
42.59
43.23
43.85
44.45
45.09
45.7
46.34
46.99
47.58
48.21
48.85
49.47
50.07
50.69
51.3
51.94
52.55
53.14
53.73
54.35
54.94
55.58
56.22
56.87
57.5
58.13
58.75
59.41
60.04
60.67
61.28
61.88
62.5
63.15
63.74
64.36
65.01
65.63
66.24
66.84
67.42
68.05
68.65
69.25
69.82
70.4
70.99
71.59
72.21
72.83
73.43
74.0
74.55
75.1
75.63
76.18
76.75
77.32
77.89
78.49
79.08
79.66
80.23
80.8
81.39
81.98
82.58
83.18
83.78
84.37
84.99
85.57
86.16
86.76
87.34
87.94
88.53
89.16
89.77
90.36
90.97
91.58
92.16
92.76
93.35
94.0
94.62
95.25
95.87
96.47
97.07
97.64
98.25
98.83
99.46
100.09
100.71
101.3
101.89
102.47
103.08
103.67
104.26
104.87
105.46
106.07
106.66
107.25
107.85
108.46
109.05
109.67
110.26
110.85
111.44
112.02
112.62
113.22
113.81
114.4
115.01
115.58
116.2
116.78
117.38
117.96
118.58
119.21
119.82
120.44
121.05
121.66
122.22
122.81
123.45
124.1
124.73
125.35
125.95
126.6
127.19
127.83
128.46
129.13
129.78
130.42
131.04
131.73
132.34
132.98
133.62
134.29
134.9
135.55
136.18
136.83
137.46
138.1
138.76
139.31
139.9
140.5
141.05
141.64
142.25
142.82
143.43
143.99
144.58
145.19
145.78
146.4
147.06
147.66
148.32
148.91
149.5
150.1
150.72
151.31
151.93
152.51
153.13
153.73
154.33
154.96
155.58
156.18
156.75
157.33
157.89
158.51
159.09
159.67
160.28
160.87
161.49
162.11
162.76
163.37
163.95
164.58
165.18
165.74
166.34
166.88
167.45
168.05
168.6
169.16
169.75
170.32
170.88
171.47
172.1
172.69
173.28
173.9
174.47
175.08
175.71
176.32
176.96
177.59
178.21
178.81
179.44
180.02
180.65
181.24
181.88
182.51
183.11
183.76
184.38
185.0
185.63
186.25
186.91
187.54
188.17
188.8
189.42
190.02
190.65
191.25
191.86
192.47
193.1
193.69
194.33
194.94
195.55
196.16
196.81
197.43
198.02
198.6
199.2
199.82
200.42
201.01
201.61
202.24
202.88
203.46
204.06
204.64
205.25
205.85
206.43
207.02
207.58
208.15
208.73
209.33
209.94
210.52
211.08
211.63
212.16
212.72
213.31
213.9
214.47
215.05
215.63
216.23
216.81
217.38
217.97
218.54
219.11
219.69
220.26
220.82
221.43
221.99
222.56
223.14
223.71
224.3
224.88
225.46
226.03
226.62
227.2
227.77
228.35
228.95
229.55
230.14
230.76
231.36
231.96
232.56
233.14
233.74
234.31
234.93
235.51
236.1
236.7
237.29
237.9
238.52
239.12
239.71
240.31
240.93
241.52
242.13
242.7
243.31
243.89
244.51
245.11
245.7
246.29
246.9
247.5
248.1
248.71
249.34
249.93
250.54
251.15
251.76
252.39
253.02
253.63
254.24
254.84
255.45
256.06
256.66
257.28
257.91
258.51
259.11
259.73
260.35
260.98
261.61
262.22
262.84
263.52
264.16
264.79
265.45
266.06
266.64
267.22
267.83
268.46
269.06
269.67
270.24
270.84
271.45
272.07
272.67
273.36
274.02
274.68
275.29
275.94
276.51
277.11
277.72
278.25
278.79
279.37
279.89
280.44
281.04
281.65
282.29
282.9
283.53
284.14
284.78
285.4
285.99
286.57
287.17
287.78
288.42
289.05
289.63
290.18
290.72
291.26
291.8
292.36
292.95
293.51
294.04
294.57
295.06
295.58
296.13
296.66
297.24
297.78
298.32
298.88
299.48
300.05
300.61
301.14
301.71
302.27
302.85
303.45
304.01
304.61
305.19
305.77
306.33
306.94
307.5
308.09
308.65
309.26
309.9
310.49
311.13
311.8
312.44
313.04
313.63
314.26
314.88
315.47
316.07
316.68
317.33
317.97
318.57
319.2
319.86
320.47
321.06
321.7
322.31
322.89
323.48
324.11
324.78
325.46
326.14
326.81
327.4
327.95
328.53
329.16
329.73
330.34
330.94
331.58
332.19
332.77
333.38
334.0
334.6
335.22
335.81
336.41
337.01
337.59
338.2
338.81
339.41
340.01
340.59
341.18
341.75
342.34
342.95
343.58
344.18
344.78
345.37
345.98
346.66
347.28
347.92
348.61
349.24
349.83
350.4
351.01
351.62
352.24
352.9
353.54
354.19
354.81
355.44
356.13
356.78
357.39
358.04
358.72
359.35
360.02
360.63
361.28
361.91
362.56
363.16
363.81
364.44
365.05
365.62
366.2
366.82
367.38
368.0
368.59
369.2
369.77
370.4
371.0
371.59
372.19
372.77
373.38
374.01
374.63
375.21
375.83
376.44
377.03
377.66
378.25
378.84
379.55
380.29
381.02
381.69
382.27
382.88
383.45
384.02
384.62
385.22
385.8
386.42
387.01
387.63
388.24
388.87
389.45
390.02
390.63
391.29
391.91
392.6
393.22
393.83
394.44
395.04
395.62
396.24
396.84
397.48
398.11
398.7
399.3
399.88
400.48
401.09
401.7
402.28
402.89
403.52
404.13
404.72
405.35
405.98
406.58
407.2
407.82
408.42
409.0
409.61
410.23
410.84
411.46
412.03
412.61
413.18
413.74
414.31
414.83
415.32
415.84
416.39
416.97
417.51
418.07
418.6
419.15
419.71
420.28
420.87
421.46
422.06
422.65
423.21
423.78
424.4
424.99
425.6
426.2
426.81
427.41
428.05
428.65
429.28
429.94
430.54
431.2
431.82
432.4
433.01
433.6
434.18
434.76
435.34
435.94
436.56
437.15
437.78
438.37
438.99
439.6
440.22
440.85
441.48
442.07
442.71
443.29
443.9
444.49
445.15
445.8
446.38
446.94
447.49
448.07
448.66
449.21
449.8
450.34
450.92
451.48
452.05
452.63
453.21
453.78
454.35
454.89
455.48
456.02
456.6
457.15
457.74
458.31
458.89
459.46
460.1
460.7
461.35
461.93
462.57
463.15
463.79
464.37
465.01
465.59
466.25
466.86
467.54
468.2
468.84
469.43
470.01
470.61
471.26
471.86
472.47
473.12
473.72
474.3
474.92
475.5
476.12
476.7
477.33
477.93
478.5
479.1
479.76
480.46
481.31
482.19
483.01
483.91
484.73
485.57
486.43
487.3
488.07
488.87
489.66
490.47
491.3
492.06
492.9
493.63
494.35
495.05
495.79
496.49
497.19
497.89
498.58
499.28
500.01
500.71
501.39
502.13
502.81
503.51
504.25
505.0
505.77
506.53
507.29
508.05
508.77
509.5
510.28
511.07
511.83
512.63
513.48
514.39
515.2
515.95
516.69
517.43
518.16
518.87
519.58
520.27
521.09
521.95
522.73
523.5
524.29
525.12
525.87
526.62
527.4
528.26
529.08
529.85
530.73
531.57
532.42
533.27
534.13
535.04
535.9
536.8
537.73
538.61
539.53
540.39
541.33
542.23
543.01
543.8
544.66
545.46
546.23
547.04
547.88
548.69
549.45
550.22
551.04
551.79
552.56
553.37
554.14
554.96
555.74
556.52
557.34
558.06
558.82
559.62
560.35
561.08
561.85
562.58
563.34
564.09
564.87
565.67
566.4
567.17
567.96
568.78
569.57
570.33
571.1
571.89
572.63
573.36
574.11
574.83
575.58
576.35
577.13
577.92
578.65
579.46
580.2
580.98
581.73
582.43
583.19
583.96
584.69
585.47
586.22
586.96
587.7
588.34
588.98
589.69
590.46
591.17
591.94
592.65
593.43
594.17
594.93
595.74
596.57
597.42
598.25
599.15
600.04
600.97
601.82
602.61
603.42
604.26
605.06
605.86
