2.43
6.52
10.77
15.0
19.18
22.92
26.6
30.18
33.14
35.28
37.4
39.58
41.73
43.97
46.15
48.35
50.4
52.48
54.64
56.66
58.76
60.9
62.93
64.79
66.56
68.53
70.52
72.58
74.43
76.49
78.6
80.7
82.82
85.06
87.12
89.27
91.34
93.48
95.69
97.78
100.0
102.08
104.24
106.98
109.49
112.01
114.51
116.98
119.46
121.76
124.07
126.4
128.73
130.94
133.12
135.31
137.43
139.55
141.77
143.84
145.83
147.75
149.69
151.75
153.72
155.69
157.73
159.94
162.07
164.19
166.29
168.4
170.64
172.83
174.98
177.02
179.01
181.02
183.06
185.22
187.24
189.35
191.5
193.58
195.61
197.68
199.74
201.86
203.97
206.09
208.19
210.31
212.35
214.48
216.55
218.65
220.88
223.06
225.21
227.37
229.47
231.5
233.52
235.6
237.89
240.61
243.3
245.79
248.34
250.83
253.2
255.3
257.43
259.6
261.98
264.12
266.31
268.6
270.79
273.0
275.21
277.31
279.37
281.39
283.42
285.43
287.41
289.44
291.5
293.56
295.66
297.72
299.75
301.77
303.84
305.89
307.89
309.9
311.86
313.91
315.95
317.96
319.94
321.98
324.02
325.93
327.88
329.79
331.64
333.5
335.53
337.53
339.53
341.61
343.67
345.75
347.76
349.76
351.8
353.83
355.86
357.88
359.83
361.73
363.64
365.64
367.71
369.66
371.73
373.63
375.59
377.57
379.57
381.52
383.44
385.47
387.51
389.55
391.67
393.73
395.78
397.92
399.9
401.96
403.97
405.92
408.04
410.18
412.22
414.24
416.44
418.86
421.03
423.27
425.66
428.99
432.0
434.71
437.63
440.82
443.92
446.99
449.65
452.27
454.94
457.54
460.26
462.95
465.79
468.59
471.47
474.42
477.39
480.41
483.57
486.73
489.76
492.7
495.56
498.44
501.38
504.34
507.51
511.09
514.73
518.48
522.03
525.25
528.42
531.55
534.58
537.64
540.58
543.38
546.61
549.98
553.48
