0.51
1.04
1.6
2.18
2.72
3.31
3.83
4.38
4.91
5.44
6.01
6.52
7.06
7.62
8.12
8.65
9.21
9.71
10.26
10.78
11.3
11.86
12.39
12.91
13.42
13.97
14.5
15.01
15.54
16.1
16.6
17.16
17.65
18.18
18.67
19.18
19.7
20.19
20.69
21.16
21.62
22.1
22.57
23.05
23.5
23.98
24.46
24.91
25.39
25.87
26.35
26.83
27.31
27.79
28.26
28.73
29.23
29.7
30.18
30.66
31.16
31.66
32.12
32.61
33.15
33.7
34.25
34.78
35.29
35.81
36.34
36.9
37.4
37.95
38.48
39.04
39.59
40.11
40.66
41.2
41.73
42.27
42.83
43.42
43.98
44.5
45.05
45.63
46.16
46.71
47.25
47.81
48.36
48.88
49.37
49.89
50.41
50.9
51.42
51.95
52.48
53.01
53.57
54.1
54.64
55.13
55.65
56.16
56.66
57.18
57.7
58.22
58.76
59.34
59.89
60.4
60.91
61.41
61.92
62.41
62.94
63.5
64.03
64.55
65.04
65.55
66.05
66.54
67.01
67.52
68.02
68.53
69.03
69.54
70.03
70.53
71.04
71.57
72.08
72.59
73.11
73.7
74.32
74.9
75.42
75.95
76.5
77.02
77.54
78.07
78.61
79.14
79.66
80.18
80.71
81.23
81.75
82.25
82.83
83.41
83.99
84.52
85.06
85.59
86.1
86.61
87.12
87.64
88.19
88.74
89.26
89.78
90.3
90.82
91.34
91.89
92.42
92.93
93.49
94.08
94.63
95.15
95.69
96.2
96.71
97.23
97.76
98.35
98.93
99.48
100.0
100.51
101.04
101.56
102.08
102.6
103.13
103.66
104.25
104.92
105.55
106.21
106.91
107.57
108.18
108.83
109.49
110.1
110.72
111.35
112.01
112.64
113.24
113.88
114.51
115.12
115.72
116.34
116.98
117.6
118.21
118.82
119.47
120.07
120.67
121.25
121.79
122.39
122.95
123.5
124.08
124.68
125.26
125.81
126.41
127.01
127.58
128.2
128.74
129.3
129.83
130.39
130.94
131.48
132.03
132.6
133.13
133.71
134.26
134.77
135.31
135.84
136.38
136.92
137.44
137.97
138.5
139.02
139.56
140.11
140.67
141.25
141.78
142.3
142.82
143.35
143.85
144.37
144.89
145.44
145.96
146.48
146.99
147.52
148.01
148.52
149.02
149.52
149.99
150.49
151.01
151.5
152.02
152.5
152.99
153.49
153.99
154.46
154.97
155.45
155.94
156.43
156.91
157.37
157.85
158.34
158.88
159.41
159.96
160.51
161.03
161.54
162.07
162.63
163.15
163.68
164.2
164.73
165.25
165.76
166.29
166.82
167.31
167.84
168.4
169.0
169.55
170.09
170.65
171.23
171.76
172.29
172.84
173.42
173.94
174.47
174.99
175.51
176.01
176.52
177.03
177.55
178.02
178.52
179.02
179.53
180.04
180.53
181.03
181.54
182.06
182.56
183.06
183.58
184.12
184.68
185.22
185.74
186.24
186.75
187.24
187.74
188.25
188.82
189.35
189.87
190.41
190.98
191.5
192.04
192.56
193.07
193.58
194.09
194.61
195.12
195.62
196.13
196.64
197.16
197.69
198.2
198.71
199.22
199.74
200.28
200.82
201.36
201.87
202.41
202.93
203.46
203.97
204.52
205.05
205.57
206.09
206.62
207.15
207.69
208.2
208.75
209.28
209.81
210.32
210.85
211.36
211.86
212.36
212.89
213.39
213.92
214.49
215.02
215.54
216.05
216.56
217.11
217.63
218.15
218.66
219.21
219.74
220.26
220.83
221.43
222.0
222.52
223.07
223.62
224.16
224.69
225.22
225.77
226.29
226.81
227.38
227.94
228.46
228.97
229.48
229.99
230.5
231.01
231.51
232.02
232.52
233.03
233.52
234.03
234.55
235.05
235.61
236.16
236.73
237.32
237.89
238.43
238.97
239.5
240.04
240.62
241.18
241.75
242.3
242.84
243.4
243.96
244.56
245.14
245.73
246.29
246.88
247.46
248.0
248.56
249.08
249.63
250.22
250.83
251.42
252.05
252.62
253.21
253.79
254.41
254.97
255.57
256.18
256.77
257.4
257.96
258.55
259.1
259.64
260.2
260.78
261.4
261.99
262.57
263.17
263.8
264.4
264.95
265.48
266.03
266.6
267.13
267.65
268.14
268.65
269.17
269.72
270.24
270.79
271.32
271.86
272.4
273.0
273.56
274.11
274.65
275.22
275.74
276.31
276.84
277.32
277.84
278.35
278.88
279.38
279.87
280.39
280.87
281.39
281.88
282.38
282.89
283.43
283.92
284.42
284.92
285.43
285.89
286.4
286.89
287.41
287.91
288.41
288.91
289.44
289.96
290.49
291.0
291.51
292.02
292.56
293.04
293.56
294.07
294.59
295.11
295.67
296.18
296.72
297.23
297.73
298.22
298.73
299.25
299.75
300.26
300.76
301.26
301.78
302.28
302.79
303.31
303.85
304.36
304.88
305.4
305.9
306.42
306.91
307.4
307.9
308.4
308.89
309.41
309.9
310.39
310.88
311.37
311.86
312.35
312.85
313.37
313.91
314.43
314.96
315.44
315.96
316.45
316.97
317.47
317.97
318.44
318.95
319.44
319.95
320.44
320.95
321.46
321.99
322.51
322.99
323.51
324.03
324.52
325.0
325.48
325.94
326.43
326.93
327.41
327.89
328.39
328.85
329.34
329.84
330.37
330.91
331.4
331.92
332.46
332.97
333.5
334.03
334.55
335.04
335.53
336.02
336.55
337.02
337.54
338.05
338.54
339.03
339.54
340.03
340.55
341.08
341.62
342.11
342.66
343.18
343.67
344.19
344.72
345.26
345.76
346.24
346.76
347.24
347.77
348.26
348.75
349.29
349.77
350.29
350.79
351.3
351.81
352.32
352.86
353.37
353.84
354.37
354.84
355.34
355.87
356.37
356.87
357.37
357.88
358.36
358.88
359.37
359.84
360.29
360.76
361.25
361.74
362.2
362.69
363.17
363.65
364.15
364.64
365.14
365.65
366.21
366.74
367.24
367.72
368.2
368.7
369.17
369.67
370.22
370.74
371.24
371.73
372.24
372.71
373.16
373.63
374.11
374.61
375.12
375.6
376.08
376.58
377.05
377.57
378.06
378.56
379.06
379.58
380.08
380.57
381.06
381.54
382.02
382.48
382.97
383.45
383.95
384.47
384.95
385.48
385.98
386.51
387.02
387.52
388.04
388.52
389.03
389.55
390.09
390.62
391.15
391.67
392.2
392.72
393.23
393.74
394.27
394.76
395.27
395.79
396.35
396.88
397.4
397.93
398.42
398.91
399.42
399.91
400.45
400.94
401.44
401.96
402.48
402.97
403.45
403.97
404.46
404.97
405.51
406.0
406.53
407.02
407.52
408.05
408.6
409.13
409.66
410.19
410.7
411.2
411.7
412.22
412.72
413.22
413.74
414.25
414.74
415.25
415.79
416.28
416.79
417.3
417.8
418.33
418.86
419.4
419.92
420.47
421.04
421.58
422.17
422.72
423.28
423.83
424.41
425.0
425.67
426.32
427.03
427.7
428.36
429.0
429.6
430.22
430.81
431.41
432.02
432.72
433.35
434.0
434.67
435.39
436.14
436.91
437.63
438.44
439.24
440.03
440.83
441.62
442.39
443.17
443.93
444.67
445.44
446.22
447.0
447.66
448.33
449.0
449.66
450.31
450.96
451.62
452.27
452.94
453.62
454.3
454.95
455.61
456.28
456.92
457.55
458.24
458.93
459.6
460.27
460.94
461.63
462.27
462.97
463.62
464.29
464.91
465.6
466.33
467.01
467.72
468.43
469.14
469.85
470.65
471.48
472.22
472.91
473.63
474.41
475.16
475.87
476.62
477.4
478.15
478.88
479.63
480.42
481.21
481.99
482.8
483.57
484.39
485.17
485.93
486.74
487.49
488.24
489.03
489.77
490.52
491.23
491.95
492.71
493.51
494.38
495.2
495.97
496.81
497.68
498.55
499.46
500.3
501.21
502.11
502.95
503.84
504.77
505.71
506.64
507.51
508.43
509.27
510.21
511.09
511.99
512.88
513.8
514.74
515.63
516.58
517.51
518.49
519.38
520.33
521.26
522.04
522.87
523.69
524.46
525.27
526.02
526.85
527.6
528.42
529.21
530.04
530.8
531.56
532.3
533.08
533.81
534.59
535.34
536.14
536.88
537.65
538.38
539.18
539.87
540.58
541.29
542.0
542.7
543.39
544.09
544.72
545.39
546.1
546.79
547.51
548.3
549.12
549.98
550.85
551.74
552.64
553.49
554.23
555.04
555.96
556.87
