0.65
1.3
1.99
2.64
3.32
3.96
4.6
5.25
5.88
6.53
7.16
7.82
8.44
9.07
9.71
10.38
10.99
11.63
12.24
12.99
13.79
14.48
15.15
15.92
16.7
17.49
18.27
19.03
19.64
20.27
20.91
21.54
22.18
22.81
23.43
24.07
24.67
25.27
25.89
26.54
27.15
27.77
28.38
29.06
29.7
30.32
30.99
31.69
32.45
33.26
33.97
34.6
35.22
35.84
36.45
37.09
37.74
38.38
38.99
39.61
40.22
40.86
41.55
42.22
42.82
43.4
44.0
44.63
45.26
45.87
46.45
47.05
47.64
48.24
48.89
49.51
50.11
50.75
51.43
52.1
52.73
53.35
53.96
54.57
55.19
55.82
56.47
57.11
57.75
58.38
59.04
59.65
60.27
60.9
61.58
62.22
62.91
63.52
64.17
64.77
65.39
66.09
66.82
67.6
68.41
69.21
70.0
70.63
71.27
71.87
72.51
73.19
73.83
74.55
75.22
75.84
76.48
77.05
77.64
78.18
78.75
79.36
79.95
80.59
81.28
81.91
82.56
83.32
84.08
84.79
85.52
86.18
86.81
87.44
88.09
88.78
89.41
90.11
90.74
91.34
91.98
92.55
93.14
93.69
94.28
94.88
95.45
96.1
96.78
97.49
98.21
98.92
99.62
100.3
100.91
101.53
102.17
102.73
103.27
103.81
104.33
104.95
105.57
106.16
106.77
107.38
108.02
108.61
109.18
109.7
110.23
110.78
111.39
111.95
112.53
113.15
113.75
114.35
114.92
115.54
116.12
116.72
117.37
118.01
118.63
119.24
119.87
120.53
121.13
121.81
122.47
123.14
123.86
124.51
125.13
125.79
126.37
126.97
127.56
128.13
128.72
129.36
130.07
130.73
131.44
132.17
132.85
133.59
134.2
134.73
135.29
135.83
136.4
136.94
137.48
138.03
138.56
139.09
139.63
140.17
140.69
141.21
141.73
142.27
142.81
143.34
143.88
144.39
144.91
145.43
145.94
146.47
146.99
147.51
148.04
148.6
149.16
149.69
150.23
150.78
151.35
151.86
152.39
152.89
153.4
153.9
154.41
154.95
155.49
156.03
156.55
157.06
157.57
158.09
158.6
159.12
159.64
160.21
160.8
161.33
161.86
162.39
162.91
163.43
163.93
164.49
165.05
165.61
166.13
166.67
167.21
167.75
168.28
168.79
169.29
169.81
170.3
170.81
171.3
171.79
172.31
172.84
173.36
173.89
174.4
174.93
175.46
176.01
176.56
177.17
177.75
178.27
178.83
179.39
179.91
180.46
180.98
181.49
182.03
182.57
183.08
183.61
184.15
184.71
185.24
185.76
186.3
186.84
187.37
187.88
188.43
189.04
189.62
190.2
190.75
191.33
191.94
192.51
193.07
193.67
194.23
194.77
195.3
195.84
196.35
196.88
197.42
197.92
198.44
198.98
199.48
199.98
200.51
201.01
201.51
202.01
202.51
203.03
203.53
204.03
204.57
205.03
205.53
206.01
206.47
206.96
207.47
207.98
208.52
209.03
209.54
210.07
210.58
211.06
211.57
212.06
212.55
213.05
213.53
214.02
214.5
214.97
215.48
215.95
216.46
217.02
217.56
218.12
218.73
219.34
219.99
220.59
221.2
221.85
222.47
223.15
223.8
224.36
224.95
225.57
226.12
226.64
227.14
227.6
228.1
228.6
229.08
229.56
230.06
230.53
231.01
231.51
231.97
232.45
232.95
233.43
233.95
234.43
234.91
235.37
235.85
236.37
236.88
237.39
237.94
238.45
238.95
239.49
239.99
240.48
240.99
241.48
241.97
242.47
242.95
243.43
243.91
244.38
244.86
245.36
245.84
246.4
246.91
247.53
248.18
248.77
249.39
250.04
250.63
251.28
251.86
252.48
253.11
253.68
254.28
254.85
255.4
255.98
256.53
257.07
257.63
258.19
258.71
259.26
259.89
260.55
261.14
261.7
262.3
262.89
263.5
264.08
264.67
265.28
265.89
266.44
267.01
267.61
268.16
268.73
269.28
269.79
270.29
270.81
271.33
271.83
272.36
272.85
273.33
273.83
274.34
274.93
275.49
276.06
276.61
277.19
277.78
278.38
278.99
279.55
280.13
280.72
281.26
281.83
282.43
282.97
283.55
284.15
284.72
285.33
285.91
286.46
286.99
287.56
288.09
288.62
289.17
289.71
290.25
290.84
291.4
291.93
292.47
293.04
293.6
294.14
294.66
295.17
295.68
296.19
296.76
297.3
297.86
298.44
299.04
299.59
300.16
300.7
301.22
301.73
302.25
302.79
303.28
303.78
304.29
304.77
305.29
305.79
306.39
306.95
307.52
308.1
308.69
309.31
309.9
310.49
311.08
311.64
312.26
312.82
313.44
314.0
314.62
315.18
315.78
316.39
316.96
317.52
318.09
318.66
319.28
319.89
320.55
321.18
321.77
322.37
322.98
323.62
324.19
324.79
325.37
325.95
326.58
327.23
327.83
328.46
329.12
329.73
330.38
330.97
331.55
332.15
332.78
333.38
333.95
334.58
335.18
335.75
336.35
336.95
337.57
338.17
338.76
339.37
339.87
340.38
340.93
341.42
341.97
342.48
342.98
343.47
343.98
344.49
344.98
345.47
345.96
346.45
346.91
347.39
347.89
348.4
348.91
349.47
349.99
350.51
351.03
351.59
352.18
352.74
353.26
353.81
354.37
354.91
355.49
356.04
356.61
357.24
357.9
358.49
359.04
359.65
360.2
360.78
361.4
361.96
362.56
363.17
363.79
364.36
364.98
365.57
366.16
366.72
367.32
367.9
368.55
369.18
369.79
370.44
371.09
371.71
372.35
373.02
373.65
374.3
374.94
375.57
376.17
376.74
377.35
377.95
378.56
379.13
379.71
380.32
380.96
381.56
382.18
382.76
383.33
383.93
384.49
385.06
385.62
386.2
386.73
387.28
387.84
388.39
388.99
389.58
390.22
390.94
391.58
392.3
392.97
393.59
394.22
394.87
395.53
396.24
397.04
397.81
398.54
399.31
400.14
400.97
401.76
402.54
403.37
404.13
404.94
405.74
406.55
