1.76
4.6
7.15
9.71
12.24
15.14
18.26
20.9
23.43
25.88
28.4
30.99
33.96
36.46
38.98
41.55
44.0
46.44
48.89
51.43
53.95
56.47
59.03
61.58
64.19
66.81
69.99
72.51
75.22
77.61
79.94
82.54
85.5
88.07
90.73
93.1
95.44
98.2
100.91
103.27
105.57
108.01
110.22
112.52
115.26
118.0
120.52
123.14
125.78
128.12
130.73
133.65
135.83
138.03
140.16
142.27
144.38
146.47
148.6
150.78
152.89
154.95
157.06
159.12
161.32
163.43
165.6
167.75
169.81
171.78
173.89
176.01
178.27
180.45
182.57
184.7
186.83
189.03
191.32
193.67
195.83
197.91
199.97
202.01
204.02
206.0
207.97
210.06
212.05
214.01
215.94
218.22
220.58
223.14
225.58
227.59
229.55
231.5
233.41
235.35
237.38
239.48
241.47
243.42
245.35
247.25
249.17
251.27
253.67
255.97
258.19
260.56
263.24
265.87
268.15
270.28
272.35
274.33
276.33
278.38
280.71
282.95
285.32
287.55
289.7
291.92
294.24
296.67
299.06
301.21
303.27
305.28
307.27
309.34
311.64
313.98
316.37
318.66
321.17
323.61
325.95
328.44
331.03
333.51
335.89
338.16
340.37
342.48
344.48
346.44
348.39
350.51
352.73
354.9
357.24
359.64
362.0
364.35
366.71
369.16
371.7
374.29
376.73
379.13
381.34
383.65
385.91
388.23
390.92
393.58
396.23
399.3
