0.47
1.33
2.27
3.1
4.03
4.86
5.74
6.67
7.45
8.24
9.13
10.0
10.85
11.67
12.47
13.31
14.15
14.82
15.52
16.17
16.89
17.55
18.25
18.96
19.71
20.39
21.05
21.74
22.37
23.02
23.69
24.31
24.94
25.61
26.23
26.94
27.58
28.28
28.99
29.67
30.33
31.02
31.75
32.4
33.14
34.07
35.0
35.97
36.86
37.85
38.77
39.69
40.65
41.74
42.76
43.78
44.76
45.81
46.79
47.77
48.77
49.87
50.86
51.97
52.93
53.98
54.88
55.74
56.53
57.37
58.22
59.03
59.84
60.67
61.5
62.34
63.26
64.08
64.96
65.95
66.87
67.82
68.71
69.54
70.35
71.2
72.16
73.13
74.06
75.04
76.13
77.15
78.14
79.2
80.33
81.4
82.5
83.52
84.62
85.7
86.79
87.84
88.89
89.82
90.83
91.76
92.7
93.68
94.67
95.59
96.37
97.21
97.97
98.77
99.59
100.41
101.17
101.98
102.85
103.68
104.6
105.47
106.37
107.29
108.2
109.03
109.88
110.69
111.53
112.27
113.05
113.87
114.61
115.4
116.26
117.16
118.0
118.85
119.67
120.47
121.23
122.03
122.88
123.79
124.63
125.46
126.38
127.21
128.1
128.99
129.78
130.6
131.54
132.39
133.4
134.39
135.35
136.43
137.38
138.29
139.23
140.2
141.11
142.1
142.99
143.91
144.8
145.74
146.54
147.28
148.06
148.85
149.61
150.41
151.25
152.02
152.76
153.53
154.29
155.05
155.8
156.48
157.19
158.01
158.85
159.71
160.52
161.27
162.03
162.83
163.65
164.55
165.39
166.28
167.12
168.05
168.92
169.82
170.65
171.67
172.77
173.79
174.86
175.93
177.06
178.17
179.1
180.1
181.0
181.96
182.82
183.72
184.68
185.58
186.5
187.55
188.59
189.57
190.46
191.37
192.17
192.97
193.79
194.56
195.39
196.1
196.84
197.58
198.37
199.23
200.08
200.87
201.7
202.46
203.25
204.08
204.84
205.64
206.51
207.47
208.36
209.3
210.12
210.95
211.81
212.64
213.43
214.23
215.04
215.87
216.66
217.43
218.25
219.03
219.75
220.53
221.28
222.04
222.81
223.55
224.27
224.98
225.71
226.46
227.21
227.88
228.57
229.28
230.01
230.7
231.38
232.11
232.81
233.54
234.28
234.96
235.72
236.42
237.24
238.0
238.81
239.58
240.31
241.0
241.74
242.33
242.95
243.58
244.2
244.81
245.38
245.99
246.58
247.21
247.78
248.4
249.16
249.88
250.56
251.33
252.13
252.9
253.64
254.45
255.22
256.04
256.85
257.64
258.42
259.25
260.07
260.97
261.8
262.7
263.51
264.34
265.22
266.12
267.08
267.93
268.77
269.59
270.42
271.18
271.99
272.82
273.58
274.37
275.23
276.16
277.02
277.95
278.78
279.6
280.54
281.55
282.48
283.47
284.29
285.12
286.1
287.01
287.93
288.94
289.9
290.89
291.84
292.75
293.69
294.69
295.62
296.58
297.57
298.51
299.48
300.43
301.22
302.05
302.81
303.56
304.33
305.11
305.89
306.63
307.39
308.18
308.91
309.63
310.38
311.17
311.88
312.56
313.24
313.96
314.69
315.45
316.18
316.95
317.69
318.4
319.15
319.83
320.53
321.3
322.07
322.84
323.58
324.33
325.14
325.88
326.67
327.56
328.39
329.2
330.02
330.9
331.76
332.54
333.32
334.16
334.92
335.76
336.53
337.3
338.08
338.88
339.67
340.5
341.34
342.09
342.84
343.65
344.39
345.18
345.94
346.74
347.48
348.27
349.08
349.83
350.57
351.32
352.11
352.87
353.59
354.35
355.09
355.85
356.62
357.33
358.05
358.78
359.46
360.2
360.99
361.75
362.49
363.18
363.91
364.67
365.39
366.05
366.77
367.47
368.21
368.9
369.59
370.28
371.06
371.78
372.65
373.47
374.37
375.18
376.02
376.8
377.65
378.46
379.29
380.07
380.88
381.76
382.68
383.62
384.46
385.34
386.2
387.09
388.03
388.93
389.78
390.58
391.39
392.16
392.99
393.75
394.48
395.28
396.0
396.76
397.52
398.28
398.97
399.69
400.39
401.05
401.76
402.43
403.04
403.71
404.33
404.91
405.5
406.13
406.73
407.31
407.88
408.48
409.09
409.74
410.36
410.95
411.58
412.19
412.84
413.45
414.05
414.72
415.33
415.97
416.61
417.25
417.89
418.56
419.19
