3.09
6.66
10.0
13.3
16.17
18.98
21.93
25.64
29.67
33.54
36.98
40.65
44.73
48.76
52.93
56.51
59.84
63.26
66.87
70.58
74.44
78.19
81.75
85.68
89.81
93.68
97.2
100.45
103.67
106.73
109.87
113.44
117.16
120.46
123.78
127.2
130.59
134.39
138.28
142.09
145.73
148.85
152.02
155.04
158.0
161.26
164.54
168.04
172.19
176.44
180.09
183.71
187.54
191.37
194.57
197.53
200.42
203.56
206.88
210.52
214.19
218.25
222.03
225.66
229.67
233.54
237.23
241.0
244.81
248.38
251.89
254.96
257.93
260.58
263.5
267.07
270.4
273.58
277.01
280.53
284.45
288.32
292.74
296.58
300.42
304.07
308.18
312.55
316.79
320.52
324.27
327.97
331.22
334.89
338.56
342.37
346.35
350.56
354.87
359.16
363.16
367.03
370.58
373.86
377.17
380.06
382.95
385.57
388.24
391.38
394.7
398.27
401.04
403.7
406.12
408.47
410.93
413.44
415.97
