3.5
7.24
11.5
15.45
18.98
22.57
26.53
30.27
33.84
37.56
41.23
44.71
49.0
52.74
56.13
59.57
62.88
66.47
69.91
72.98
75.96
78.97
81.84
84.92
88.69
92.92
96.89
100.45
104.49
108.38
112.06
115.73
118.97
122.43
125.71
128.98
132.49
135.76
139.24
142.47
145.78
149.03
152.63
156.21
159.76
163.3
166.7
169.97
173.51
176.71
179.59
182.62
185.5
188.6
191.5
194.84
198.12
201.59
205.22
208.76
212.11
215.74
219.3
222.62
226.12
228.77
231.18
233.82
236.85
239.94
242.89
245.71
248.31
250.91
253.76
257.02
260.45
264.15
267.73
271.3
274.42
278.02
281.93
285.33
288.85
292.27
295.87
299.7
303.53
306.95
310.05
313.0
315.96
318.9
322.04
325.06
327.96
330.68
333.51
336.32
339.56
343.03
346.47
349.95
353.45
356.91
360.25
362.87
365.61
368.27
371.14
373.92
376.9
379.89
383.1
386.55
390.32
394.2
397.82
401.79
404.99
408.07
411.4
414.66
417.53
420.08
422.46
