0.39
1.0
1.64
2.26
2.84
3.43
3.99
4.54
5.11
5.71
6.31
6.97
7.57
8.25
8.96
9.63
10.26
10.9
11.54
12.21
12.83
13.44
14.08
14.76
15.4
16.09
16.7
17.34
17.97
18.53
19.08
19.68
20.24
20.79
21.36
21.98
22.57
23.13
23.72
24.33
24.88
25.49
26.0
26.54
27.05
27.58
28.12
28.66
29.17
29.71
30.28
30.81
31.36
31.89
32.42
32.98
33.54
34.12
34.73
35.28
35.84
36.41
36.98
37.57
38.18
38.82
39.43
40.01
40.63
41.24
41.85
42.49
43.09
43.74
44.33
44.98
45.57
46.15
46.77
47.3
47.88
48.43
49.0
49.53
50.06
50.61
51.16
51.69
52.22
52.76
53.32
53.84
54.41
54.93
55.52
56.13
56.75
57.32
57.95
58.49
59.02
59.58
60.12
60.63
61.19
61.73
62.32
62.88
63.46
64.02
64.63
65.24
65.84
66.47
67.05
67.6
68.18
68.77
69.35
69.93
70.59
71.21
71.85
72.55
73.21
73.85
74.49
75.21
75.97
76.7
77.48
78.24
78.98
79.89
80.77
81.51
82.3
83.07
83.78
84.56
85.28
86.07
86.77
87.53
88.26
88.99
89.71
90.5
91.31
92.09
92.93
93.67
94.42
95.23
96.05
96.89
97.78
98.66
99.54
100.46
101.44
102.37
103.32
104.45
105.53
106.56
107.61
108.69
109.81
110.81
111.9
112.86
113.88
114.8
115.74
116.54
117.41
118.2
118.97
119.84
120.67
121.52
122.43
123.23
124.06
124.92
125.72
126.57
127.37
128.35
129.25
130.21
131.11
131.97
132.84
133.68
134.48
135.35
136.12
136.9
137.71
138.45
139.24
140.05
140.79
141.64
142.48
143.33
144.17
144.99
145.78
146.65
147.43
148.23
149.04
149.9
150.84
151.69
152.63
153.49
154.39
155.34
156.21
157.13
158.02
158.91
159.77
160.62
161.47
162.34
163.06
163.82
164.59
165.4
166.17
166.88
167.65
168.38
169.13
169.98
170.85
171.77
172.84
173.83
174.77
175.64
176.47
177.29
178.1
178.83
179.59
180.39
181.13
181.91
182.63
183.43
184.09
184.79
185.5
186.28
187.08
187.81
188.6
189.35
190.1
190.8
191.51
192.25
192.98
193.68
194.39
195.36
196.36
197.3
198.38
199.39
200.47
201.6
202.46
203.35
204.3
205.23
206.19
207.12
207.96
208.77
209.65
210.53
211.33
212.11
212.96
213.79
214.74
215.74
216.62
217.5
218.45
219.3
220.18
220.99
221.81
222.63
223.47
224.37
225.21
226.13
227.01
227.85
228.77
229.61
230.49
231.38
232.28
233.08
233.83
234.55
235.32
236.08
236.84
237.55
238.3
239.07
239.86
240.59
241.34
242.14
242.89
243.69
244.44
245.22
246.01
246.79
247.53
248.29
248.97
249.61
250.29
250.92
251.62
252.33
253.03
253.76
254.5
255.32
256.15
257.05
257.9
258.7
259.56
260.46
261.34
262.31
263.2
264.15
265.04
266.0
266.9
267.74
268.67
269.56
270.49
271.31
272.12
272.96
273.84
274.75
275.61
276.43
277.32
278.2
279.0
279.76
280.51
281.23
281.94
282.74
283.53
284.4
285.33
286.18
287.08
288.01
288.85
289.72
290.6
291.42
292.3
293.24
294.12
294.94
295.88
296.74
297.7
298.71
299.71
300.68
301.6
302.55
303.54
304.5
305.54
306.47
307.42
308.38
309.18
310.05
310.75
311.46
312.22
313.0
313.73
314.46
315.19
315.96
316.67
317.44
318.19
318.91
319.69
320.4
321.2
322.04
322.79
323.59
324.33
325.07
325.78
326.46
327.19
327.97
328.64
329.29
330.01
330.7
331.44
332.16
332.86
333.53
334.17
334.81
335.48
336.26
337.0
337.88
338.69
339.56
340.47
341.31
342.19
343.04
343.88
344.77
345.63
346.46
347.37
348.28
349.12
349.96
350.87
351.71
352.54
353.46
354.31
355.2
356.03
356.92
357.83
358.65
359.5
360.26
361.0
361.76
362.55
363.28
364.01
364.71
365.41
366.17
366.89
367.57
368.27
369.0
369.7
370.42
371.14
371.83
372.57
373.26
373.93
374.65
375.4
376.14
376.92
377.69
378.38
379.15
379.9
380.6
381.39
382.24
383.11
383.93
384.62
385.37
386.07
386.83
387.49
388.13
388.83
389.46
390.1
390.73
391.36
392.01
392.59
393.23
393.84
394.43
395.04
395.68
396.35
397.0
397.7
398.46
399.3
400.09
400.92
401.8
402.64
403.53
404.45
405.42
406.31
407.28
408.24
409.16
410.1
411.01
411.99
412.9
413.8
414.67
415.46
416.32
417.3
418.22
419.15
420.09
420.97
421.84
422.71
423.64
424.5
