0.0
0.5
0.99
1.47
1.99
2.47
2.94
3.41
3.89
4.36
4.85
5.32
5.78
6.24
6.73
7.2
7.65
8.12
8.59
9.06
9.53
10.0
10.48
10.93
11.41
11.85
12.29
12.74
13.19
13.62
14.05
14.49
14.95
15.41
15.88
16.34
16.8
17.25
17.72
18.18
18.65
19.1
19.55
19.99
20.45
20.92
21.37
21.83
22.28
22.74
23.21
23.67
24.12
24.58
25.02
25.46
25.91
26.36
26.8
27.24
27.69
28.11
28.56
29.03
29.49
29.95
30.42
30.86
31.34
31.79
32.25
32.7
33.17
33.62
34.06
34.51
34.97
35.42
35.88
36.31
36.75
37.18
37.61
38.04
38.5
38.95
39.39
39.84
40.32
40.76
41.24
41.68
42.12
42.58
43.03
43.48
43.95
44.4
44.88
45.31
45.77
46.21
46.66
47.11
47.57
48.02
48.47
48.92
49.36
49.82
50.27
50.72
51.18
51.63
52.06
52.49
52.95
53.38
53.82
54.25
54.71
55.15
55.62
56.07
56.53
56.99
57.43
57.87
58.33
58.77
59.21
59.65
60.1
60.55
61.0
61.48
61.94
62.39
62.84
63.31
63.75
64.2
64.67
65.12
65.55
66.0
66.42
66.87
67.31
67.74
68.17
68.62
69.05
69.46
69.9
70.33
70.77
71.21
71.64
72.08
72.49
72.92
73.34
73.77
74.19
74.66
75.13
75.58
76.03
76.47
76.91
77.36
77.78
78.22
78.66
79.12
79.56
80.0
80.43
80.85
81.27
81.71
82.13
82.57
83.02
83.47
83.91
84.37
84.84
85.29
85.72
86.16
86.6
87.04
87.48
87.93
88.37
88.8
89.24
89.7
90.17
90.69
91.17
91.61
92.07
92.54
92.99
93.42
93.86
94.33
94.78
95.21
95.66
96.12
96.57
97.01
97.44
97.89
98.32
98.74
99.17
99.62
100.06
100.5
100.95
101.39
101.81
102.24
102.67
103.11
103.55
103.98
104.39
104.83
105.26
105.7
106.13
106.57
107.0
107.45
107.9
108.37
108.81
109.26
109.71
110.16
110.6
111.05
111.5
111.96
112.38
112.82
113.25
113.68
114.1
114.55
114.97
115.39
115.84
116.29
116.74
117.25
117.76
118.26
118.74
119.17
119.63
120.07
120.52
121.0
121.46
121.91
122.38
122.87
123.34
123.79
124.26
