0.5
1.32
2.17
3.05
3.82
4.56
5.33
6.11
6.88
7.59
8.25
8.85
9.45
10.05
10.66
11.28
11.9
12.48
13.07
13.65
14.24
14.83
15.4
15.97
16.57
17.12
17.71
18.3
18.87
19.4
19.97
20.55
21.11
21.64
22.21
22.79
23.35
23.88
24.45
25.04
25.59
26.15
26.71
27.28
27.83
28.4
28.96
29.52
30.06
30.59
31.13
31.76
32.48
33.17
33.88
34.59
35.26
35.99
36.73
37.44
38.15
38.87
39.56
40.25
40.84
41.43
42.05
42.66
43.26
43.82
44.41
45.03
45.62
46.22
46.83
47.43
48.01
48.6
49.19
49.8
50.37
50.9
51.46
52.02
52.57
53.1
53.64
54.18
54.74
55.27
55.82
56.39
56.94
57.49
58.09
58.71
59.3
59.9
60.5
61.12
61.7
62.29
62.87
63.49
64.05
64.58
65.08
65.6
66.13
66.69
67.25
67.85
68.44
69.05
69.65
70.26
70.86
71.46
72.02
72.61
73.13
73.65
74.18
74.7
75.29
75.83
76.41
77.0
77.65
78.25
78.88
79.48
80.11
80.71
81.33
81.92
82.53
83.11
83.72
84.29
84.89
85.46
86.05
86.64
87.27
87.86
88.44
89.01
89.58
90.17
90.74
91.36
91.94
92.54
93.11
93.71
94.33
94.99
95.62
96.22
96.85
97.49
98.15
98.74
99.34
99.91
100.49
101.08
101.67
102.26
102.84
103.43
104.03
104.63
105.21
105.79
106.37
106.97
107.57
108.15
108.74
109.32
109.91
110.53
111.11
111.67
112.22
112.8
113.38
113.96
114.42
114.83
115.22
115.6
115.99
116.38
116.79
117.2
117.59
117.96
118.36
118.75
119.16
119.56
119.98
120.4
120.79
121.2
121.61
122.02
122.43
122.84
123.27
123.66
124.05
124.43
124.81
125.21
125.6
125.98
126.35
126.73
127.12
127.51
127.89
128.26
128.65
129.03
129.4
129.79
130.15
130.53
130.91
131.3
131.67
132.06
132.42
132.79
133.18
133.56
133.94
134.33
134.71
135.08
135.45
135.82
136.18
136.56
136.93
137.3
137.67
138.05
138.42
138.82
139.2
139.61
140.04
140.6
141.13
141.66
142.2
142.74
143.27
143.82
144.36
144.9
145.44
145.96
146.53
147.05
147.59
148.12
148.68
149.26
149.88
150.5
151.11
151.71
152.34
152.96
153.56
154.16
154.76
155.39
156.01
156.6
157.21
157.83
158.48
159.04
159.57
160.15
160.72
161.26
161.81
162.34
162.91
163.45
163.99
164.55
165.12
165.66
166.21
166.82
167.46
168.06
168.66
169.28
169.87
170.45
171.04
171.62
172.23
172.77
173.29
173.84
174.4
174.91
175.45
176.0
176.63
177.22
177.83
178.48
179.11
179.72
180.33
180.91
181.52
182.05
182.58
183.12
183.66
184.23
184.77
185.34
185.94
186.57
187.17
187.77
188.36
188.94
189.54
190.15
190.76
191.36
191.95
192.53
193.11
193.69
194.27
194.84
195.43
196.0
196.59
197.15
197.71
198.32
198.89
199.45
200.0
200.57
201.12
201.69
202.32
202.89
203.52
204.11
204.68
205.22
205.73
206.25
206.8
207.3
207.78
208.29
208.8
209.32
209.87
210.41
210.99
211.54
212.08
212.61
213.16
213.74
214.29
214.8
215.34
215.88
216.45
217.01
217.56
218.08
218.63
219.22
219.75
220.32
220.91
221.47
222.03
222.57
223.16
223.68
224.24
224.79
225.3
225.85
226.4
226.99
227.57
228.12
228.68
229.25
229.85
230.4
230.95
231.48
232.05
232.51
232.99
233.49
233.95
234.43
234.93
235.39
235.93
236.48
237.01
237.52
238.06
238.58
239.09
239.62
240.13
240.63
241.14
241.65
242.19
242.75
243.31
243.86
