1.25
2.68
4.17
5.71
7.29
8.84
10.45
12.08
13.64
15.21
16.74
18.29
19.78
21.28
22.78
24.27
25.79
27.27
28.78
30.24
31.73
33.17
34.58
35.98
37.43
38.86
40.28
42.66
45.02
47.42
49.8
52.39
55.27
58.22
61.31
64.41
67.23
69.65
72.01
74.35
76.58
78.24
79.89
81.5
83.11
84.69
86.24
87.85
89.38
90.95
92.53
94.1
95.61
97.21
98.74
100.48
102.07
103.62
105.2
106.75
108.34
109.91
111.55
113.2
114.8
116.38
117.96
119.56
121.2
122.83
124.42
125.98
127.5
129.01
130.51
132.05
133.55
135.07
136.56
138.05
139.6
141.12
142.57
144.0
145.44
146.88
148.67
151.1
153.55
156.0
158.48
160.33
161.8
163.26
164.74
166.2
167.7
169.26
170.83
172.37
173.84
175.27
176.8
178.47
180.13
181.75
183.31
184.76
186.29
187.76
189.31
190.95
192.53
194.08
195.61
197.14
198.69
200.19
201.68
203.35
205.22
207.29
209.31
211.52
213.73
215.88
218.08
220.29
222.57
224.78
226.99
229.25
231.47
233.48
235.38
237.52
239.6
241.65
