0.5
2.29
4.09
5.85
7.58
9.35
11.04
12.7
14.34
16.02
17.71
19.35
20.93
22.49
24.04
25.61
27.24
28.82
30.39
31.96
33.47
35.01
36.52
38.06
39.63
41.18
42.72
44.38
46.75
49.08
51.41
53.65
55.8
58.0
60.2
62.63
65.03
67.64
70.17
72.66
75.11
76.63
78.17
79.77
81.43
83.04
84.64
86.22
87.78
89.34
90.88
92.4
93.94
95.56
97.22
98.86
100.48
102.14
103.7
105.24
106.78
108.37
109.9
111.37
112.92
114.45
116.0
117.53
119.06
120.59
122.14
123.72
125.27
126.87
129.22
131.53
133.8
135.72
137.15
138.57
140.0
141.44
142.89
144.34
145.92
147.45
148.87
150.37
151.86
153.38
154.89
156.52
158.13
159.77
161.36
163.0
164.7
166.37
167.9
169.42
170.96
172.52
174.07
175.58
177.07
178.52
180.03
181.67
183.29
184.89
186.48
188.09
189.69
191.27
192.81
194.41
195.99
197.59
199.24
200.85
202.41
204.03
205.62
207.21
208.8
210.41
211.99
213.55
215.17
216.75
218.33
219.91
221.47
223.0
224.51
225.99
227.51
229.13
230.65
232.56
234.89
237.21
239.57
241.88
244.23
246.55
248.68
250.87
253.02
255.08
256.77
258.36
259.9
261.44
263.04
264.6
266.19
267.74
269.15
270.69
272.24
273.82
275.42
277.03
278.6
280.14
281.65
283.19
284.67
286.17
287.7
289.26
290.9
292.5
294.04
295.74
297.65
299.77
302.84
306.08
309.24
312.39
315.62
319.49
323.16
326.66
330.06
333.08
336.14
339.07
