0.5
1.05
1.61
2.13
2.69
3.23
3.81
4.35
4.87
5.41
5.94
6.49
7.03
7.58
8.02
8.47
8.9
9.36
9.77
10.22
10.64
11.04
11.47
11.88
12.29
12.7
13.1
13.53
13.95
14.35
14.79
15.2
15.61
16.03
16.45
16.87
17.3
17.71
18.14
18.55
18.97
19.36
19.77
20.15
20.54
20.93
21.33
21.72
22.11
22.5
22.88
23.27
23.66
24.05
24.46
24.85
25.22
25.62
26.01
26.42
26.85
27.25
27.65
28.05
28.44
28.83
29.23
29.63
30.01
30.39
30.79
31.18
31.58
31.97
32.34
32.74
33.12
33.51
33.95
34.45
35.02
35.57
36.14
36.73
37.31
37.88
38.46
39.06
39.64
40.21
40.78
41.38
41.95
42.55
43.14
43.78
44.39
45.0
45.58
46.18
46.76
47.35
47.92
48.5
49.09
49.65
50.23
50.8
51.41
52.0
52.56
53.12
53.65
54.17
54.72
55.26
55.81
56.36
56.93
57.47
58.0
58.53
59.09
59.64
60.2
60.84
61.44
62.05
62.63
63.24
63.85
64.45
65.04
65.62
66.16
66.75
67.31
67.88
68.46
69.02
69.58
70.19
70.84
71.45
72.06
72.67
73.31
73.92
74.53
75.15
75.79
76.42
77.01
77.59
78.18
78.75
79.39
79.97
80.61
81.23
81.84
82.46
83.04
83.66
84.25
84.86
85.45
86.03
86.61
87.19
87.78
88.35
88.96
89.52
90.09
90.7
91.28
91.86
92.41
93.0
93.54
94.16
94.77
95.36
95.98
96.6
97.23
97.85
98.46
99.05
99.68
100.29
100.9
101.51
102.15
102.74
103.34
103.9
104.46
105.06
105.65
106.22
106.78
107.39
107.99
108.58
109.17
109.75
110.37
110.98
111.57
112.17
112.73
113.3
113.88
114.45
115.04
115.62
116.21
116.85
117.48
118.12
118.7
119.26
119.82
120.41
120.97
121.54
122.15
122.75
123.34
123.91
124.5
125.09
125.66
126.26
126.87
127.47
128.07
128.67
129.22
129.81
130.4
130.96
131.54
132.12
132.68
133.24
133.81
134.38
134.97
135.54
136.08
136.63
137.15
137.68
138.22
138.76
139.3
139.84
140.4
140.93
141.45
141.97
142.53
143.06
143.59
144.14
144.75
145.34
145.92
146.5
147.1
147.71
148.3
148.88
149.44
150.01
150.57
151.11
151.68
152.25
152.8
153.41
154.06
154.68
155.31
155.9
156.53
157.14
157.74
158.34
158.98
159.58
160.18
160.75
161.37
161.96
162.58
163.18
163.74
164.33
164.93
165.54
166.14
166.76
167.38
167.99
168.63
169.23
169.87
170.54
171.16
171.75
172.33
172.9
173.48
174.08
174.63
175.23
175.79
176.37
176.91
177.49
178.15
178.8
179.44
180.04
180.64
181.26
181.88
182.47
183.08
183.69
184.31
184.89
185.49
186.09
186.72
187.3
187.91
188.5
189.12
189.68
190.29
190.88
191.47
192.04
192.62
193.21
193.82
194.42
195.01
195.61
196.22
196.8
197.38
197.97
198.63
199.24
199.87
200.51
201.17
201.8
202.41
203.02
203.64
204.03
204.44
204.84
205.23
205.63
206.02
206.42
206.82
207.22
207.6
208.0
208.4
208.8
209.21
209.59
210.0
210.42
210.83
211.21
211.62
212.01
212.4
212.77
213.17
213.55
213.97
214.37
214.75
215.17
215.57
215.95
216.37
216.76
217.15
217.57
217.96
218.34
218.74
219.13
219.52
219.92
220.29
220.7
221.09
221.47
221.85
222.26
222.63
223.01
223.4
223.77
224.16
224.52
224.89
225.27
225.64
226.0
226.39
226.77
227.13
227.52
227.93
228.34
228.75
229.14
229.71
230.27
230.84
231.41
231.99
232.57
233.18
233.75
234.32
234.9
235.49
236.06
236.63
237.22
237.83
238.4
238.99
239.58
240.16
240.72
241.31
241.89
242.49
243.07
243.65
244.23
244.84
245.4
245.98
246.55
246.9
247.27
247.61
247.97
248.33
248.69
249.05
249.42
249.77
250.13
250.49
250.87
251.23
251.58
251.94
252.29
252.67
253.03
253.4
253.76
254.12
254.5
254.86
255.23
255.62
255.98
256.38
256.77
257.15
257.56
257.95
258.36
258.77
259.16
259.54
259.91
260.29
260.66
261.05
261.45
261.85
262.25
262.65
263.05
263.43
263.83
264.21
264.6
264.98
265.37
265.79
266.19
266.58
266.99
267.37
267.77
268.17
268.57
268.97
269.35
269.72
270.11
270.5
270.88
271.27
271.64
272.03
272.44
272.83
273.22
273.63
274.03
274.42
274.82
275.24
275.62
276.02
276.44
276.82
277.23
277.63
278.01
278.41
278.8
279.17
279.56
279.95
280.34
280.73
281.11
281.49
281.86
282.25
282.61
283.0
283.38
283.76
284.12
284.48
284.87
285.24
285.61
285.99
286.37
286.77
287.13
287.52
287.91
288.28
288.68
289.07
289.45
289.83
290.21
290.6
290.96
291.34
291.74
292.12
292.5
292.92
293.33
293.83
294.29
294.79
295.25
295.74
296.22
296.71
297.18
297.65
298.15
298.64
299.18
299.77
300.33
300.86
301.45
302.0
302.54
303.13
303.66
304.24
304.8
305.33
305.87
306.42
307.0
307.61
308.17
308.77
309.32
309.9
310.49
311.09
311.67
312.22
312.78
313.39
313.95
314.52
315.12
315.63
316.16
316.63
317.11
317.6
318.12
318.61
319.2
319.84
320.43
321.03
321.68
322.3
322.92
323.6
324.36
325.15
325.88
326.66
327.41
328.11
328.85
329.63
330.42
331.19
331.94
332.73
333.47
334.25
335.02
335.75
336.51
337.22
337.93
338.67
339.47
340.22
