0.35
0.94
1.55
2.12
2.69
3.25
3.83
4.41
4.99
5.58
6.14
6.7
7.26
7.83
8.36
8.92
9.44
10.0
10.56
11.11
11.69
12.27
12.83
13.4
13.97
14.53
15.09
15.67
16.22
16.8
17.36
17.94
18.55
19.13
19.69
20.24
20.83
21.4
21.96
22.54
23.09
23.64
24.22
24.77
25.33
25.92
26.49
27.04
27.61
28.19
28.75
29.33
29.88
30.44
31.01
31.56
32.13
32.67
33.23
33.77
34.32
34.88
35.46
36.01
36.54
37.08
37.64
38.21
38.74
39.31
39.86
40.42
40.99
41.54
42.08
42.61
43.17
43.71
44.26
44.82
45.42
45.98
46.53
47.08
47.66
48.23
48.79
49.36
49.93
50.49
51.05
51.58
52.1
52.65
53.16
53.76
54.35
54.98
55.62
56.23
56.84
57.47
58.07
58.7
59.3
60.02
60.76
61.55
62.32
63.05
63.85
64.59
65.37
66.16
