3.47
7.26
11.23
14.58
17.66
20.61
23.63
26.79
30.43
34.18
37.77
40.9
44.09
47.3
50.49
54.25
58.48
62.17
65.57
69.12
72.18
75.17
78.16
81.0
83.76
86.61
89.69
92.67
96.19
100.31
103.94
107.76
111.48
114.64
117.55
120.64
123.99
127.26
130.63
133.1
135.84
138.63
141.28
144.24
147.36
150.3
153.1
155.78
158.4
160.82
163.44
165.99
168.52
171.02
173.65
176.58
179.55
182.54
185.58
188.44
191.37
194.38
197.15
199.95
203.3
207.34
211.23
215.52
219.74
224.0
228.25
231.87
234.95
238.07
241.26
244.93
247.94
250.89
253.81
256.73
259.61
