0.58
1.59
2.52
3.48
4.47
5.41
6.3
7.26
8.16
9.24
10.3
11.24
12.03
12.87
13.69
14.56
15.34
16.11
16.93
17.67
18.47
19.19
19.86
20.61
21.36
22.14
22.89
23.63
24.39
25.15
25.96
26.79
27.6
28.56
29.52
30.44
31.4
32.28
33.21
34.18
35.1
35.98
36.85
37.78
38.53
39.35
40.07
40.87
41.64
42.37
43.25
44.09
44.96
45.71
46.54
47.29
48.09
48.92
49.7
50.49
51.29
52.13
52.82
53.56
54.26
54.99
55.66
56.37
57.1
57.81
58.49
59.17
59.91
60.58
61.39
62.18
62.94
63.76
64.67
65.57
66.38
67.17
67.92
68.71
69.52
70.29
71.09
71.8
72.51
73.29
74.05
74.84
75.71
76.58
77.34
78.17
78.9
79.61
80.3
81.01
81.67
82.37
83.07
83.76
84.46
85.21
85.94
86.62
87.39
88.12
88.89
89.7
90.52
91.24
91.93
92.68
93.49
94.26
94.99
95.78
96.5
97.23
97.95
98.7
99.38
100.03
100.64
101.28
101.99
102.71
103.48
104.16
104.89
105.59
106.22
106.83
107.46
108.12
108.76
109.53
110.26
110.99
111.7
112.43
113.15
113.92
114.65
115.37
116.11
116.89
117.56
118.28
119.05
119.84
120.65
121.5
122.34
123.14
124.0
124.8
125.58
126.38
127.27
128.08
128.97
129.79
130.65
131.5
132.36
133.1
133.75
134.4
135.08
135.85
136.54
137.31
137.99
138.64
139.31
140.02
140.67
141.31
141.99
142.72
143.42
144.25
145.01
145.81
146.62
147.4
148.15
148.89
149.63
150.31
151.01
151.73
152.42
153.11
153.84
154.52
155.14
155.79
156.46
157.09
157.73
158.4
159.01
159.59
160.21
160.83
161.46
162.15
162.78
163.45
164.13
164.75
165.36
165.99
166.64
167.25
167.88
168.51
169.14
169.8
170.43
171.03
171.64
172.31
172.94
173.66
174.38
175.05
175.82
176.61
177.37
178.09
178.82
179.56
180.35
181.1
181.87
182.55
183.27
184.02
184.83
185.58
186.32
187.0
187.73
188.47
189.25
189.98
190.71
191.38
192.08
192.84
193.63
194.39
195.13
195.81
196.49
197.15
197.79
198.46
199.15
199.8
200.43
201.09
201.78
202.46
203.1
203.78
204.47
205.11
205.79
206.58
207.35
208.28
209.25
210.25
211.23
212.38
213.42
214.48
215.53
216.65
217.65
218.64
219.75
220.88
221.9
222.93
223.97
225.08
226.08
227.18
228.26
229.38
230.34
231.22
232.18
233.04
234.02
234.95
235.77
236.51
237.3
238.08
238.85
239.64
240.45
241.27
242.04
242.86
243.56
244.26
244.94
245.67
246.38
247.15
247.95
248.75
249.56
250.34
251.1
251.89
252.71
253.47
254.26
255.08
255.9
256.7
257.47
258.27
259.08
259.88
260.66
261.49
