0.33
0.96
1.57
2.21
2.79
3.39
3.97
4.57
5.14
5.73
6.32
6.9
7.46
8.04
8.6
9.17
9.76
10.33
10.89
11.48
12.05
12.62
13.2
13.77
14.34
14.9
15.49
16.07
16.65
17.24
17.82
18.39
18.97
19.53
20.09
20.67
21.23
21.82
22.4
22.97
23.54
24.13
24.69
25.25
25.84
26.4
26.98
27.56
28.11
28.67
29.23
29.8
30.38
30.93
31.49
32.07
32.6
33.15
33.71
34.29
34.87
35.44
36.01
36.59
37.16
37.75
38.32
38.89
39.44
40.02
40.56
41.14
41.71
42.29
42.86
43.43
44.0
44.57
45.11
45.7
46.25
46.81
47.4
47.98
48.55
49.1
49.67
50.23
50.8
51.37
51.91
52.49
53.04
53.61
54.17
54.72
55.28
55.84
56.42
57.0
57.56
58.12
58.7
59.3
59.86
60.41
60.96
61.54
62.12
62.65
63.22
63.79
64.34
64.91
65.45
66.02
66.57
67.13
67.67
68.25
68.81
69.36
69.88
70.43
70.97
71.52
72.1
72.7
73.29
73.83
74.41
74.99
75.54
76.08
76.65
77.2
77.73
78.27
78.82
79.39
79.93
80.47
81.01
81.56
82.15
82.68
83.23
83.78
84.36
84.89
85.44
85.99
86.53
87.06
87.6
88.15
88.68
89.23
89.79
90.34
90.9
91.42
91.98
92.53
93.08
93.65
94.2
94.74
95.28
95.83
96.39
96.95
97.51
98.06
98.61
99.16
99.71
100.25
100.8
101.33
101.89
102.43
102.96
103.51
104.05
104.59
105.14
105.68
106.23
106.75
107.27
107.82
108.37
108.92
109.47
110.04
110.58
111.13
111.69
112.27
112.81
113.35
113.88
114.42
114.97
115.51
116.06
116.62
117.16
117.7
118.29
118.84
119.38
119.91
120.45
121.01
121.58
122.13
122.68
123.26
123.8
124.35
124.92
125.45
126.01
126.59
127.15
127.69
128.21
128.75
129.3
129.85
130.37
130.9
131.44
131.96
132.49
133.01
133.54
134.09
134.63
135.15
135.74
136.31
136.87
137.43
137.98
138.55
139.11
139.64
140.18
140.72
141.27
141.83
142.36
142.97
143.59
144.24
