0.0
0.52
1.03
1.55
2.06
2.6
3.13
3.67
4.2
4.71
5.23
5.73
6.24
6.75
7.27
7.8
8.34
8.87
9.42
9.96
10.49
11.02
11.55
12.04
12.54
13.06
13.59
14.11
14.64
15.17
15.69
16.22
16.77
17.29
17.81
18.32
18.82
19.34
19.86
20.38
20.91
21.43
21.99
22.52
23.03
23.58
24.12
24.65
25.19
25.72
26.24
26.75
27.28
27.81
28.34
28.85
29.38
29.89
30.41
30.95
31.47
31.99
32.5
33.03
33.55
34.07
34.57
35.09
35.62
36.16
36.68
37.2
37.73
38.25
38.8
39.31
39.84
40.36
40.89
41.39
41.9
42.42
42.96
43.5
44.09
44.64
45.14
45.67
46.2
46.72
47.27
47.81
48.36
48.9
49.45
49.98
50.48
51.02
51.56
52.1
52.66
53.22
53.76
54.29
54.84
55.38
55.93
56.46
56.97
57.51
58.04
58.58
59.11
59.65
60.18
60.71
61.24
61.75
62.26
62.78
63.29
63.82
64.34
64.86
65.41
65.94
66.44
66.89
67.37
67.83
68.32
68.81
69.36
69.9
70.48
71.0
71.54
72.05
72.55
73.07
73.6
74.11
74.65
75.18
75.71
76.23
76.75
77.28
77.84
78.34
78.85
79.37
79.91
80.42
80.92
81.45
81.93
82.45
82.95
83.45
83.98
84.46
84.99
85.53
86.1
86.65
87.23
87.75
88.25
88.76
89.28
89.8
90.31
90.83
91.36
91.89
92.45
93.0
93.52
94.05
94.6
95.16
95.67
96.2
96.73
97.21
97.73
98.25
98.8
99.31
99.86
100.37
100.91
101.43
101.97
102.58
103.23
103.81
104.38
104.9
105.45
105.98
106.54
107.07
107.63
108.16
108.68
109.21
109.71
110.23
110.77
111.3
111.84
112.39
112.95
113.46
113.99
114.47
114.99
115.51
116.07
116.59
117.16
117.68
118.22
118.74
119.28
119.8
120.36
120.88
121.41
121.89
122.43
122.91
123.45
123.97
124.54
125.05
125.6
126.13
126.64
127.17
127.68
128.22
128.74
129.26
129.81
130.34
130.9
131.43
131.99
132.52
133.1
133.62
134.15
134.71
135.25
135.82
136.35
136.91
137.49
138.03
