0.0
0.53
1.06
1.55
2.08
2.59
3.12
3.66
4.19
4.71
5.21
5.7
6.23
6.75
7.27
7.81
8.34
8.88
9.43
9.93
10.46
11.01
11.54
12.04
12.58
13.1
13.62
14.12
14.65
15.18
15.72
16.26
16.8
17.33
17.83
18.34
18.86
19.39
19.92
20.45
20.97
21.52
22.08
22.6
23.13
23.66
24.2
24.72
25.25
25.78
26.31
26.82
27.36
27.88
28.41
28.91
29.44
29.97
30.49
30.99
31.51
32.03
32.55
33.09
33.62
34.13
34.66
35.16
35.7
36.22
36.75
37.29
37.83
38.37
38.87
39.39
39.91
40.45
40.97
41.49
42.03
42.55
43.07
43.58
44.13
44.66
45.19
45.73
46.26
46.79
47.35
47.88
48.4
48.93
49.46
49.98
50.5
51.04
51.56
52.08
52.62
53.15
53.7
54.24
54.79
55.31
55.85
56.38
56.92
57.45
57.98
58.5
59.04
59.56
60.11
60.62
61.15
61.68
62.2
62.73
63.28
63.79
64.31
64.82
65.41
65.95
66.5
67.09
67.61
68.16
68.68
69.2
69.75
70.27
70.8
71.34
71.87
72.39
72.92
73.41
73.93
74.47
75.01
75.55
76.12
76.67
77.2
77.71
78.22
78.76
79.3
79.81
80.35
80.88
81.39
81.89
82.42
82.95
83.49
83.99
84.52
85.06
85.57
86.08
86.62
87.17
87.68
88.2
88.72
89.26
89.79
90.31
90.83
91.36
91.9
92.45
92.98
93.51
94.03
94.57
95.09
95.62
96.13
96.63
97.16
97.68
98.21
98.71
99.23
99.75
100.27
100.78
101.31
101.83
102.37
102.87
103.41
103.94
104.48
104.99
105.54
106.06
106.58
107.11
107.65
108.19
108.71
109.23
109.77
110.31
110.86
111.39
111.93
112.47
113.01
113.51
114.03
114.57
115.11
115.62
116.17
116.71
117.25
117.78
118.33
118.86
119.41
119.93
120.46
120.96
121.5
122.0
122.54
123.06
123.62
124.12
124.66
125.2
125.73
126.27
126.81
127.36
127.9
128.42
128.98
129.51
130.05
130.6
131.14
131.68
132.21
132.74
133.26
133.79
134.34
134.86
135.35
135.87
136.35
136.84
137.34
137.87
