0.56
1.15
1.75
2.29
2.84
3.4
3.95
4.5
5.04
5.6
6.16
6.72
7.26
7.82
8.37
8.93
9.48
10.05
10.61
11.15
11.71
12.25
12.8
13.36
13.92
14.5
15.11
15.65
16.21
16.74
17.3
17.83
18.36
18.9
19.46
20.03
20.58
21.14
21.7
22.25
22.83
23.37
23.95
24.47
25.01
25.56
26.11
26.66
27.19
27.75
28.3
28.85
29.41
29.96
30.52
31.1
31.68
32.26
32.81
33.38
33.95
34.51
35.06
35.63
36.17
36.75
37.34
37.9
38.49
39.04
39.6
40.16
40.71
41.28
41.82
42.37
42.95
43.49
44.03
44.6
45.13
45.71
46.28
46.85
47.41
47.96
48.52
49.09
49.67
50.24
50.8
51.37
51.93
52.47
53.05
53.6
54.13
54.69
55.27
55.84
56.42
56.99
57.57
58.1
58.67
59.21
59.77
60.34
60.9
61.45
62.0
62.57
63.13
63.69
64.23
64.78
65.33
65.88
66.48
67.03
67.6
68.15
68.71
69.32
69.89
70.47
71.09
71.74
72.32
72.89
73.46
74.03
74.59
75.15
75.71
76.29
76.88
77.47
78.02
78.59
79.14
79.71
80.28
80.84
81.4
81.99
82.53
83.09
83.65
84.19
84.75
85.31
85.88
86.42
86.98
87.54
88.11
88.67
89.22
89.78
90.35
90.88
91.43
92.0
92.56
93.1
93.68
94.24
94.8
95.34
95.88
96.47
97.02
97.6
98.2
98.77
99.36
99.91
100.45
101.02
101.57
102.1
102.68
103.25
103.81
104.35
104.92
105.48
106.03
106.58
107.14
107.71
108.23
108.69
109.17
109.76
110.32
110.89
111.45
112.04
112.62
113.16
113.72
114.29
114.84
115.41
115.97
116.51
117.07
117.65
118.19
118.77
119.32
119.86
120.41
120.99
121.56
122.12
122.65
123.23
123.79
124.37
124.93
125.5
126.06
126.65
127.25
127.82
128.34
128.88
129.42
129.98
130.56
131.18
131.77
132.31
132.89
133.44
134.02
134.57
135.15
135.74
136.34
136.9
137.46
138.05
138.61
139.19
139.76
140.32
140.94
141.52
142.18
142.84
143.5
144.25
144.95
145.63
146.36
147.05
147.76
148.5
