0.39
0.88
1.41
1.92
2.45
2.98
3.5
4.01
4.53
5.01
5.52
6.04
6.57
7.09
7.61
8.14
8.67
9.2
9.68
10.2
10.72
11.21
11.7
12.21
12.71
13.21
13.71
14.24
14.76
15.28
15.8
16.3
16.82
17.3
17.79
18.3
18.82
19.33
19.85
20.36
20.87
21.36
21.85
22.36
22.87
23.36
23.85
24.35
24.87
25.36
25.83
26.34
26.83
27.31
27.79
28.29
28.79
29.27
29.77
30.28
30.81
31.31
31.82
32.32
32.83
33.3
33.78
34.28
34.79
35.3
35.81
36.33
36.84
37.32
37.82
38.33
38.84
39.33
39.82
40.33
40.84
41.33
41.83
42.34
42.85
43.38
43.9
44.42
44.95
45.46
45.94
46.46
46.96
47.46
47.93
48.44
48.94
49.43
49.89
50.42
50.94
51.45
51.98
52.49
53.01
53.52
53.99
54.5
55.01
55.51
55.98
56.48
56.98
57.46
57.94
58.45
58.94
59.43
59.91
60.42
60.92
61.5
62.02
62.61
63.15
63.74
64.37
64.97
65.55
66.15
66.63
67.14
67.67
68.17
68.69
69.21
69.74
70.25
70.75
71.26
71.77
72.27
72.78
73.31
73.85
74.35
74.82
75.32
75.84
76.33
76.81
77.32
77.82
78.28
78.78
79.27
79.78
80.28
80.75
81.24
81.74
82.24
82.72
83.22
83.71
84.22
84.72
85.23
85.73
86.21
86.68
87.18
87.68
88.21
88.72
89.22
89.74
90.24
90.72
91.22
91.71
92.19
92.68
93.2
93.69
94.18
94.65
95.14
95.63
96.13
96.61
97.11
97.61
98.13
98.62
99.13
99.65
100.17
100.67
101.19
101.7
102.18
102.66
103.18
103.69
104.19
104.69
105.2
105.7
106.2
106.69
107.21
107.71
108.22
108.7
109.22
109.72
110.19
110.7
111.23
111.74
112.24
112.75
113.26
113.76
114.28
114.76
115.26
115.72
116.22
116.68
117.18
117.64
118.15
118.62
119.11
119.61
120.13
120.63
121.13
121.62
122.12
122.59
123.08
123.59
124.12
124.63
125.12
125.63
126.11
126.59
127.03
127.48
127.9
128.3
128.74
129.14
129.56
129.98
130.42
130.82
