0.44
0.89
1.32
1.77
2.21
2.64
3.08
3.53
3.99
4.47
4.91
5.37
5.81
6.28
6.74
7.21
7.66
8.11
8.57
9.04
9.51
9.97
10.41
10.87
11.33
11.83
12.29
12.79
13.22
13.68
14.13
14.57
15.02
15.48
15.91
16.36
16.81
17.27
17.72
18.18
18.64
19.1
19.57
20.06
20.51
20.96
21.42
21.88
22.35
22.8
23.28
23.74
24.22
24.68
25.14
25.6
26.08
26.6
27.08
27.57
28.02
28.47
28.94
29.43
29.9
30.36
30.84
31.36
31.83
32.28
32.73
33.2
33.64
34.1
34.56
35.03
35.49
35.94
36.38
36.84
37.3
37.79
38.25
38.72
39.17
39.63
40.09
40.55
41.03
41.49
41.93
42.41
42.87
43.32
43.77
44.24
44.69
45.15
45.63
46.13
46.6
47.06
47.52
47.97
48.44
48.92
49.38
49.85
50.32
50.78
51.25
51.73
52.17
52.64
53.09
53.57
54.03
54.5
54.98
55.46
55.95
56.49
56.97
57.51
58.0
58.48
58.99
59.52
60.04
60.54
61.02
61.5
61.97
62.44
62.91
63.37
63.84
64.3
64.77
65.26
65.71
66.18
66.64
67.09
67.56
68.02
68.47
68.96
69.42
69.89
70.35
70.8
71.24
71.7
72.15
72.6
73.08
73.52
73.99
74.46
74.91
75.36
75.86
76.39
76.88
77.36
77.81
78.28
78.73
79.19
79.65
80.13
80.57
81.05
81.5
81.97
82.43
82.88
83.34
83.81
84.27
84.74
85.19
85.66
86.12
86.59
87.06
87.52
87.97
88.43
88.89
89.35
89.8
90.27
90.77
91.3
91.78
92.28
92.73
93.2
93.65
94.11
94.57
95.05
95.51
95.96
96.43
96.89
97.36
97.85
98.36
98.93
99.44
100.01
100.47
100.95
101.41
101.9
102.37
102.84
103.29
103.76
104.23
104.7
105.19
105.67
106.14
106.65
107.13
107.63
108.09
108.58
109.05
109.54
110.03
110.56
111.05
111.51
111.97
112.44
112.93
113.38
113.88
114.41
114.91
115.45
115.91
116.38
116.85
117.32
117.8
118.3
118.76
119.26
119.7
120.14
120.6
121.05
121.49
121.97
122.45
122.95
123.42
