1.84
3.77
5.61
7.45
9.33
11.21
13.08
14.92
16.76
18.56
20.36
22.2
24.03
25.82
27.62
29.41
31.19
32.97
34.74
36.57
38.4
40.22
42.04
43.85
45.64
47.42
49.21
51.02
52.84
54.63
56.43
58.21
60.0
61.77
63.56
65.34
67.13
68.91
70.7
72.48
74.21
75.96
77.7
79.48
81.31
83.13
84.9
86.67
88.44
90.17
92.0
93.79
95.56
97.39
99.21
100.99
102.81
104.6
106.41
108.25
110.06
111.86
113.66
115.44
117.22
119.05
120.98
122.87
124.7
126.53
128.37
130.25
132.23
134.35
136.29
138.1
139.88
141.71
143.54
145.38
147.21
149.1
151.15
153.26
