0.5
1.16
1.85
2.5
3.13
3.77
4.42
5.01
5.62
6.24
6.85
7.46
8.06
8.71
9.34
9.97
10.59
11.22
11.86
12.47
13.08
13.71
14.31
14.93
15.54
16.15
16.77
17.38
17.97
18.57
19.2
19.79
20.37
20.99
21.59
22.21
22.81
23.44
24.04
24.64
25.23
25.83
26.43
27.04
27.63
28.23
28.82
29.42
30.04
30.62
31.2
31.82
32.4
32.98
33.57
34.17
34.75
35.34
35.96
36.58
37.16
37.78
38.41
38.99
39.61
40.23
40.82
41.44
42.06
42.68
43.28
43.86
44.45
45.06
45.65
46.23
46.83
47.43
48.02
48.61
49.22
49.81
50.42
51.02
51.63
52.23
52.85
53.47
54.06
54.64
55.24
55.84
56.43
57.02
57.62
58.22
58.83
59.42
60.01
60.61
61.19
61.78
62.37
62.97
63.57
64.15
64.75
65.35
65.95
66.53
67.13
67.73
68.31
68.92
69.52
70.11
70.71
71.31
71.9
72.49
73.07
73.65
74.22
74.8
75.38
75.97
76.55
77.12
77.71
78.32
78.91
79.49
80.09
80.71
81.32
81.9
82.51
83.13
83.71
84.34
84.91
85.51
86.1
86.69
87.28
87.85
88.46
89.05
89.63
90.17
90.78
91.4
92.01
92.62
93.22
93.8
94.4
94.99
95.58
96.19
96.8
97.4
98.0
98.6
99.22
99.83
100.41
101.0
101.6
102.2
102.82
103.42
104.02
104.61
105.21
105.79
106.42
107.06
107.66
108.26
108.89
109.48
110.07
110.67
111.28
111.87
112.46
113.07
113.67
114.28
114.87
115.45
116.06
116.65
117.23
117.8
118.4
118.92
119.49
120.04
120.68
121.33
121.98
122.58
123.2
123.81
124.42
125.03
125.66
126.25
126.86
127.47
128.05
128.66
129.38
130.06
130.73
131.47
132.24
132.96
133.64
134.35
135.07
135.69
136.3
136.91
137.51
138.1
138.69
139.28
139.89
140.51
141.1
141.72
142.32
142.96
143.55
144.17
144.79
145.39
146.02
146.62
147.22
147.84
148.45
149.11
149.72
150.39
151.16
151.85
152.62
153.28
153.96
154.66
155.3
