0.5
1.29
2.11
2.91
3.71
4.5
5.32
6.11
6.88
7.66
8.4
9.13
9.89
10.62
11.36
12.12
12.83
13.55
14.31
15.0
15.69
16.4
17.1
17.81
18.53
19.23
19.94
20.65
21.34
22.07
22.77
23.47
24.16
24.86
25.54
26.25
26.97
27.69
28.41
29.12
29.83
30.55
31.26
31.97
32.66
33.36
34.05
34.75
35.45
36.14
36.84
37.55
38.22
38.92
39.64
40.34
41.02
41.74
42.44
43.18
43.9
44.62
45.35
46.07
46.78
47.51
48.21
48.92
49.6
50.3
51.03
51.73
52.42
53.13
53.85
54.56
55.28
56.0
56.69
57.4
58.13
58.86
59.6
60.35
61.08
61.8
62.53
63.26
63.99
64.71
65.42
66.13
66.86
67.59
68.32
69.05
69.79
70.52
71.24
72.01
72.74
73.48
74.21
74.91
75.61
76.34
77.06
77.8
78.56
79.29
80.02
80.78
81.51
82.22
82.91
83.63
84.35
85.08
85.78
86.5
87.22
87.97
88.66
89.37
90.07
90.79
91.5
92.21
92.94
93.65
94.35
95.06
95.82
96.58
97.34
98.09
98.82
99.56
100.3
101.0
101.75
102.46
103.17
103.88
104.6
105.35
106.07
106.81
107.53
108.23
108.96
109.71
110.45
111.18
111.91
112.64
113.39
114.12
114.84
115.57
116.28
116.99
117.72
118.42
119.14
119.86
120.58
121.31
122.04
122.76
123.52
124.22
124.94
125.68
126.4
127.1
127.85
128.61
129.28
130.0
130.75
131.45
132.18
132.88
133.6
134.32
135.04
135.78
136.51
137.24
137.97
138.69
139.43
140.17
140.88
141.59
142.33
143.06
143.9
144.66
145.44
146.24
146.98
147.76
148.56
149.32
150.1
150.88
151.62
152.37
153.14
153.87
154.6
155.33
156.06
156.85
157.73
158.67
159.54
160.46
161.33
162.15
162.92
163.64
164.38
165.13
165.88
166.61
167.36
168.1
168.9
169.7
170.48
171.3
172.1
172.94
173.71
174.44
175.2
175.99
176.72
177.51
178.31
179.06
179.84
180.62
181.44
182.19
183.01
183.73
184.43
185.14
185.89
186.64
187.43
188.18
188.95
189.72
190.53
