1.26
2.9
4.5
6.1
7.66
9.13
10.61
12.11
13.55
14.99
16.4
17.81
19.23
20.65
22.06
23.46
24.85
26.24
27.68
29.11
30.54
31.96
33.35
34.74
36.14
37.54
38.91
40.33
41.73
43.17
44.62
46.06
47.5
48.91
50.3
51.72
53.12
54.56
55.99
57.39
58.86
60.35
61.79
63.26
64.7
66.13
67.58
69.04
70.51
72.0
73.47
74.9
76.33
77.8
79.28
80.77
82.21
83.62
85.07
86.49
87.97
89.36
90.78
92.2
93.64
95.05
96.57
98.08
99.55
101.0
102.45
103.88
105.34
106.8
108.22
109.7
111.17
112.63
114.11
115.56
116.98
118.42
119.85
121.3
122.75
124.21
125.67
127.09
128.59
129.99
131.45
132.87
134.31
135.77
137.23
138.68
140.17
141.58
143.05
144.65
146.24
147.75
149.31
150.87
152.37
153.86
155.32
156.84
158.61
160.45
162.14
163.64
165.12
166.61
168.1
169.69
171.28
172.93
174.43
175.97
177.49
179.05
180.61
182.37
184.17
185.88
