0.51
1.07
1.66
2.29
2.89
3.49
4.14
4.75
5.35
5.93
6.51
7.12
7.72
8.28
8.88
9.49
10.06
10.65
11.27
11.84
12.46
13.05
13.63
14.22
14.8
15.37
15.94
16.5
17.05
17.63
18.18
18.75
19.35
19.93
20.5
21.08
21.69
22.25
22.83
23.4
23.95
24.52
25.1
25.65
26.22
26.78
27.34
27.91
28.49
29.04
29.59
30.16
30.74
31.31
31.87
32.46
33.01
33.58
34.16
34.74
35.29
35.86
36.46
37.06
37.66
38.29
38.89
39.49
40.09
40.69
41.29
41.9
42.47
43.07
43.67
44.27
44.86
45.45
46.05
46.65
47.24
47.8
48.38
48.98
49.56
50.14
50.75
51.35
51.94
52.52
53.1
53.67
54.27
54.85
55.43
56.0
56.59
57.15
57.74
58.33
58.9
59.5
60.1
60.69
61.29
61.89
62.45
63.04
63.66
64.23
64.82
65.43
66.0
66.58
67.17
67.76
68.36
68.95
69.51
70.1
70.69
71.27
71.85
72.44
73.01
73.59
74.19
74.79
75.38
75.99
76.6
77.24
77.83
78.43
79.06
79.68
80.28
80.88
81.49
82.1
82.73
83.33
83.93
84.53
85.14
85.73
86.31
86.92
87.52
88.13
88.77
89.37
89.95
90.55
91.11
91.69
92.3
92.88
93.49
94.1
94.69
95.3
95.89
96.47
97.07
97.65
98.23
98.86
99.5
100.08
100.69
101.31
101.91
102.51
103.13
103.71
104.33
104.96
105.54
106.16
106.79
107.37
107.97
108.57
109.15
109.75
110.34
110.91
111.48
112.08
112.65
113.23
113.82
114.39
114.97
115.58
116.21
116.8
117.36
117.91
118.51
119.14
119.79
120.39
121.01
121.64
122.2
122.81
123.43
124.0
124.61
125.25
125.83
126.43
127.05
127.67
128.36
129.04
129.75
130.37
131.02
131.68
132.33
132.92
133.51
134.11
134.71
135.3
135.9
136.5
137.09
137.72
138.38
139.08
139.72
140.35
140.92
141.48
142.05
142.64
143.21
143.79
144.4
144.99
145.64
146.24
146.87
147.47
148.09
148.92
149.69
150.47
151.45
152.47
