0.5
1.03
1.6
2.14
2.67
3.24
3.75
4.25
4.78
5.34
5.9
6.46
7.0
7.55
8.08
8.63
9.15
9.71
10.25
10.8
11.34
11.88
12.43
12.99
13.55
14.08
14.63
15.17
15.69
16.23
16.77
17.3
17.83
18.37
18.89
19.44
20.0
20.52
21.07
21.59
22.12
22.65
23.18
23.71
24.25
24.77
25.3
25.83
26.37
26.92
27.47
28.02
28.54
29.08
29.61
30.15
30.67
31.21
31.77
32.31
32.85
33.38
33.94
34.48
35.02
35.59
36.12
36.67
37.22
37.78
38.32
38.84
39.37
39.9
40.42
40.96
41.5
42.03
42.54
43.07
43.61
44.14
44.68
45.24
45.81
46.34
46.92
47.47
48.01
48.56
49.11
49.67
50.22
50.77
51.32
51.88
52.44
52.98
53.52
54.06
54.59
55.14
55.69
56.23
56.79
57.33
57.86
58.42
58.97
59.5
60.06
60.6
61.13
61.66
62.21
62.74
63.29
63.84
64.4
64.95
65.48
66.01
66.54
67.09
67.61
68.16
68.69
69.24
69.78
70.33
70.87
71.42
71.95
72.5
73.06
73.61
74.16
74.72
75.28
75.83
76.41
76.95
77.5
78.04
78.59
79.14
79.68
80.23
80.78
81.32
81.86
82.41
82.94
83.48
84.01
84.55
85.09
85.63
86.18
86.74
87.3
87.86
88.42
88.98
89.55
90.1
90.65
91.22
91.79
92.35
92.92
93.48
94.02
94.58
95.13
95.67
96.24
96.82
97.36
97.95
98.53
99.08
99.66
100.23
100.79
101.35
101.93
102.48
103.05
103.59
104.14
104.69
105.24
105.79
106.34
106.92
107.53
108.18
108.86
109.49
110.11
110.71
111.25
111.83
112.42
112.97
113.56
114.13
114.68
115.27
115.88
116.46
116.99
117.54
118.12
118.65
119.21
119.71
120.26
120.74
121.28
121.78
122.29
122.79
123.35
123.87
124.43
124.94
125.47
126.02
126.55
127.09
127.63
128.19
128.69
129.24
129.76
130.27
130.75
131.29
131.77
132.35
132.93
133.49
134.04
134.64
135.2
135.76
136.36
136.93
137.56
138.15
138.81
139.46
140.11
140.77
141.36
141.98
142.57
143.18
143.81
144.43
145.01
145.62
