1.66
4.09
6.8
9.74
12.65
15.56
18.35
21.08
23.64
26.31
28.85
31.75
34.99
38.11
41.66
45.56
49.57
53.91
58.05
61.96
65.71
69.59
73.37
77.22
80.83
84.18
87.63
91.38
95.31
99.36
103.34
107.72
111.81
115.87
119.91
124.01
128.08
132.11
136.22
140.07
143.99
147.99
151.78
155.61
159.2
163.01
167.08
171.4
175.47
179.59
183.3
186.69
190.13
194.08
197.82
201.6
205.29
208.98
212.57
216.3
220.27
224.22
228.08
232.06
236.11
239.91
243.85
248.02
252.28
256.51
260.38
264.25
267.98
271.4
274.7
277.95
281.42
285.2
289.31
293.45
297.63
301.91
305.9
309.78
312.94
315.85
318.49
320.91
323.13
325.34
327.57
329.73
331.77
333.89
336.27
338.61
340.91
343.28
345.64
347.91
350.19
352.86
355.67
358.48
361.2
364.15
367.92
371.81
375.65
380.01
383.9
387.58
391.29
394.92
398.92
402.95
406.86
410.06
413.24
416.56
419.91
423.23
427.06
431.19
435.32
439.42
443.62
447.52
451.4
455.61
459.31
462.48
465.61
469.13
472.88
476.88
480.64
484.04
487.24
490.82
494.51
498.47
501.89
505.3
508.52
511.59
514.59
517.61
520.65
523.99
527.92
532.08
536.45
540.13
543.58
547.01
550.17
553.21
556.13
559.2
562.22
565.3
568.44
571.35
574.45
577.79
581.16
