0.46
1.05
1.67
2.29
2.87
3.51
4.09
4.68
5.3
6.03
6.81
7.55
8.26
8.98
9.75
10.48
11.17
11.9
12.66
13.36
14.11
14.82
15.57
16.27
16.93
17.63
18.36
19.07
19.73
20.5
21.29
22.06
22.88
23.64
24.41
25.03
25.68
26.33
26.93
27.56
28.22
28.85
29.41
29.95
30.51
31.11
31.76
32.38
33.03
33.63
34.26
34.98
35.78
36.51
37.35
38.12
39.04
39.9
40.81
41.66
42.65
43.6
44.52
45.57
46.56
47.6
48.58
49.57
50.66
51.78
52.86
53.94
54.98
56.02
57.06
58.05
59.13
60.11
61.09
61.99
62.95
63.88
64.78
65.71
66.65
67.62
68.64
69.59
70.55
71.45
72.43
73.37
74.33
75.27
76.28
77.24
78.18
79.06
80.0
80.83
81.67
82.55
83.39
84.2
85.06
85.9
86.73
87.64
88.54
89.5
90.38
91.39
92.41
93.38
94.34
95.31
96.35
97.44
98.38
99.37
100.3
101.35
102.36
103.33
104.26
105.13
106.03
106.91
107.92
108.91
109.85
110.87
111.81
112.87
113.85
114.83
115.88
116.86
117.88
118.92
119.92
120.91
121.92
122.93
124.02
125.03
126.03
127.05
128.09
129.07
130.04
131.0
131.93
132.94
133.86
134.82
135.74
136.72
137.67
138.68
139.66
140.61
141.57
142.54
143.49
144.53
145.57
146.61
147.65
148.78
149.84
150.89
151.8
152.78
153.77
154.73
155.62
156.54
157.4
158.32
159.1
159.91
160.75
161.59
162.4
163.24
164.01
164.84
165.62
166.35
167.08
167.81
168.56
169.28
170.06
170.76
171.45
172.1
172.8
173.5
174.19
174.84
175.53
176.24
176.91
177.6
178.32
178.98
179.6
180.2
180.77
181.35
181.94
182.49
183.13
183.71
184.34
184.94
185.59
186.22
186.89
187.5
188.14
188.78
189.45
190.14
190.96
191.81
192.59
193.43
194.27
195.09
195.86
196.75
197.58
198.43
199.29
200.16
201.08
201.99
202.9
203.79
204.73
205.58
206.42
207.27
208.1
208.98
209.9
210.74
211.61
212.57
213.49
214.39
215.29
216.31
217.34
218.33
219.29
220.28
221.23
222.27
223.24
224.23
225.18
226.15
227.15
228.09
229.06
230.1
231.08
232.06
233.08
234.06
235.12
236.12
237.07
238.01
238.99
239.93
240.85
241.86
242.79
243.86
244.91
245.89
246.98
248.02
249.01
250.11
251.25
252.3
253.42
254.47
255.51
256.51
257.47
258.46
259.41
260.39
261.32
262.33
263.3
264.26
265.23
266.24
267.13
267.99
268.82
269.73
270.55
271.4
272.23
273.06
273.87
274.7
275.52
276.25
277.04
277.77
278.59
279.39
280.17
280.99
281.87
282.8
283.73
284.64
285.53
286.42
287.33
288.25
289.16
290.1
290.97
291.9
292.77
293.67
294.6
295.49
296.37
297.34
298.22
299.15
300.13
301.01
301.92
302.9
303.86
304.86
305.87
306.78
307.77
308.72
309.7
310.62
311.61
312.54
313.53
314.46
315.47
316.43
317.34
318.25
319.22
320.12
321.08
321.96
322.9
323.87
324.81
325.83
326.79
327.79
328.71
329.73
330.77
331.77
332.78
333.72
334.66
335.69
336.69
337.7
338.72
339.81
340.91
342.04
343.11
344.19
345.23
346.25
347.36
348.47
349.45
350.44
351.42
352.34
353.28
354.27
355.34
356.36
357.36
358.33
359.29
360.24
361.21
362.09
363.01
363.99
364.9
365.88
366.85
367.92
369.0
369.92
370.87
371.82
372.81
373.72
374.7
375.65
376.63
377.55
378.53
379.53
380.49
381.45
382.47
383.44
384.37
385.31
386.28
387.26
388.14
389.03
390.02
390.97
391.96
392.89
393.92
394.91
395.93
396.87
397.9
398.93
399.91
400.88
401.89
402.95
404.07
404.98
405.95
406.86
407.68
408.5
409.26
410.06
410.9
411.67
412.45
413.24
414.13
415.11
416.04
416.95
417.95
418.85
419.92
420.89
421.89
422.94
424.04
425.06
426.07
427.07
428.12
429.13
430.18
431.2
432.2
433.27
434.29
435.33
436.35
437.34
438.35
439.42
440.51
441.54
442.62
443.63
444.65
445.61
446.54
447.51
448.51
449.49
450.43
451.41
452.46
453.55
454.54
455.61
456.65
457.77
458.8
459.81
460.86
461.73
462.61
463.52
464.46
465.31
466.28
467.26
468.18
469.14
470.1
471.06
471.97
472.91
473.91
474.93
475.87
476.88
477.8
478.76
479.67
480.65
481.51
482.37
483.2
484.04
484.86
485.67
486.47
487.29
488.05
488.97
489.87
490.83
491.76
492.64
493.58
494.52
495.56
496.54
497.51
498.47
499.36
500.22
501.07
501.9
502.72
503.61
504.47
505.3
506.19
506.97
507.74
508.52
509.28
510.08
510.87
511.6
512.33
513.12
513.83
514.6
515.33
516.13
516.89
517.62
518.41
519.13
519.91
520.65
521.45
522.17
522.97
523.68
524.43
525.21
525.88
526.56
527.25
527.97
528.62
529.23
529.89
530.51
531.18
531.85
532.56
533.2
533.9
534.56
535.17
535.84
536.46
537.09
537.76
538.36
538.8
539.26
539.68
540.14
540.56
541.0
541.45
541.89
542.33
542.74
543.17
543.62
544.03
544.46
544.91
545.33
545.77
546.19
546.63
547.02
547.41
547.83
548.21
548.63
549.03
549.4
549.79
550.18
550.57
550.95
551.31
551.69
552.08
552.45
552.83
553.21
553.6
553.98
554.34
554.7
555.07
555.43
555.77
556.14
556.51
556.88
557.26
557.67
558.06
558.45
558.84
559.2
559.59
559.96
560.31
560.68
561.06
561.44
561.82
562.23
562.66
563.07
563.45
563.81
564.2
564.57
564.94
565.31
565.73
566.12
566.51
566.93
567.33
567.7
568.08
568.45
568.84
569.21
569.58
569.95
570.3
570.65
570.99
571.36
571.72
572.07
572.42
572.8
573.23
573.64
574.03
574.46
574.87
575.29
575.73
576.15
576.57
576.99
577.4
577.81
578.25
578.67
579.11
579.55
579.99
580.45
580.89
581.31
581.76
582.19
582.66
583.11
583.54
584.0
584.44
584.91
585.34
585.79
586.26
586.69
587.14
587.61
588.09
588.58
589.07
589.53
590.01
590.49
590.99
591.45
591.95
592.43
592.89
593.38
593.86
594.35
594.82
595.31
