0.39
0.99
1.6
2.19
2.78
3.36
3.91
4.5
5.07
5.7
6.39
7.05
7.7
8.38
9.05
9.71
10.4
11.05
11.64
12.27
12.87
13.48
14.06
14.64
15.22
15.85
16.52
17.16
17.79
18.46
19.09
19.76
20.47
21.12
21.7
22.3
22.91
23.47
24.08
24.69
25.32
25.97
26.6
27.27
27.88
28.55
29.25
29.89
30.58
31.26
31.87
32.51
33.07
33.66
34.28
34.87
35.49
36.09
36.68
37.25
37.85
38.45
39.04
39.66
40.28
40.92
41.57
42.2
42.86
43.4
43.96
44.51
45.03
45.6
46.11
46.68
47.18
47.74
48.25
48.79
49.3
49.85
50.36
50.88
51.39
51.94
52.42
52.87
53.34
53.81
54.28
54.77
55.22
55.63
56.06
56.51
56.91
57.33
57.73
58.15
58.54
58.95
59.4
59.81
60.26
60.69
61.1
61.55
62.01
62.44
62.91
63.37
63.82
64.29
64.76
65.23
65.7
66.18
66.68
67.14
67.6
68.08
68.54
68.99
69.44
69.92
70.38
70.82
71.26
71.73
72.21
72.68
73.15
73.65
74.12
74.62
75.11
75.59
76.08
76.58
77.11
77.65
78.17
78.68
79.19
79.61
80.07
80.5
80.93
81.4
81.87
82.33
82.77
83.15
83.53
83.92
84.31
84.74
85.14
85.54
85.97
86.36
86.77
87.2
87.61
88.0
88.37
88.76
89.16
89.55
89.93
90.33
90.72
91.07
91.42
91.75
92.1
92.45
92.83
93.18
93.54
93.93
94.32
94.69
95.06
95.44
95.77
96.1
96.42
96.73
97.05
97.37
97.7
98.02
98.33
98.65
98.98
99.29
99.61
99.94
100.25
100.57
100.9
101.19
101.49
101.79
102.1
102.4
102.69
102.99
103.3
103.59
103.91
104.21
104.53
104.83
105.15
105.45
105.76
106.08
106.39
106.69
107.01
107.32
107.65
107.97
108.29
108.61
108.92
109.24
109.56
109.88
110.23
110.59
110.94
111.29
111.64
111.99
112.35
112.7
113.05
113.4
113.74
114.09
114.46
114.81
115.16
115.51
115.86
116.21
116.56
116.9
117.27
117.6
117.97
118.34
118.78
119.2
119.71
120.18
120.7
121.23
121.75
122.31
122.84
123.36
123.86
124.39
124.92
125.44
125.96
126.51
127.06
127.6
128.15
128.68
129.22
129.74
130.28
130.83
131.33
131.88
132.38
132.91
133.42
133.93
134.47
134.97
135.5
136.02
136.52
137.02
137.48
137.97
138.47
139.01
139.53
140.07
140.61
141.14
141.66
142.19
142.73
143.24
143.74
144.27
144.81
145.36
145.89
146.45
147.01
147.58
148.14
148.73
149.33
149.92
150.55
151.18
151.83
152.44
153.1
153.73
154.33
154.91
155.49
156.09
156.73
157.32
157.93
158.53
159.15
159.78
160.39
161.0
161.55
162.15
162.7
163.28
163.82
164.4
164.93
165.46
165.96
166.49
167.02
167.56
168.08
168.61
169.16
169.65
170.17
170.68
171.18
171.69
172.21
172.74
173.25
173.81
174.35
174.93
175.45
176.0
176.56
177.11
177.73
178.38
178.99
179.59
180.23
180.86
181.38
181.88
182.4
182.91
183.44
183.99
184.51
185.06
185.59
186.08
186.58
187.07
187.57
188.09
188.66
189.22
189.79
190.35
190.84
191.35
191.82
192.32
192.84
193.38
193.88
194.43
194.91
195.4
195.87
196.36
196.88
197.39
197.89
198.39
198.89
199.38
199.87
200.35
200.82
201.33
201.8
202.31
202.79
203.28
203.79
204.25
204.75
205.28
205.78
206.28
206.74
207.26
207.75
208.22
208.7
209.19
209.72
210.21
210.72
211.21
211.71
212.19
212.69
213.18
213.67
214.15
214.65
215.12
215.62
216.14
216.62
217.11
217.63
218.12
218.59
219.07
219.57
220.06
220.53
220.99
221.48
221.95
222.42
222.87
223.35
223.84
224.31
224.8
225.28
225.78
226.28
226.76
227.26
227.76
228.24
228.72
229.22
229.7
230.21
230.73
231.23
231.74
232.26
232.82
233.33
233.88
234.43
234.92
235.45
235.94
236.48
236.95
237.47
237.95
238.41
238.89
239.38
239.87
240.34
240.83
241.3
241.75
242.24
242.69
243.18
243.63
244.1
244.59
245.04
245.53
245.99
246.45
246.92
247.42
247.89
248.42
248.97
249.48
250.03
250.58
251.16
251.71
252.31
252.86
253.38
253.93
254.48
255.04
255.63
256.18
256.69
257.22
257.76
258.27
258.8
259.34
259.89
260.39
260.89
261.4
261.94
262.46
262.99
263.51
264.07
264.58
265.07
265.56
266.07
266.59
267.09
267.56
268.05
268.55
269.03
269.49
269.99
270.51
271.06
271.57
272.1
272.59
273.1
273.6
274.14
274.63
275.14
275.61
276.09
276.56
277.04
277.55
278.08
278.57
279.09
279.6
280.14
280.65
281.15
281.66
282.15
282.66
283.16
283.67
284.18
284.66
285.18
285.68
286.22
286.74
287.26
287.76
288.27
288.76
289.27
289.79
290.33
290.83
291.37
291.86
292.38
292.89
293.4
293.78
294.2
294.57
294.93
295.27
295.61
295.97
296.32
296.67
297.03
297.37
297.73
298.11
298.47
298.83
299.19
299.55
299.9
300.26
300.63
300.97
301.34
301.69
302.05
302.42
302.81
303.18
303.52
303.86
304.2
304.52
304.86
305.21
305.55
305.88
306.27
306.64
307.04
307.41
307.75
308.09
308.44
308.8
309.16
309.51
309.88
310.22
310.6
310.94
311.3
311.66
312.02
312.38
312.76
313.12
313.47
313.82
314.17
314.53
314.89
315.22
315.58
315.92
316.24
316.57
316.89
317.23
317.59
317.93
318.29
318.65
318.98
319.33
319.66
320.01
320.33
320.67
321.08
321.53
322.06
322.56
323.06
323.59
324.09
324.58
325.08
325.54
326.04
326.55
327.04
327.54
328.06
328.53
329.08
329.62
330.15
330.63
331.14
331.65
332.19
332.66
333.17
333.67
334.16
334.68
335.18
335.71
336.27
336.81
337.35
337.88
338.44
338.98
339.55
340.09
340.67
341.26
341.81
342.33
342.9
343.43
343.98
344.54
345.13
345.67
346.22
346.79
347.39
347.96
348.51
349.03
349.59
350.14
350.71
351.24
351.81
352.41
352.95
353.55
354.09
354.69
355.25
355.78
356.35
356.91
357.39
357.88
358.39
358.89
359.38
359.84
360.32
360.81
361.3
361.75
362.22
362.71
363.18
363.63
364.12
364.62
365.1
365.58
366.06
366.52
366.98
367.45
367.94
368.41
368.86
369.33
369.81
370.28
370.73
371.18
371.65
372.14
372.64
373.13
373.62
374.15
374.65
375.16
375.68
376.19
376.66
377.18
377.71
378.22
378.74
379.26
379.82
380.36
380.93
381.46
382.04
382.6
383.24
383.85
384.48
385.05
385.64
386.22
386.82
387.45
388.02
388.64
389.23
389.8
390.4
390.98
391.59
392.21
392.8
393.36
393.88
394.42
394.95
395.5
396.03
396.58
397.16
397.71
398.23
398.79
399.4
400.0
400.59
401.18
401.81
402.4
402.98
403.59
404.19
404.78
405.41
405.98
406.58
407.2
407.79
408.33
408.88
409.38
409.93
410.45
410.99
411.5
412.02
412.55
413.08
413.6
414.11
414.64
415.14
415.7
416.21
416.75
417.28
417.77
418.31
418.85
419.4
419.92
420.49
421.02
421.58
422.15
422.69
423.22
423.72
424.27
424.8
425.33
425.85
426.42
426.93
427.49
428.06
428.6
429.15
429.68
430.23
430.81
431.36
431.89
432.4
432.94
433.46
433.99
434.56
435.07
435.6
436.12
436.65
437.14
437.61
438.12
438.6
439.09
439.63
440.17
440.69
441.23
441.73
442.27
442.77
443.28
443.79
444.31
444.82
445.38
445.91
446.43
446.96
447.5
448.02
448.56
449.07
449.62
450.13
450.66
451.19
451.72
452.23
452.74
453.24
453.76
454.24
454.77
455.27
455.78
456.27
456.76
457.29
457.77
458.29
458.78
459.28
459.79
460.29
460.79
461.29
461.77
462.34
462.89
463.43
463.99
464.55
465.15
465.66
466.16
466.68
467.22
467.73
468.25
468.76
469.31
469.78
470.25
470.73
471.23
471.71
472.18
472.66
473.18
473.67
474.15
474.63
475.16
475.69
476.27
476.83
477.4
477.93
478.45
478.95
479.47
480.02
480.51
481.04
481.56
482.05
482.55
483.03
483.53
484.04
484.56
485.04
485.56
486.07
486.57
487.06
487.55
488.01
488.5
489.01
489.49
489.98
490.44
490.93
491.4
491.88
492.33
492.8
493.3
493.76
494.26
494.81
495.3
495.86
496.37
496.93
497.44
498.03
498.6
499.16
499.76
500.38
501.0
501.58
502.23
502.87
503.47
504.12
504.77
505.42
506.05
506.65
507.29
507.91
508.6
509.29
510.02
510.73
511.42
512.12
512.82
513.56
514.25
514.99
515.69
516.42
517.2
518.03
518.82
519.68
520.48
521.33
522.15
522.94
523.76
524.45
525.21
525.89
526.63
527.44
528.2
529.04
529.92
530.75
531.49
532.27
533.08
533.84
534.55
535.31
536.06
536.83
537.64
538.4
539.15
539.95
540.71
541.48
542.19
542.96
543.72
544.51
545.25
545.99
546.73
547.47
548.18
548.94
549.67
550.38
551.11
551.85
552.56
553.32
554.05
554.81
555.52
556.25
556.97
557.7
558.43
559.21
559.95
560.75
561.54
562.35
563.16
563.97
564.79
565.57
566.42
567.3
568.18
569.06
569.93
570.86
571.76
