3.36
6.46
10.15
13.93
17.79
21.12
24.07
26.8
29.5
31.86
34.27
36.69
39.03
41.39
43.77
45.99
48.24
50.35
52.86
55.27
57.73
60.07
62.0
63.82
65.7
67.59
69.44
71.26
73.15
75.11
77.11
79.19
81.53
83.9
86.3
89.15
92.28
95.77
99.59
103.35
106.53
109.45
112.35
115.16
117.96
120.17
122.3
124.39
126.51
128.68
130.83
132.9
134.96
137.01
139.01
141.13
143.24
145.36
147.58
149.92
152.44
154.9
157.32
159.74
162.14
164.39
166.64
169.15
172.22
175.37
178.38
180.85
182.91
185.06
187.07
188.92
190.83
192.83
194.91
196.88
198.9
200.81
202.78
204.74
206.96
209.17
211.2
213.17
215.11
217.1
219.06
220.98
222.88
224.79
226.75
228.71
230.72
232.8
235.27
237.97
240.7
243.18
245.57
248.26
251.15
254.15
257.07
259.88
262.65
265.39
268.04
270.63
273.1
275.37
277.54
279.59
281.66
283.67
285.68
287.75
289.78
291.86
294.56
297.35
300.25
303.17
305.86
308.43
311.3
314.16
316.9
319.65
322.37
325.54
329.5
333.17
337.34
341.67
345.12
348.75
352.4
355.64
358.56
361.13
363.63
366.21
368.73
371.17
373.13
375.16
377.17
379.26
381.45
383.85
386.21
388.64
390.97
393.36
395.5
397.71
399.99
402.38
404.79
407.19
409.38
411.49
413.6
415.69
417.76
419.92
422.14
424.27
426.4
428.6
430.81
432.93
435.06
437.14
439.09
441.23
443.27
445.38
447.5
449.61
451.72
453.75
455.78
457.77
460.39
463.29
467.21
471.24
475.16
479.13
483.02
487.05
490.93
494.8
498.95
502.91
506.3
509.63
512.81
515.68
518.97
522.65
526.6
529.92
533.07
536.17
539.14
542.19
545.25
548.17
551.11
554.04
556.96
559.94
563.15
566.42
