0.5
1.04
1.55
2.11
2.62
3.1
3.57
4.05
4.52
5.04
5.64
6.21
6.75
7.33
7.9
8.51
9.09
9.66
10.24
10.76
11.24
11.72
12.19
12.67
13.14
13.68
14.26
14.81
15.33
15.91
16.47
17.07
17.63
18.16
18.74
19.28
19.85
20.44
20.98
21.6
22.24
22.87
23.44
23.97
24.54
25.1
25.62
26.21
26.81
27.38
27.98
28.58
29.11
29.67
30.18
30.75
31.27
31.82
32.36
32.89
33.39
33.94
34.48
34.98
35.5
36.0
36.49
37.0
37.53
38.05
38.53
39.05
39.55
40.07
40.55
41.03
41.54
42.0
42.49
42.98
43.5
43.98
44.42
44.88
45.35
45.83
46.29
46.76
47.25
47.72
48.18
48.65
49.11
49.58
50.05
50.53
51.01
51.49
51.97
52.47
52.94
53.43
53.9
54.37
54.81
55.26
55.68
56.12
56.56
57.02
57.47
57.94
58.41
58.85
59.33
59.77
60.21
60.64
61.09
61.53
61.95
62.4
62.84
63.29
63.71
64.15
64.62
65.09
65.54
66.0
66.47
66.94
67.4
67.88
68.34
68.82
69.28
69.83
70.47
71.07
71.69
72.32
72.97
73.59
74.2
74.87
75.51
76.12
76.78
77.45
78.11
78.83
79.47
80.18
80.83
81.56
82.21
82.91
83.59
84.3
85.01
85.68
86.37
87.08
87.89
88.66
89.31
90.0
90.61
91.18
91.72
92.23
92.77
93.31
93.88
94.39
94.96
95.47
95.98
96.5
97.03
97.55
98.08
98.61
99.12
99.61
100.11
100.59
101.07
101.54
102.01
102.49
102.97
103.45
103.93
104.42
104.89
105.38
105.86
106.33
106.86
107.35
107.86
108.35
108.81
109.33
109.81
110.29
110.8
111.26
111.75
112.28
112.77
113.28
113.75
114.26
114.78
115.27
115.78
116.26
116.76
117.23
117.72
118.21
118.69
119.17
119.66
120.16
120.65
121.15
121.68
122.18
122.69
123.18
123.67
124.2
124.69
125.22
125.71
126.21
126.71
127.19
127.7
128.21
128.72
129.21
129.73
130.24
130.76
131.28
131.78
132.26
132.75
133.25
133.79
134.33
134.87
135.41
135.96
136.52
137.05
137.55
138.08
138.63
139.15
139.67
140.22
140.76
141.28
141.77
142.24
142.72
143.28
143.87
144.45
144.99
145.56
146.16
146.72
147.28
147.82
148.38
148.98
149.56
150.14
150.72
151.28
151.81
152.37
152.95
153.53
154.14
154.73
155.29
155.89
156.49
157.06
157.62
158.2
158.78
159.39
159.96
160.55
161.13
161.68
162.26
162.86
163.44
163.98
164.53
165.1
165.66
166.22
166.75
167.27
167.72
168.18
168.64
169.12
169.58
170.01
170.43
170.87
171.28
171.73
172.15
172.57
173.03
173.45
173.95
174.48
174.97
175.47
175.92
176.37
176.85
177.3
177.77
178.17
178.59
178.98
179.4
179.85
180.28
180.73
181.16
181.66
182.25
182.79
183.43
184.07
184.81
185.57
186.33
187.11
187.95
188.82
189.79
190.74
191.69
192.62
193.62
194.55
195.53
196.48
197.38
198.28
199.25
200.22
201.18
202.1
202.93
203.84
204.71
205.6
206.58
207.5
208.45
209.42
210.39
211.34
212.26
213.18
214.15
215.03
215.94
216.87
217.82
218.74
219.67
220.66
221.6
222.51
223.49
224.46
225.39
226.34
227.26
228.26
229.16
230.09
230.95
231.79
232.7
233.54
234.38
235.25
236.1
237.0
237.86
238.67
239.54
240.44
241.26
242.11
243.03
243.86
244.74
245.58
246.48
247.3
248.24
249.18
250.02
250.82
251.61
252.38
253.23
254.09
254.92
255.76
256.6
257.48
258.38
259.23
260.11
260.97
261.88
262.74
263.65
264.56
265.47
266.33
267.22
268.15
269.04
269.81
270.66
271.47
272.24
273.06
273.82
274.64
275.48
276.34
277.26
278.14
279.04
279.88
280.77
281.66
282.53
283.36
284.21
285.12
286.06
286.93
287.81
288.76
289.61
290.54
291.45
292.38
293.29
294.21
295.2
296.22
297.29
298.28
299.35
300.34
301.28
302.17
303.11
304.02
304.9
305.82
306.77
307.76
308.82
309.76
310.72
311.61
312.58
313.48
314.43
315.32
316.18
317.12
317.98
318.9
319.81
320.67
321.65
322.55
323.48
324.47
325.42
326.36
327.21
328.07
328.95
329.82
330.77
331.67
332.59
333.43
334.32
335.16
336.06
336.94
337.88
338.78
339.69
340.61
341.54
342.52
343.44
344.33
345.15
345.98
346.76
347.59
348.39
349.3
350.12
350.99
351.91
352.73
353.64
354.52
355.34
356.23
357.11
357.97
358.68
359.41
360.18
360.9
361.56
362.29
362.97
363.6
364.22
364.81
365.39
366.02
366.56
367.13
367.67
368.24
368.79
369.39
370.0
370.64
371.25
371.85
372.45
373.06
373.67
374.3
374.89
375.49
376.09
376.69
377.2
377.74
378.28
378.75
379.24
379.72
380.18
380.66
381.14
381.63
382.12
382.6
383.06
383.58
384.07
384.54
385.04
385.52
386.01
386.49
386.98
387.45
387.95
388.41
388.89
389.38
389.87
390.36
390.85
391.32
391.8
392.3
392.82
393.32
393.83
394.3
394.78
395.29
395.76
396.28
396.78
397.29
397.78
398.25
398.76
399.25
399.75
400.25
400.77
401.26
401.76
402.25
402.76
403.22
403.7
404.18
404.68
405.14
405.59
406.02
406.47
406.93
407.39
407.85
408.32
408.77
409.23
409.7
410.17
410.63
411.1
411.57
412.11
412.6
413.15
413.74
414.36
414.95
415.51
416.1
416.79
417.57
418.41
419.21
420.04
420.83
421.72
422.53
423.38
424.21
425.1
425.94
426.77
427.64
428.51
429.39
430.28
431.18
432.22
433.25
434.23
435.2
436.17
437.11
438.05
438.95
439.86
440.73
441.6
442.48
443.38
444.28
445.15
446.08
447.03
447.95
448.84
449.72
450.58
451.51
452.37
453.3
454.28
455.26
456.23
457.26
458.24
459.22
460.23
461.21
462.23
463.21
464.15
465.14
466.2
467.17
468.14
469.18
470.02
470.9
471.83
472.68
473.49
474.38
475.28
476.13
477.04
477.71
478.41
479.04
479.7
480.36
481.03
481.7
482.34
483.01
483.7
484.39
485.06
485.7
486.36
487.05
487.8
488.5
489.18
489.89
490.57
491.31
492.03
492.76
493.47
494.13
494.84
495.57
496.29
496.97
497.64
498.3
498.94
499.57
500.28
500.94
501.61
502.35
503.07
503.79
504.52
505.29
506.01
506.74
507.42
508.16
508.88
509.56
510.27
511.0
511.74
512.46
513.18
513.91
514.63
515.39
516.13
516.86
517.57
