1.02
5.03
8.77
12.66
16.47
20.11
23.43
26.8
30.4
33.93
37.88
41.91
45.83
49.56
53.43
57.01
60.63
64.14
67.88
71.68
75.49
79.2
82.92
86.32
89.31
91.85
94.37
96.87
99.43
102.01
104.56
107.12
109.66
112.04
114.25
116.25
118.2
120.15
122.18
124.19
126.21
128.2
130.24
132.25
134.17
136.03
137.91
139.84
141.76
143.86
146.16
148.37
150.71
152.93
155.29
157.61
159.96
162.25
164.51
166.74
168.62
170.62
172.56
174.49
176.36
178.16
179.84
181.65
183.67
186.33
189.78
193.61
197.37
201.18
205.05
208.88
212.68
216.41
220.15
223.48
226.78
230.4
233.98
237.55
240.84
244.26
247.73
251.04
254.09
257.47
260.96
264.55
268.14
271.47
274.63
278.13
281.65
285.12
288.66
292.37
296.22
300.3
304.01
307.76
311.6
315.32
318.89
322.55
326.35
329.81
333.43
336.94
340.61
344.32
347.58
350.97
354.51
357.97
361.56
365.36
369.38
373.51
377.74
381.63
385.51
389.37
393.32
397.29
401.25
405.05
408.76
412.59
416.5
420.03
423.38
426.76
430.27
433.76
437.1
440.72
444.27
447.84
451.49
455.25
459.21
463.2
466.22
469.17
472.26
475.33
478.4
481.42
484.38
487.04
489.88
492.76
495.56
498.42
501.24
504.32
507.64
