0.22
0.98
1.82
2.62
3.4
4.2
5.01
5.8
6.6
7.42
8.18
8.99
9.82
10.57
11.39
12.15
12.94
13.74
14.55
15.36
16.09
16.83
17.48
18.11
18.75
19.41
20.0
20.57
21.15
21.73
22.33
22.9
23.53
24.12
24.75
25.35
25.94
26.56
27.13
27.75
28.31
28.9
29.5
30.11
30.71
31.39
32.11
32.85
33.61
34.4
35.16
35.93
36.65
37.43
38.21
38.95
39.7
40.45
41.22
41.99
42.96
43.96
44.97
46.05
47.13
48.17
49.24
50.3
51.43
52.53
53.6
54.66
55.71
56.68
57.74
58.66
59.58
60.49
61.39
62.31
63.26
64.27
65.3
66.31
67.35
68.23
69.18
70.13
71.02
71.92
72.83
73.76
74.61
75.47
76.38
77.29
78.15
79.1
79.96
81.0
82.07
83.1
84.23
85.3
86.32
87.33
88.33
89.37
90.31
91.19
91.94
92.67
93.45
94.2
94.98
95.68
96.33
96.99
97.61
98.25
98.88
99.53
100.18
100.81
101.47
102.08
102.72
103.38
104.0
104.64
105.3
105.91
106.42
106.9
107.39
107.88
108.38
108.87
109.36
109.85
110.32
110.81
111.3
111.78
112.24
112.74
113.22
113.73
114.19
114.7
115.16
115.62
116.09
116.58
117.05
117.46
117.9
118.32
118.75
119.19
119.66
120.15
120.62
121.07
121.56
122.01
122.5
122.97
123.42
123.9
124.38
124.83
125.26
125.69
126.14
126.58
127.04
127.5
127.96
128.41
128.85
129.28
129.72
130.18
130.62
131.05
131.52
132.01
132.49
132.98
133.48
133.95
134.43
134.91
135.4
135.86
136.32
136.81
137.33
137.82
138.29
138.82
139.44
140.05
140.66
141.25
141.88
142.54
143.19
143.85
144.52
145.18
145.83
146.45
147.05
147.6
148.18
148.77
149.39
149.98
150.54
151.16
151.74
152.34
152.85
153.42
153.95
154.48
155.02
155.58
156.09
156.66
157.19
157.71
158.24
158.78
159.31
159.82
160.34
160.9
161.48
162.07
162.65
163.25
163.83
164.38
164.98
165.61
166.24
166.97
167.66
168.34
169.04
169.76
170.43
171.1
171.77
172.25
172.73
173.23
173.73
174.21
174.68
175.17
175.68
176.16
176.65
177.1
177.55
177.99
178.45
178.92
179.39
179.87
180.37
180.84
181.29
181.78
182.23
182.68
183.14
183.61
184.08
184.54
184.99
185.44
185.91
186.36
186.79
187.24
187.7
188.18
188.64
189.08
189.53
189.98
190.45
190.9
191.35
191.79
192.24
192.68
193.13
193.57
194.0
194.46
194.87
195.32
195.73
196.18
196.6
197.02
197.48
197.9
198.36
198.8
199.22
199.69
200.16
200.62
201.06
201.51
201.97
202.41
202.86
203.28
203.73
204.17
204.64
205.13
205.58
206.04
206.5
206.94
207.38
207.82
208.28
208.71
209.17
209.63
210.08
210.53
210.98
211.42
211.87
212.31
212.76
213.2
213.65
214.08
214.54
214.98
215.43
215.88
216.32
216.76
217.19
217.65
218.09
218.52
218.98
219.43
219.91
220.35
220.81
221.29
221.77
222.26
222.75
223.22
223.69
224.19
224.65
225.16
225.65
226.11
226.63
227.12
227.58
228.07
228.57
229.06
229.54
230.06
230.53
231.02
231.5
232.01
232.5
232.97
233.42
233.9
234.36
234.84
235.3
235.77
236.25
236.74
237.26
237.74
238.18
238.61
239.04
239.48
239.93
240.36
240.78
241.22
241.64
242.09
242.51
242.95
243.38
243.79
244.21
244.62
245.07
245.49
245.91
246.34
246.79
247.24
247.66
248.06
248.5
248.91
249.32
249.74
250.17
250.6
251.0
251.43
251.91
252.36
252.81
253.29
253.73
254.2
254.67
255.07
255.51
255.93
256.35
256.75
257.18
257.6
258.01
258.46
258.91
259.34
259.78
260.19
260.62
261.03
261.45
261.86
262.27
262.69
263.1
263.52
263.94
264.36
264.8
265.27
265.71
266.16
266.62
267.05
267.5
267.92
268.36
268.82
269.26
269.71
270.14
270.59
271.06
271.51
271.95
272.39
272.85
273.31
273.76
274.19
274.66
275.09
275.55
276.02
276.51
276.98
277.43
277.92
278.37
278.86
279.33
279.8
280.27
280.74
281.2
281.67
282.13
282.6
283.09
283.54
284.02
284.5
284.98
285.47
285.96
286.43
286.9
287.4
287.9
288.4
288.89
289.44
290.01
290.54
291.13
291.69
292.3
292.95
293.66
294.3
295.0
295.66
296.37
297.05
297.76
298.43
299.12
299.79
300.44
301.07
301.75
302.4
303.01
303.72
304.36
305.04
305.73
306.36
307.07
307.71
308.4
309.02
309.66
310.29
310.88
311.4
311.96
312.51
313.04
313.57
314.07
314.61
315.13
315.69
316.26
316.81
317.36
317.87
318.35
318.87
319.45
319.97
320.55
321.07
321.61
322.13
322.65
323.2
323.77
324.37
324.96
325.58
326.17
326.7
327.25
327.82
328.39
328.93
329.51
330.04
330.63
331.16
331.7
332.27
332.72
333.16
333.59
334.04
334.49
334.91
335.35
335.79
336.26
336.72
337.19
337.63
338.05
338.48
338.92
339.37
339.82
340.28
340.71
341.16
341.61
342.08
342.53
342.96
343.4
343.83
344.27
344.71
345.15
345.6
346.03
346.48
346.95
347.4
347.88
348.34
348.78
349.25
349.74
350.21
350.71
351.17
351.65
352.15
352.61
353.09
353.57
354.1
354.6
355.08
355.57
356.07
356.6
357.09
357.55
358.05
358.51
359.0
359.47
359.96
360.45
360.92
361.37
361.82
362.26
362.71
363.13
363.57
364.03
364.47
364.9
365.33
365.77
366.22
366.67
367.12
367.56
368.04
368.48
368.94
369.41
369.88
370.34
370.78
371.26
371.72
372.16
372.62
373.1
373.55
374.0
374.48
374.96
375.46
375.92
376.42
376.9
377.35
377.82
378.27
378.72
379.19
379.64
380.1
380.54
380.98
381.45
381.88
382.32
382.76
383.22
383.66
384.15
384.61
385.07
385.56
386.01
386.5
386.95
387.38
387.83
388.25
388.69
389.13
389.58
390.05
390.5
390.93
391.39
391.83
392.3
392.75
393.18
393.65
394.1
394.55
394.99
395.44
395.88
396.33
396.8
397.28
397.75
398.22
398.67
399.08
399.52
399.95
400.44
400.96
401.43
401.91
402.42
402.9
403.4
403.86
404.35
404.82
405.33
405.81
406.28
406.77
407.29
407.8
408.29
408.8
409.27
409.76
410.22
410.71
411.2
411.72
412.22
412.75
413.26
413.77
414.3
414.84
415.31
415.78
416.26
416.75
417.26
417.73
418.21
418.69
419.18
419.64
420.08
420.49
420.92
421.37
421.8
422.21
422.64
423.09
423.52
423.94
424.34
424.76
425.19
425.63
426.04
426.48
426.91
427.32
427.73
428.15
428.57
429.01
429.43
429.83
430.25
430.67
431.08
431.49
431.89
432.32
432.71
433.12
433.53
433.97
434.37
434.81
435.21
435.63
436.05
436.48
436.92
437.36
437.79
438.21
438.63
439.06
439.5
439.94
440.4
440.84
441.27
441.7
442.16
442.58
443.02
443.47
443.9
444.36
444.78
445.24
445.66
446.1
446.52
446.95
447.36
447.77
448.18
448.6
448.99
449.41
449.82
450.22
450.65
451.1
451.55
452.01
452.45
452.99
453.61
454.27
454.88
455.51
456.14
456.78
457.39
458.05
458.65
459.34
460.0
460.71
461.49
462.23
462.97
463.7
464.41
465.22
465.98
466.86
467.67
468.5
469.33
470.14
470.93
471.75
472.7
473.66
474.59
475.43
476.23
477.0
477.84
478.63
479.45
480.3
481.15
481.91
482.71
483.52
484.34
485.15
485.93
486.63
487.26
487.9
488.54
489.23
489.84
490.51
491.17
491.75
492.37
493.04
493.74
494.43
495.13
495.78
496.46
497.15
497.84
498.54
499.2
499.89
500.56
501.19
501.93
502.66
503.38
504.12
504.9
505.7
506.44
507.2
507.91
508.7
509.43
510.16
510.95
511.74
512.5
513.19
513.86
514.61
515.42
516.19
516.95
517.73
518.55
519.34
520.14
520.89
521.73
522.52
523.29
524.13
524.9
