3.4
6.55
9.45
11.99
14.33
16.83
19.38
21.72
24.11
26.55
28.89
31.59
34.64
37.84
41.22
44.96
49.23
52.96
56.67
60.48
64.26
68.23
71.92
75.46
79.09
83.1
87.36
91.18
94.19
97.01
99.52
102.07
104.66
107.23
109.36
111.3
113.22
115.16
117.04
118.75
120.62
122.5
124.38
126.13
127.96
129.71
131.52
133.48
135.39
137.32
139.43
141.88
144.52
147.05
149.36
151.74
153.94
156.07
158.23
160.33
162.64
165.03
167.66
170.43
172.72
174.67
176.64
178.44
180.33
182.23
184.07
185.91
187.72
189.52
191.34
193.12
195.0
196.84
198.73
200.61
202.4
204.17
206.03
207.81
209.62
211.41
213.2
214.97
216.75
218.51
220.34
222.25
224.18
226.17
228.07
230.05
232.0
233.89
235.77
237.73
239.47
241.21
242.94
244.62
246.33
248.05
249.73
251.41
253.29
255.74
258.75
261.85
265.26
268.91
272.39
276.01
279.87
283.51
287.4
290.6
293.66
297.35
300.78
304.36
308.05
311.95
316.29
320.55
324.77
328.08
331.64
335.35
338.92
342.53
346.01
349.73
353.56
357.55
361.36
364.56
367.32
369.87
372.75
375.87
378.86
381.87
384.9
388.25
391.78
395.44
399.08
402.89
406.76
410.7
414.84
418.66
422.2
425.62
429.0
432.32
435.66
439.21
442.57
446.09
449.41
452.97
456.76
460.49
464.18
467.66
470.92
473.98
477.0
480.29
483.52
486.34
488.87
491.61
494.43
497.15
499.89
502.65
505.7
508.69
511.8
514.6
517.73
