1.56
3.83
6.19
8.7
11.22
13.76
16.19
18.85
21.66
24.54
27.67
31.38
35.33
39.71
43.97
48.35
52.34
55.53
58.38
60.82
63.27
65.19
67.02
68.87
70.81
72.72
74.73
76.76
78.68
80.82
83.4
86.23
88.93
91.59
94.09
96.53
98.54
100.53
102.63
104.68
106.78
108.86
110.94
113.08
115.17
117.33
119.45
121.36
123.32
125.33
127.48
129.41
131.41
133.41
135.41
137.52
139.67
141.98
144.47
147.19
150.02
152.4
154.7
157.22
159.78
162.22
164.85
167.9
171.01
174.48
177.27
179.57
181.62
183.65
185.66
187.85
189.89
191.87
193.87
195.99
198.11
200.11
202.03
204.09
206.19
208.3
210.26
212.12
213.96
215.9
217.73
219.59
221.49
223.41
225.34
227.28
229.26
231.24
233.55
236.16
238.85
242.12
246.1
250.05
253.89
257.64
261.27
265.01
268.24
271.75
275.42
279.12
282.79
286.24
290.05
294.18
298.02
301.94
305.38
309.15
312.97
316.75
320.3
323.79
327.73
331.92
336.28
340.39
344.16
347.61
351.19
354.87
358.61
362.48
366.36
369.57
372.27
374.89
377.57
380.29
383.09
385.93
388.89
391.8
394.5
397.2
399.83
401.9
403.98
406.12
408.03
409.97
411.94
414.04
416.08
418.06
420.05
422.0
424.1
426.25
428.56
430.86
433.0
435.17
437.3
439.41
441.48
443.81
446.13
448.07
449.99
451.89
453.76
455.61
457.47
459.57
461.66
463.76
465.8
467.83
469.83
471.86
473.74
475.66
477.5
479.43
481.33
483.28
485.24
487.27
489.73
492.62
495.7
498.8
502.07
505.3
508.91
512.59
515.83
518.01
519.9
521.66
523.34
525.02
526.7
528.37
530.0
531.75
533.43
535.15
536.92
538.59
540.2
541.8
543.45
545.06
546.61
548.29
550.03
552.07
554.07
556.18
558.38
560.64
