0.45
1.01
1.57
2.13
2.73
3.3
3.83
4.38
4.92
5.55
6.2
6.82
7.47
8.07
8.71
9.3
9.86
10.44
11.04
11.63
12.18
12.79
13.33
13.87
14.39
14.94
15.54
16.19
16.82
17.46
18.14
18.85
19.51
20.24
20.89
21.62
22.41
23.4
24.39
25.41
26.37
27.31
28.42
29.44
30.44
31.38
32.34
33.36
34.32
35.33
36.47
37.52
38.63
39.71
40.61
41.55
42.42
43.33
44.34
45.34
46.35
47.43
48.46
49.55
50.64
51.63
52.6
53.61
54.32
55.08
55.81
56.51
57.16
57.78
58.38
59.0
59.63
60.24
60.82
61.45
62.05
62.66
63.28
63.76
64.24
64.72
65.2
65.66
66.12
66.57
67.03
67.51
67.96
68.42
68.87
69.34
69.8
70.28
70.8
71.29
71.77
72.25
72.73
73.23
73.73
74.25
74.74
75.24
75.72
76.23
76.77
77.26
77.74
78.2
78.68
79.17
79.66
80.01
80.4
80.74
81.06
81.4
81.73
82.04
82.37
82.71
83.07
83.41
83.79
84.15
84.48
84.84
85.2
85.55
85.89
86.23
86.55
86.91
87.23
87.57
87.91
88.26
88.59
88.93
89.29
89.62
89.95
90.27
90.59
90.93
91.25
91.6
91.91
92.26
92.63
93.04
93.43
93.8
94.19
94.6
94.99
95.38
95.76
96.14
96.53
96.95
97.33
97.75
98.13
98.54
98.95
99.35
99.74
100.13
100.53
100.93
101.32
101.72
102.1
102.48
102.89
103.28
103.65
104.06
104.43
104.82
105.21
105.62
106.01
106.38
106.79
107.13
107.48
107.82
108.18
108.52
108.87
109.21
109.56
109.91
110.24
110.59
110.95
111.3
111.66
112.01
112.36
112.72
113.09
113.43
113.79
114.13
114.49
114.85
115.18
115.54
115.9
116.24
116.6
116.99
117.39
117.76
118.17
118.54
118.97
119.46
119.93
120.4
120.9
121.37
121.84
122.33
122.84
123.33
123.84
124.35
124.85
125.33
125.83
126.33
126.83
127.32
127.85
128.35
128.83
129.36
129.88
130.36
130.89
131.41
131.93
132.45
132.91
133.41
133.87
134.36
134.87
135.41
135.93
136.45
136.99
137.52
138.03
138.57
139.12
139.67
140.2
140.75
141.39
142.0
142.58
143.21
143.84
144.47
145.04
145.61
146.17
146.72
147.32
147.91
148.49
149.04
149.61
150.21
150.75
151.31
151.84
152.41
152.94
153.49
154.06
154.7
155.31
155.92
156.57
157.23
157.84
158.48
159.12
159.78
160.36
160.96
161.59
162.24
162.87
163.51
164.15
164.81
165.38
165.98
166.57
167.11
167.64
168.19
168.74
169.29
169.88
170.43
171.01
171.58
172.15
172.73
173.3
173.91
174.48
175.02
175.58
176.14
176.69
177.28
177.87
178.43
179.04
179.58
180.08
180.62
181.1
181.62
182.14
182.65
183.17
183.66
184.14
184.64
185.14
185.67
186.2
186.72
187.26
187.83
188.38
188.92
189.41
189.9
190.39
190.9
191.4
191.88
192.39
192.87
193.36
193.87
194.36
194.86
195.41
195.95
196.55
197.12
197.6
198.11
198.59
199.1
199.59
200.12
200.6
201.08
201.55
202.03
202.52
203.01
203.56
204.09
204.59
205.15
205.67
206.19
206.68
207.13
207.58
208.01
208.48
208.91
209.38
209.82
210.28
210.74
211.2
211.68
212.12
212.6
213.05
213.51
213.97
214.46
214.94
215.42
215.91
216.36
216.83
217.27
217.73
218.21
218.68
219.14
219.6
220.08
220.55
221.01
221.5
221.99
222.46
222.95
223.41
223.9
224.37
224.86
225.35
225.83
226.29
226.79
227.28
227.79
228.28
228.79
229.27
229.76
230.24
230.76
231.24
231.77
232.26
232.73
233.2
233.7
234.17
234.66
235.15
235.67
236.16
236.68
237.17
237.65
238.15
238.64
239.1
239.59
240.07
240.61
241.11
241.61
242.12
242.64
243.14
243.64
244.16
244.64
245.11
245.61
246.11
246.59
247.08
247.6
248.11
248.6
249.07
249.56
250.05
250.54
251.03
251.53
252.01
252.47
252.94
253.41
253.89
254.36
254.83
255.31
255.8
256.28
256.72
257.18
257.65
258.11
258.56
259.03
259.5
259.94
260.37
260.8
261.28
261.74
262.18
262.65
263.13
263.61
264.06
264.53
265.02
265.49
265.94
266.4
266.88
267.31
267.78
268.21
268.67
269.12
269.54
269.98
270.43
270.86
271.31
271.75
272.21
272.67
273.14
273.59
274.04
274.5
274.97
275.43
275.89
276.35
276.82
277.28
277.75
278.21
278.67
279.13
279.61
280.06
280.53
280.97
281.45
281.9
282.37
282.8
283.25
283.68
284.12
284.55
284.99
285.43
285.89
286.33
286.75
287.19
287.66
288.11
288.59
289.07
289.56
290.05
290.54
291.06
291.59
292.15
292.65
293.16
293.67
294.19
294.68
295.15
295.63
296.13
296.61
297.09
297.55
298.03
298.53
299.01
299.49
299.96
300.44
300.95
301.44
301.95
302.48
302.97
303.43
303.92
304.44
304.9
305.38
305.85
306.32
306.79
307.25
307.74
308.21
308.68
309.16
309.66
310.13
310.6
311.06
311.55
312.0
312.49
312.97
313.45
313.92
314.42
314.88
315.36
315.81
316.28
316.75
317.24
317.71
318.16
318.63
319.21
319.73
320.3
320.88
321.46
322.02
322.57
323.16
323.71
324.31
324.85
325.45
325.99
326.59
327.13
327.73
328.25
328.77
329.31
329.86
330.36
330.9
331.39
331.92
332.47
333.02
333.57
334.08
334.65
335.18
335.71
336.29
336.93
337.61
338.27
338.94
339.57
340.24
340.86
341.49
342.15
342.83
343.49
344.16
344.72
345.29
345.87
346.47
347.05
347.61
348.06
348.51
348.94
349.39
349.85
350.3
350.76
351.2
351.66
352.15
352.62
353.06
353.52
353.96
354.41
354.88
355.34
355.81
356.27
356.71
357.19
357.65
358.15
358.61
359.11
359.59
360.07
360.53
361.02
361.49
362.0
362.49
362.96
363.44
363.95
364.48
364.99
365.55
366.05
366.61
367.16
367.67
368.21
368.78
369.29
369.86
370.39
370.89
371.4
371.9
372.41
372.94
373.44
373.9
374.39
374.9
375.39
375.91
376.39
376.92
377.41
377.88
378.39
378.88
379.38
379.89
380.4
380.89
381.37
381.88
382.36
382.83
383.36
383.84
384.35
384.89
385.37
385.91
386.41
386.93
387.43
387.95
388.43
388.96
389.51
390.01
390.56
391.08
391.6
392.15
392.67
393.2
393.68
394.18
394.67
395.19
395.69
396.18
396.69
397.2
397.71
398.25
398.78
399.31
399.83
400.37
400.89
401.42
401.91
402.45
402.96
403.49
403.99
404.51
405.07
405.59
406.12
406.65
407.12
407.58
408.04
408.51
408.99
409.5
409.98
410.47
410.96
411.47
411.95
412.45
412.95
413.47
413.99
414.55
415.08
415.6
416.08
416.56
417.06
417.56
418.07
418.57
419.07
419.58
420.05
420.5
420.98
421.48
422.0
422.53
423.05
423.58
424.11
424.61
425.15
425.7
426.25
426.77
427.36
427.98
428.56
429.19
429.75
430.28
430.86
431.42
431.95
432.46
433.0
433.53
434.05
434.6
435.17
435.7
436.27
436.78
437.32
437.85
438.36
438.88
439.41
439.92
440.46
440.97
441.49
442.06
442.62
443.17
443.66
444.14
444.67
445.17
445.65
446.13
446.6
447.08
447.57
448.07
448.58
449.07
449.52
450.0
450.46
450.95
451.42
451.89
452.37
452.85
453.3
453.77
454.26
454.72
455.17
455.63
456.11
456.57
457.02
457.48
458.02
458.52
459.07
459.58
460.11
460.63
461.15
461.66
462.18
462.68
463.21
463.76
464.3
464.78
465.3
465.81
466.29
466.81
467.31
467.84
468.36
468.84
469.36
469.84
470.35
470.83
471.36
471.86
472.34
472.8
473.26
473.74
474.2
474.68
475.17
475.66
476.13
476.61
477.06
477.5
477.91
478.36
478.77
479.2
479.64
480.08
480.5
480.93
481.35
481.82
482.29
482.73
483.23
483.76
484.26
484.76
485.25
485.75
486.24
486.73
487.28
487.82
488.33
488.86
489.38
489.95
490.49
491.12
491.78
492.38
493.03
493.64
494.27
494.92
495.55
496.18
496.77
497.41
498.02
498.8
499.56
500.36
501.21
502.03
502.9
503.7
504.51
505.31
506.11
507.03
508.0
508.92
509.81
510.72
511.69
512.59
513.44
514.22
515.03
515.83
516.66
517.42
518.26
519.02
519.91
520.81
521.66
522.49
523.36
524.2
525.02
525.85
526.7
527.57
528.37
529.21
530.0
530.87
531.75
532.62
533.43
534.32
535.15
535.99
536.92
537.8
538.59
539.39
540.22
541.01
541.8
542.66
543.45
544.26
545.07
545.85
546.62
547.39
548.16
549.01
550.04
551.05
552.08
553.08
554.07
555.11
556.18
557.24
558.28
559.34
560.31
561.26
562.19
563.16
564.14
565.11
566.04
566.98
567.97
