0.4
1.03
1.62
2.23
2.87
3.47
4.05
4.66
5.25
5.87
6.5
7.11
7.72
8.33
8.91
9.56
10.16
10.78
11.42
12.01
12.63
13.25
13.9
14.52
15.12
15.73
16.36
17.07
17.73
18.37
18.97
19.62
20.23
20.86
21.49
22.13
22.76
23.35
23.94
24.53
25.16
25.84
26.51
27.22
27.9
28.59
29.29
30.04
30.75
31.46
32.23
32.96
33.71
34.5
35.22
35.94
36.64
37.28
37.94
38.62
39.27
39.91
40.58
41.28
41.86
42.46
43.07
43.69
44.26
44.89
45.45
46.04
46.66
47.21
47.8
48.37
48.94
49.48
50.07
50.63
51.19
51.78
52.29
52.8
53.32
53.83
54.31
54.82
55.33
55.86
56.38
56.92
57.4
57.85
58.34
58.79
59.28
59.73
60.22
60.69
61.17
61.66
62.15
62.61
63.1
63.57
64.07
64.54
65.03
65.53
66.03
66.52
67.02
67.48
67.96
68.42
68.91
69.4
69.87
70.34
70.82
71.31
71.78
72.28
72.74
73.23
73.72
74.19
74.68
75.17
75.68
76.2
76.69
77.17
77.65
78.15
78.68
79.16
79.71
80.23
80.75
81.25
81.78
82.36
82.92
83.52
84.08
84.72
85.33
86.02
86.81
87.58
88.38
89.12
89.92
90.66
91.43
92.22
92.98
93.78
94.5
95.26
96.06
96.84
97.62
98.4
99.15
99.95
100.66
101.4
102.14
102.93
103.64
104.4
105.18
105.82
106.51
107.18
107.88
108.55
109.26
109.94
110.6
111.29
111.97
112.64
113.31
114.01
114.53
115.07
115.58
116.12
116.64
117.15
117.69
118.21
118.71
119.25
119.75
120.27
120.76
121.27
121.75
122.26
122.75
123.23
123.71
124.18
124.65
125.11
125.62
126.15
126.67
127.2
127.68
128.2
128.67
129.18
129.66
130.17
130.67
131.16
131.65
132.13
132.61
133.09
133.58
134.08
134.58
135.09
135.61
136.13
136.66
137.16
137.68
138.22
138.73
139.29
139.8
140.33
140.9
141.46
142.0
142.53
143.08
143.64
144.17
144.71
145.27
145.78
146.34
146.88
147.63
148.3
149.02
149.75
150.5
151.18
151.9
152.64
153.27
153.93
154.52
155.13
155.71
156.3
156.93
157.59
158.22
158.85
159.48
160.09
160.74
161.34
161.97
162.63
163.23
163.87
164.49
165.06
165.69
166.28
166.86
167.46
168.06
168.68
169.3
169.89
170.5
171.13
171.73
172.32
172.95
173.54
174.18
174.81
175.43
176.1
176.84
177.56
178.32
179.11
179.86
180.64
181.35
182.01
182.69
183.3
183.97
184.53
185.04
185.52
186.03
186.56
187.06
187.58
188.13
188.69
189.22
189.74
190.24
190.74
191.25
191.73
192.26
192.8
193.32
193.84
194.33
194.84
195.31
195.83
196.36
196.92
197.46
197.96
198.43
198.91
199.39
199.87
200.38
200.9
201.39
201.9
202.38
202.87
203.34
203.84
204.33
204.87
205.38
205.87
206.35
206.84
207.31
207.81
208.32
208.83
209.33
209.8
210.3
210.77
211.25
211.73
212.21
212.7
213.17
213.67
214.15
214.62
215.11
215.58
216.07
216.56
217.06
217.54
218.03
218.55
219.08
219.58
220.05
220.53
221.03
221.47
221.95
222.39
222.84
223.3
223.75
224.19
224.61
225.06
225.51
225.95
226.39
226.88
227.36
227.84
228.31
228.8
229.27
229.78
230.27
230.75
231.26
231.77
232.24
232.72
233.23
233.72
234.21
234.7
235.19
235.69
236.18
236.7
237.18
237.7
238.2
238.76
239.26
239.81
240.39
240.94
241.47
242.02
242.59
243.12
243.71
244.26
244.81
245.39
245.95
246.57
247.13
247.75
248.33
248.9
249.49
250.1
250.63
251.15
251.67
252.18
252.68
253.18
253.71
254.21
254.7
255.23
255.7
256.21
256.73
257.23
257.72
258.18
258.67
259.18
259.65
260.17
260.63
261.14
261.62
262.14
262.63
263.13
263.61
264.09
264.55
265.04
265.51
265.99
266.49
266.97
267.43
267.91
268.41
268.87
269.33
269.8
270.29
270.74
271.21
271.69
272.19
272.65
273.13
273.63
274.1
274.59
275.06
275.53
276.0
276.47
276.92
277.36
277.8
278.25
278.72
279.19
279.65
280.13
280.61
281.1
281.58
282.06
282.53
283.03
283.49
283.97
284.45
284.94
285.43
285.9
286.37
286.88
287.39
287.88
288.38
288.88
289.39
289.87
290.39
290.88
291.4
291.88
292.4
292.89
293.4
293.89
294.43
294.96
295.52
296.03
296.6
297.14
297.7
298.22
298.8
299.33
299.87
300.44
300.97
301.52
302.09
302.62
303.17
303.75
304.27
304.8
305.31
305.84
306.4
306.93
307.45
308.01
308.53
309.1
309.62
310.17
310.76
311.31
311.86
312.43
312.94
313.43
313.9
314.4
314.86
315.36
315.85
316.35
316.81
317.34
317.82
318.32
318.83
319.36
319.87
320.44
321.04
321.6
322.21
322.86
323.46
324.14
324.81
325.48
326.16
326.78
327.41
328.05
328.72
329.32
329.92
330.5
331.11
331.73
332.29
332.91
333.45
334.01
334.59
335.13
335.71
336.24
336.8
337.39
337.97
338.53
339.08
339.69
340.24
340.84
341.43
341.98
342.56
343.16
343.78
344.38
344.95
345.58
346.19
346.81
347.4
348.01
348.57
349.16
349.76
350.37
350.92
351.5
352.09
352.63
353.14
353.65
354.18
354.67
355.21
355.69
356.22
356.67
357.14
357.58
358.02
358.49
358.92
359.37
359.84
360.28
360.73
361.18
361.63
362.11
362.59
363.1
363.6
364.08
364.57
365.04
365.5
365.95
366.36
366.79
367.24
367.66
368.15
368.62
369.1
369.63
370.14
370.65
371.12
371.59
372.04
372.52
373.05
373.57
374.06
374.58
375.05
375.55
376.07
376.57
377.02
377.49
377.98
378.43
378.9
379.38
379.84
380.33
380.86
381.36
381.87
382.36
382.88
383.43
383.99
384.54
385.1
385.69
386.23
386.74
387.31
387.84
388.38
388.9
389.46
390.02
390.72
391.36
392.0
392.68
393.34
394.01
394.62
395.25
395.89
396.51
397.17
397.79
398.37
398.92
399.5
400.1
400.66
401.25
401.85
402.4
402.98
403.58
404.12
404.67
405.24
405.81
406.35
406.85
407.38
407.91
408.46
408.97
409.45
409.97
410.46
410.96
411.47
411.94
412.42
412.87
413.36
413.81
414.28
414.79
415.31
415.79
416.3
416.78
417.31
417.81
418.31
418.79
419.3
419.79
420.29
420.75
421.22
421.69
422.15
422.65
423.17
423.66
424.17
424.65
425.18
425.67
426.17
426.64
427.15
427.63
428.11
428.6
429.06
429.55
430.04
430.53
431.04
431.54
432.03
432.56
433.06
433.56
434.09
434.58
435.1
435.62
436.17
436.69
437.23
437.78
438.32
438.84
439.37
439.91
440.4
440.92
441.47
441.97
442.44
442.97
443.45
443.96
444.47
444.96
445.43
445.91
446.42
446.91
447.42
447.95
448.5
449.08
449.6
450.18
450.72
451.24
451.77
452.28
452.83
453.34
453.89
454.4
454.95
455.48
456.03
456.58
457.17
457.7
458.26
458.84
459.34
459.87
460.35
460.86
461.34
461.86
462.37
462.87
463.34
463.87
464.33
464.84
465.31
465.81
466.31
466.79
467.26
467.75
468.23
468.71
469.18
469.68
470.17
470.65
471.12
471.61
472.09
472.6
473.15
473.65
474.18
474.65
475.15
475.61
476.07
476.52
476.97
477.43
477.89
478.35
478.82
479.27
479.72
480.19
480.63
481.09
481.52
481.98
482.46
482.94
483.42
483.9
484.37
484.86
485.38
485.87
486.34
486.81
487.29
487.77
488.27
488.77
489.25
489.75
490.24
490.75
491.25
491.77
492.29
492.8
493.3
493.84
494.37
494.87
495.4
495.96
496.47
497.09
497.74
498.35
498.94
499.57
500.16
500.8
501.38
502.0
502.62
503.28
503.93
504.54
505.21
505.83
506.48
507.14
507.8
508.55
509.23
509.97
510.71
511.39
512.14
512.93
513.67
514.4
515.12
515.86
516.61
517.34
518.1
518.82
519.57
520.29
520.99
521.72
522.47
523.2
523.89
524.57
525.27
525.94
526.62
527.36
528.04
528.74
529.47
530.17
530.87
531.57
532.29
532.98
533.72
534.42
535.1
535.8
536.54
537.24
537.99
538.66
539.37
540.06
540.8
541.51
542.2
542.91
543.61
544.3
545.08
545.81
546.54
547.23
547.93
548.65
549.44
550.21
550.92
551.67
552.38
553.1
553.86
554.61
555.45
556.31
557.27
558.28
559.23
560.18
561.16
562.1
563.03
564.03
564.99
565.96
566.87
567.87
568.84
