3.47
6.69
9.53
12.02
14.52
17.11
19.61
22.13
24.52
27.21
31.03
34.49
37.76
41.28
45.26
49.48
53.21
56.92
60.88
65.02
68.91
72.73
76.69
80.62
84.3
87.58
90.59
93.49
96.05
99.3
102.36
105.42
108.55
111.28
114.01
116.63
118.7
120.75
122.75
124.64
126.66
128.67
130.66
132.6
134.58
136.63
138.44
140.33
142.53
144.71
147.62
150.51
153.93
157.3
160.5
163.86
167.6
171.23
174.18
176.84
179.43
182.01
184.52
186.55
188.68
190.73
192.79
194.83
196.92
198.91
200.89
202.86
204.86
206.83
208.83
210.77
212.69
214.62
216.56
218.55
220.53
222.38
224.17
225.95
227.84
229.77
231.77
233.71
235.69
237.98
240.61
243.09
245.4
247.75
250.09
252.18
254.21
256.21
258.21
260.16
262.13
264.08
265.98
267.9
269.79
271.68
273.62
275.53
277.36
279.19
281.1
283.02
284.93
286.87
288.88
290.87
292.88
294.85
296.93
299.55
303.11
307.45
311.51
315.35
319.36
323.45
327.41
331.11
334.95
339.06
343.16
347.24
351.34
355.06
358.88
362.57
366.42
370.14
374.06
378.22
382.21
385.84
389.22
392.98
396.51
399.7
402.84
405.81
408.6
411.29
413.79
415.78
417.8
419.79
421.68
423.66
425.67
427.62
429.54
431.54
433.56
435.61
437.78
439.91
441.94
443.95
445.89
447.95
450.18
452.28
454.39
456.42
458.35
460.34
462.36
464.32
466.31
468.23
470.17
472.09
474.18
476.07
477.86
479.7
481.51
483.41
485.38
487.28
489.24
491.34
493.64
496.09
498.35
500.45
502.51
504.6
507.14
509.97
512.88
516.15
519.57
522.47
525.7
528.73
531.56
534.41
537.24
540.06
542.9
545.8
548.65
551.36
554.2
557.77
562.09
