1.41
3.55
5.54
7.46
9.4
11.38
13.33
15.3
17.2
19.11
21.03
22.95
24.82
26.74
28.65
30.58
32.53
34.44
36.32
38.3
40.29
42.64
45.07
47.72
50.54
53.28
56.08
58.99
62.8
66.68
70.91
75.12
78.4
81.52
84.25
86.32
88.29
90.24
92.36
94.43
96.4
98.45
100.4
102.23
104.08
106.0
107.95
109.88
111.91
114.12
116.05
117.91
119.77
121.66
123.52
125.4
127.29
129.19
131.07
133.03
135.02
137.0
138.99
140.98
143.07
145.29
147.23
149.45
151.68
153.69
155.95
157.89
159.82
161.79
163.84
165.77
167.83
169.77
171.67
173.64
175.57
177.33
179.14
181.04
182.97
184.88
186.81
188.65
190.44
192.08
193.71
195.38
197.09
198.89
201.07
203.16
205.5
207.76
209.7
211.55
213.31
215.13
216.98
218.93
220.92
222.84
224.76
226.68
228.59
230.48
232.41
234.32
236.26
238.64
240.92
243.0
244.96
246.91
248.96
251.01
253.43
256.53
259.69
262.79
265.94
269.21
272.72
277.03
281.25
285.11
288.99
