0.47
0.95
1.41
1.9
2.45
2.98
3.55
4.07
4.56
5.05
5.54
6.02
6.51
6.98
7.47
7.95
8.43
8.92
9.4
9.89
10.38
10.87
11.38
11.88
12.35
12.84
13.33
13.82
14.3
14.8
15.31
15.79
16.26
16.73
17.21
17.68
18.16
18.64
19.11
19.59
20.07
20.54
21.03
21.52
22.01
22.48
22.96
23.44
23.91
24.36
24.83
25.3
25.78
26.25
26.74
27.22
27.69
28.17
28.65
29.13
29.61
30.1
30.58
31.05
31.53
32.03
32.53
33.01
33.48
33.96
34.44
34.92
35.38
35.84
36.31
36.79
37.28
37.8
38.3
38.79
39.29
39.78
40.29
40.8
41.26
41.76
42.24
42.7
43.2
43.66
44.15
44.67
45.13
45.67
46.2
46.71
47.21
47.73
48.28
48.83
49.4
49.98
50.51
51.07
51.66
52.22
52.78
53.34
53.91
54.51
55.01
55.54
56.08
56.6
57.13
57.69
58.22
58.74
59.24
59.72
60.23
60.74
61.24
61.78
62.31
62.81
63.3
63.8
64.29
64.79
65.26
65.73
66.22
66.69
67.18
67.65
68.13
68.62
69.09
69.58
70.11
70.67
71.24
71.77
72.31
72.88
73.44
73.96
74.54
75.09
75.62
76.17
76.75
77.33
77.9
78.48
79.02
79.62
80.18
80.76
81.35
81.92
82.53
83.08
83.69
84.25
84.84
85.35
85.86
86.33
86.83
87.32
87.81
88.3
88.78
89.27
89.75
90.25
90.77
91.31
91.82
92.36
92.88
93.44
93.91
94.44
94.93
95.42
95.92
96.41
96.92
97.42
97.93
98.45
98.96
99.46
99.96
100.46
101.03
101.54
102.12
102.69
103.22
103.78
104.34
104.89
105.43
106.0
106.51
107.0
107.48
107.95
108.43
108.91
109.39
109.89
110.35
110.83
111.32
111.79
112.29
112.74
113.23
113.68
114.17
114.62
115.09
115.56
116.04
116.51
116.98
117.45
117.91
118.38
118.83
119.3
119.77
120.24
120.7
121.19
121.66
122.12
122.59
123.05
123.52
124.01
124.48
124.95
125.41
125.88
126.35
126.83
127.3
127.77
128.25
128.73
129.19
129.68
130.15
130.62
131.07
131.58
132.06
132.54
133.04
133.53
134.01
134.54
135.02
135.52
136.02
136.5
137.0
137.49
137.99
138.5
138.99
139.49
140.0
140.48
140.98
141.48
141.98
142.53
143.05
143.55
144.04
144.57
145.04
145.54
146.02
146.49
146.97
147.46
147.93
148.45
148.91
149.46
150.0
150.55
151.12
151.68
152.15
152.63
153.12
153.7
154.31
154.86
155.46
155.95
156.43
156.92
157.41
157.9
158.38
158.86
159.34
159.83
160.32
160.81
161.29
161.8
162.31
162.85
163.36
163.84
164.32
164.81
165.29
165.78
166.3
166.85
167.36
167.84
168.31
168.79
169.27
169.77
170.25
170.73
171.2
171.67
172.15
172.66
173.15
173.64
174.11
174.61
175.11
175.61
176.16
176.7
177.22
177.71
178.19
178.68
179.14
179.61
180.08
180.56
181.03
181.53
182.01
182.51
182.98
183.48
183.94
184.41
184.85
185.31
185.73
186.18
186.63
187.04
187.47
187.9
188.32
188.76
189.16
189.58
190.02
190.44
190.84
191.27
191.68
192.08
192.51
192.9
193.31
193.72
194.14
194.56
194.98
195.38
195.81
196.26
196.69
197.1
197.55
197.96
198.41
198.9
199.44
200.0
200.51
201.08
201.61
202.12
202.64
203.17
203.74
204.32
204.91
205.51
206.09
206.66
207.2
207.77
208.29
208.78
209.23
209.7
210.17
210.66
211.12
211.55
211.99
212.44
212.87
213.31
213.76
214.23
214.66
215.14
215.58
216.05
216.5
216.99
217.45
217.92
218.44
218.94
219.45
219.95
220.44
220.92
221.41
221.88
222.37
222.84
223.34
223.8
224.29
224.76
225.24
225.73
226.22
226.69
227.17
227.64
228.12
228.59
229.06
229.53
230.02
230.49
230.98
231.44
231.92
232.42
232.9
233.36
233.84
234.33
234.82
235.3
235.78
236.27
236.74
237.23
237.7
238.17
238.65
239.12
239.59
240.06
240.54
241.06
241.52
242.01
242.51
243.01
243.5
243.98
244.49
244.96
245.46
245.96
246.42
246.91
247.42
247.9
248.41
248.96
249.48
249.98
250.49
251.02
251.54
252.06
252.71
253.45
254.26
255.03
255.79
256.54
257.3
258.11
258.89
259.69
260.48
261.26
262.05
262.8
263.6
264.4
265.17
265.95
266.8
267.56
268.41
269.21
270.03
270.85
271.67
272.72
273.85
274.92
276.02
277.04
278.12
279.13
280.24
281.26
282.2
283.24
284.19
285.11
286.12
287.06
288.0
289.0
289.83
290.76
291.61
292.47
293.39
