0.17
0.6
1.03
1.46
1.88
2.32
2.77
3.2
3.64
4.1
4.55
4.98
5.43
5.89
6.33
6.77
7.21
7.67
8.11
8.55
8.99
9.45
9.89
10.34
10.79
11.26
11.71
12.18
12.62
13.08
13.54
14.0
14.46
14.92
15.38
15.81
16.26
16.72
17.15
17.6
18.04
18.49
18.92
19.38
19.84
20.29
20.74
21.19
21.65
22.11
22.57
23.03
23.5
23.97
24.42
24.87
25.33
25.81
26.26
26.72
27.17
27.61
28.09
28.54
28.99
29.45
29.92
30.39
30.84
31.3
31.76
32.23
32.68
33.13
33.59
34.06
34.53
34.98
35.43
35.91
36.37
36.84
37.3
37.79
38.23
38.69
39.16
39.63
40.09
40.57
41.08
41.62
42.13
42.6
43.07
43.56
44.04
44.51
44.97
45.45
45.93
46.39
46.85
47.32
47.79
48.26
48.76
49.24
49.72
50.2
50.68
51.16
51.62
52.1
52.59
53.07
53.55
54.02
54.5
54.97
55.43
55.9
56.38
56.86
57.33
57.8
58.25
58.72
59.2
59.67
60.15
60.63
61.1
61.57
62.04
62.53
62.99
63.45
63.94
64.43
64.9
65.38
65.84
66.31
66.8
67.27
67.77
68.25
68.72
69.19
69.67
70.15
70.63
71.15
71.69
72.22
72.72
73.18
73.68
74.18
74.65
75.13
75.61
76.11
76.59
77.07
77.53
78.03
78.51
79.0
79.49
80.0
80.47
80.95
81.43
81.91
82.39
82.88
83.37
83.86
84.34
84.82
85.28
85.77
86.25
86.77
87.32
87.85
88.39
88.92
89.41
89.9
90.41
90.9
91.39
91.88
92.38
92.86
93.35
93.82
94.33
94.81
95.3
95.78
96.27
96.74
97.24
97.7
98.2
98.68
99.16
99.65
100.12
100.6
101.1
101.58
102.05
102.53
103.02
103.54
104.03
104.51
104.98
105.5
106.0
106.48
107.01
107.57
108.1
108.6
109.1
109.64
110.14
110.65
111.19
111.74
112.25
112.73
113.22
113.73
114.21
114.68
115.17
115.69
116.18
116.67
117.15
117.64
118.17
118.69
119.22
119.77
120.3
120.81
121.32
121.83
122.36
122.91
123.44
123.95
124.45
124.96
125.45
125.96
126.47
127.01
127.5
127.97
128.44
128.89
129.36
129.86
130.32
130.8
131.3
131.78
132.24
132.72
133.2
133.7
134.16
134.66
135.12
135.62
136.1
136.58
137.04
137.54
138.0
138.5
138.96
