0.0
0.5
0.99
1.49
1.94
2.42
2.88
3.37
3.82
4.29
4.77
5.25
5.71
6.18
6.66
7.08
7.54
7.96
8.42
8.84
9.28
9.76
10.21
10.67
11.14
11.61
12.06
12.53
13.0
13.49
13.96
14.41
14.88
15.37
15.77
16.19
16.62
17.03
17.51
17.99
18.49
18.96
19.45
19.92
20.4
20.88
21.41
21.95
22.45
22.94
23.48
23.96
24.49
24.98
25.52
26.02
26.51
27.04
27.57
28.08
28.59
29.11
29.63
30.14
30.65
31.17
31.68
32.22
32.79
33.32
33.88
34.45
35.06
35.62
36.22
36.77
37.35
37.96
38.53
39.11
39.63
40.17
40.71
41.25
41.82
42.35
42.89
43.44
43.95
44.49
45.07
45.65
46.24
46.84
47.43
47.95
48.52
49.04
49.54
50.06
50.6
51.07
51.57
52.05
52.52
52.98
53.44
53.91
54.39
54.88
55.38
55.85
56.32
56.79
57.26
57.72
58.22
58.73
59.22
59.69
60.17
60.65
61.14
61.63
62.11
62.65
63.17
63.68
64.27
64.8
65.39
65.93
66.51
67.07
67.61
68.13
68.67
69.22
69.71
70.19
70.66
71.16
71.63
72.1
72.6
73.06
73.52
74.0
74.49
74.99
75.49
75.98
76.5
76.97
77.45
77.94
78.46
78.93
79.43
79.91
80.4
80.89
81.4
81.91
82.44
82.95
83.45
83.93
84.41
84.91
85.39
85.89
86.43
86.94
87.41
87.87
88.33
88.77
89.23
89.7
90.15
90.63
91.07
91.53
91.99
92.45
92.93
