0.52
1.04
1.52
2.0
2.51
2.98
3.47
3.94
4.43
4.91
5.39
5.86
6.34
6.81
7.38
7.92
8.43
8.99
9.52
10.04
10.51
11.02
11.49
12.0
12.47
12.98
13.46
13.95
14.46
14.97
15.54
16.07
16.62
17.17
17.74
18.25
18.79
19.29
19.82
20.33
20.84
21.33
21.84
22.36
22.91
23.43
23.91
24.42
24.91
25.41
25.94
26.47
27.05
27.62
28.15
28.7
29.21
29.75
30.32
30.88
31.42
31.91
32.43
32.91
33.41
33.88
34.37
34.85
35.37
35.86
36.37
36.91
37.42
37.91
38.4
38.88
39.35
39.85
40.34
40.86
41.34
41.87
42.37
42.85
43.39
43.94
44.45
44.98
45.5
46.06
46.56
47.04
47.53
48.08
48.57
49.11
49.64
50.2
50.82
51.4
52.03
52.58
53.06
53.58
54.1
54.6
55.11
55.58
56.1
56.56
57.08
57.55
58.02
58.5
58.98
59.46
59.93
60.4
60.9
61.43
61.93
62.41
62.92
63.41
63.89
64.37
64.86
65.37
65.89
66.42
66.96
67.54
68.07
68.65
69.19
69.78
70.34
70.89
71.44
72.03
72.62
73.18
73.77
74.38
74.89
75.42
75.94
76.47
76.99
77.51
78.02
78.53
79.06
79.58
80.12
80.65
81.15
81.65
82.15
82.67
83.14
83.64
84.11
84.56
85.03
85.5
86.0
86.49
87.0
87.48
87.97
88.42
88.87
89.34
89.82
90.31
90.86
91.35
91.9
92.42
92.91
93.46
93.98
94.44
94.92
95.42
95.88
96.38
