0.0
0.49
0.98
1.46
1.94
2.42
2.91
3.41
3.89
4.41
4.89
5.38
5.85
6.37
6.9
7.4
7.93
8.44
8.95
9.48
9.98
10.46
10.97
11.48
12.0
12.5
13.02
13.5
13.97
14.46
14.96
15.47
16.03
16.61
17.16
17.71
18.25
18.79
19.3
19.83
20.34
20.84
21.33
21.86
22.33
22.83
23.36
23.84
24.3
24.79
25.32
25.82
26.34
26.88
27.42
27.94
28.46
28.99
29.57
30.12
30.66
31.26
31.83
32.38
32.93
33.45
33.98
34.53
35.03
35.52
36.04
36.57
37.08
37.57
38.1
38.65
39.18
39.79
40.34
40.92
41.53
42.1
42.69
43.21
43.78
44.32
44.87
45.44
45.97
46.51
47.08
47.59
48.12
48.67
49.17
49.72
50.21
50.67
51.17
51.63
52.12
52.63
53.13
53.61
54.09
54.61
55.14
55.63
56.13
56.65
57.16
57.69
58.17
58.68
59.15
59.64
60.13
60.63
61.13
61.68
62.18
62.75
63.28
63.79
64.29
64.79
65.32
65.84
66.35
66.86
67.37
67.94
68.52
69.09
69.65
70.23
70.79
71.36
71.88
72.42
72.92
73.45
74.01
74.51
75.06
75.62
76.13
76.61
77.12
77.65
78.17
78.65
79.17
79.68
80.19
80.73
81.32
81.87
82.4
82.93
83.49
84.01
84.54
85.08
85.57
86.08
86.62
87.09
87.62
88.08
88.58
89.08
89.55
90.08
90.58
91.1
91.59
92.12
92.64
93.16
93.67
94.24
94.82
95.36
95.88
96.38
96.86
97.33
97.8
98.28
98.75
99.22
99.71
100.16
100.63
