2.67
5.65
8.61
11.58
14.52
17.87
20.87
23.88
26.93
29.89
33.03
34.97
36.71
38.38
39.98
41.7
43.38
44.94
46.46
48.17
49.73
51.23
52.76
54.34
55.88
57.32
58.8
60.35
61.85
63.29
64.73
66.27
67.81
69.31
70.79
72.36
73.98
75.57
77.16
78.74
80.37
81.92
83.5
85.04
86.53
87.99
89.44
91.01
92.54
94.06
95.83
97.54
99.12
100.65
102.17
103.69
105.16
106.74
108.28
109.84
111.41
112.97
114.59
116.18
117.77
119.29
120.81
122.33
123.91
125.41
126.95
128.45
130.07
131.81
133.43
135.0
136.61
138.19
139.78
141.39
143.07
144.77
146.35
147.93
149.52
151.17
152.82
154.59
156.47
158.28
159.98
161.65
163.31
164.99
166.67
168.45
170.09
171.64
173.3
174.94
176.54
178.1
179.67
181.24
182.89
184.6
186.16
187.69
189.39
191.1
192.58
194.09
195.72
197.43
199.04
200.59
202.07
203.64
205.28
206.75
208.24
209.78
211.31
212.76
214.19
215.74
217.27
218.73
220.22
221.77
223.42
224.94
226.48
228.03
229.67
231.26
232.85
234.42
235.88
237.37
238.98
240.58
242.12
243.65
245.17
246.75
248.36
249.98
251.62
253.25
254.88
256.7
258.36
259.95
261.62
263.43
265.83
268.34
270.9
273.76
276.94
280.34
283.68
287.13
290.47
293.88
297.07
300.29
303.2
306.02
308.82
311.87
315.21
318.36
321.28
324.35
327.91
331.47
335.12
338.58
342.1
346.18
349.48
352.61
355.74
359.21
362.78
366.56
370.11
373.37
376.38
379.35
382.42
385.51
388.59
391.87
394.8
397.91
400.99
404.12
407.14
410.03
413.33
416.78
420.11
423.74
427.07
430.11
