0.74
1.56
2.3
3.07
3.79
4.53
5.32
6.07
6.77
7.54
8.21
8.91
9.61
10.25
10.95
11.59
12.3
13.03
13.74
14.52
15.33
16.19
17.08
17.87
18.72
19.55
20.44
21.24
22.07
22.94
23.7
24.46
25.23
26.01
26.8
27.61
28.38
29.13
29.9
30.68
31.45
32.24
33.04
33.86
34.58
35.37
36.09
36.84
37.6
38.39
39.16
39.97
40.87
41.72
42.64
43.39
44.18
44.94
45.7
46.47
47.33
48.19
48.94
49.74
50.51
51.24
51.99
52.76
53.54
54.35
55.14
55.89
56.6
57.33
58.05
58.81
59.56
60.35
61.15
61.86
62.6
63.29
64.0
64.74
65.49
66.3
67.06
67.82
68.58
69.31
70.06
70.8
71.57
72.36
73.18
73.99
74.79
75.58
76.36
77.17
77.95
78.74
79.54
80.37
81.2
81.92
82.67
83.5
84.33
85.03
85.79
86.53
87.26
87.99
88.71
89.46
90.24
91.02
91.79
92.55
93.29
94.07
94.84
95.64
96.41
97.14
97.94
98.75
99.5
100.28
101.03
101.79
102.56
103.32
104.04
104.81
105.57
106.35
107.14
107.87
108.68
109.42
110.22
111.0
111.82
112.58
113.44
114.28
115.16
116.18
117.17
118.16
119.12
120.05
121.06
121.97
122.92
123.72
124.57
125.4
126.16
126.95
127.72
128.46
129.22
130.09
130.92
131.8
132.67
133.43
134.24
135.01
135.82
136.61
137.4
138.2
138.99
139.78
140.61
141.4
142.21
143.07
143.98
144.78
145.55
146.35
147.17
147.94
148.73
149.52
150.37
151.17
151.97
152.82
153.66
154.6
155.5
156.45
157.44
158.28
159.15
159.99
160.87
161.65
162.49
163.35
164.23
165.0
165.82
166.69
167.61
168.46
169.3
170.09
170.9
171.65
172.44
173.3
174.11
174.95
175.75
176.56
177.33
178.11
178.91
179.68
180.44
181.25
182.04
182.9
183.77
184.73
185.63
186.53
187.32
188.07
188.91
189.84
190.69
191.58
192.43
193.3
194.1
194.89
195.72
196.59
197.44
198.24
199.05
199.85
200.6
201.34
202.07
202.86
203.65
204.51
205.29
206.04
206.76
207.48
208.25
209.02
209.8
210.6
211.32
212.08
212.77
213.48
214.2
214.95
215.75
216.52
217.28
218.0
218.74
219.46
220.23
220.99
221.79
222.61
223.43
224.19
224.95
225.71
226.49
227.28
228.02
228.85
229.67
230.51
231.26
232.0
232.85
233.68
234.42
235.14
235.89
236.59
237.36
238.17
238.96
239.76
240.59
241.36
242.13
242.88
243.65
244.42
245.18
245.92
246.77
247.57
248.38
249.16
250.05
250.99
251.83
252.66
253.47
254.3
255.11
255.94
256.71
257.56
258.37
259.16
259.96
260.78
261.63
262.47
263.23
263.98
264.77
265.54
266.32
267.06
267.83
268.64
269.38
270.13
270.89
271.54
272.24
272.96
273.76
274.55
275.35
276.14
276.95
277.7
278.56
279.46
280.35
281.15
281.92
282.8
283.69
284.57
285.48
286.35
287.21
288.2
289.15
290.09
290.98
291.87
292.81
293.65
294.59
295.39
296.22
297.07
297.91
298.77
299.58
300.3
300.98
301.7
302.46
303.14
303.87
304.64
305.31
306.03
306.73
307.47
308.13
308.83
309.51
310.31
311.14
311.93
312.8
313.64
314.44
315.21
316.01
316.82
317.59
318.39
319.15
319.9
320.61
321.3
322.02
322.77
323.49
324.35
325.32
326.23
327.12
327.92
328.75
329.58
330.54
331.48
332.45
333.35
334.24
335.13
336.03
336.88
337.73
338.59
339.48
340.32
341.16
342.11
343.04
343.88
344.7
345.57
346.36
347.11
347.93
348.7
349.49
350.3
351.06
351.81
352.62
353.37
354.2
354.97
355.79
356.57
357.4
358.18
358.97
359.82
360.63
361.47
362.36
363.17
364.05
364.94
365.77
366.57
367.3
368.03
368.83
369.7
370.54
371.34
372.12
372.92
373.75
374.54
375.27
376.03
376.74
377.46
378.24
378.98
379.73
380.54
381.32
382.05
382.82
383.56
384.31
385.09
385.9
386.66
387.43
388.22
389.0
389.83
390.71
391.49
392.28
393.01
393.69
394.44
395.18
395.94
396.7
397.49
398.29
399.09
399.84
400.65
401.38
402.16
402.97
403.73
404.5
405.23
406.01
406.73
407.47
408.24
408.94
409.66
410.41
411.13
411.81
412.52
413.16
413.83
414.57
415.28
416.02
416.8
417.67
418.46
419.29
420.02
420.79
421.56
422.45
423.35
424.17
425.06
425.89
426.71
427.56
428.42
429.31
430.12
430.93
431.68
432.47
433.31
