0.98
1.94
2.88
3.79
4.76
5.76
6.75
7.77
8.85
9.83
10.77
11.68
12.54
13.52
14.47
15.39
16.35
17.31
18.02
18.5
18.98
19.46
19.95
20.43
20.87
21.32
21.77
22.23
22.68
23.11
23.57
24.03
24.48
24.94
25.4
25.87
26.34
26.8
27.26
27.7
28.16
28.63
29.12
29.58
30.03
30.48
30.96
31.42
31.87
32.33
32.82
33.28
33.75
34.25
34.76
35.24
35.69
36.14
36.6
37.08
37.53
37.98
38.45
38.9
39.33
39.78
40.23
40.72
41.19
41.66
42.13
42.59
43.05
43.52
44.01
44.46
44.96
45.45
45.96
46.45
46.93
47.38
47.86
48.34
48.79
49.26
49.75
50.19
50.64
51.11
51.56
52.0
52.45
52.9
53.39
53.88
54.36
54.83
55.31
55.77
56.23
56.7
57.15
57.61
58.04
58.5
58.96
59.41
59.88
60.35
60.82
61.31
61.78
62.24
62.7
63.17
63.66
64.15
64.63
65.09
65.55
66.02
66.51
66.99
67.45
67.94
68.46
68.94
69.38
69.84
70.3
70.76
71.23
71.72
72.21
72.69
73.17
73.65
74.11
74.6
75.09
75.55
76.05
76.51
76.99
77.47
77.95
78.43
78.91
79.39
79.89
80.37
80.85
81.3
81.76
82.18
82.64
83.07
83.51
83.94
84.38
84.79
85.25
85.69
86.12
86.6
87.1
87.56
88.04
88.54
89.04
89.52
90.0
90.52
91.01
91.49
91.94
92.39
92.86
93.35
93.84
94.33
94.83
95.33
95.86
96.36
96.84
97.33
97.83
98.33
98.85
99.35
99.89
100.38
100.89
101.41
101.89
102.36
102.88
103.36
103.85
104.3
104.77
105.25
105.73
106.19
106.64
107.07
107.52
107.99
108.46
108.94
109.42
109.89
110.35
110.79
111.25
111.69
112.15
112.59
113.06
113.51
113.98
114.47
114.94
115.39
115.87
116.34
116.83
117.35
117.89
118.47
119.0
119.47
119.96
120.44
120.92
121.41
121.86
122.35
122.8
123.26
123.73
124.19
124.65
125.1
125.56
126.06
126.54
127.02
127.48
127.98
128.44
128.93
129.42
129.94
130.42
130.94
131.42
131.92
132.44
132.95
133.42
133.92
134.38
134.85
135.28
135.73
136.19
136.63
137.09
137.55
138.02
138.48
138.93
139.4
139.85
140.33
140.78
141.25
141.71
142.16
142.62
143.07
143.54
144.0
144.47
144.94
145.4
145.86
146.33
146.78
147.24
147.7
148.17
148.66
149.11
149.6
150.06
150.52
150.98
151.45
151.91
152.36
152.82
153.3
153.76
154.21
154.68
155.16
155.62
156.09
156.58
157.09
157.58
158.06
158.53
159.0
159.46
159.92
160.4
160.88
161.35
161.82
162.29
162.78
163.29
163.79
164.25
164.77
165.26
165.74
166.21
166.68
167.16
167.64
168.17
168.65
169.16
169.63
170.08
170.55
170.99
171.48
171.95
172.42
172.89
173.34
173.81
174.28
174.76
175.27
175.75
176.33
176.86
177.4
177.95
178.52
179.08
179.59
180.13
180.7
181.22
181.78
182.29
182.86
183.39
183.92
184.42
184.96
185.49
186.02
186.55
187.06
187.53
188.03
188.58
189.1
189.63
190.13
190.68
191.2
191.72
192.2
192.72
193.24
193.73
194.27
