1.94
5.76
9.82
13.52
17.29
19.94
21.76
23.56
25.4
27.25
29.11
30.95
32.81
34.75
36.59
38.45
40.27
42.13
44.0
45.93
47.85
49.73
51.54
53.38
55.31
57.14
58.94
60.8
62.69
64.61
66.5
68.45
70.29
72.21
74.1
76.03
77.93
79.91
81.75
83.51
85.24
87.09
89.03
91.0
92.86
94.95
97.16
99.34
101.41
103.35
105.25
107.07
108.93
110.78
112.57
114.46
116.33
118.46
120.44
122.34
124.18
126.05
127.97
129.94
132.43
134.98
137.42
139.82
142.0
144.0
145.86
147.69
149.59
151.44
153.28
155.15
157.09
158.98
160.87
162.77
164.81
166.67
168.64
170.54
172.36
174.24
176.32
178.51
180.77
182.71
184.62
186.54
188.57
190.95
