1.03
3.41
5.77
8.56
12.01
15.55
19.18
22.09
24.66
26.79
28.85
30.95
33.1
35.27
37.42
39.51
41.72
43.94
46.07
48.15
50.26
52.38
54.53
56.64
58.78
60.81
62.92
65.11
67.18
69.41
71.63
73.85
76.14
78.32
80.52
82.7
84.79
87.02
89.15
91.29
93.41
95.54
97.63
99.67
101.76
104.02
106.22
108.45
110.68
112.79
115.18
117.53
119.85
122.02
124.17
126.3
128.41
130.51
132.59
134.68
136.98
139.17
141.4
143.57
145.63
147.77
150.24
152.81
155.37
158.2
160.85
163.29
165.48
167.6
169.74
171.94
174.15
176.35
178.44
180.78
183.04
185.2
187.38
189.7
191.9
194.01
196.19
198.32
200.42
202.78
205.56
208.55
211.76
215.51
219.56
