0.4
1.05
1.66
2.31
2.87
3.41
3.97
4.53
5.15
5.78
6.42
7.04
7.66
8.28
8.9
9.49
10.11
10.73
11.36
12.02
12.65
13.3
14.07
14.79
15.55
16.26
16.92
17.62
18.28
18.84
19.37
19.89
20.45
20.99
21.54
22.08
22.58
23.09
23.61
24.14
24.67
25.23
25.76
26.28
26.81
27.32
27.83
28.35
28.86
29.37
29.9
30.43
30.96
31.51
32.03
32.58
33.11
33.65
34.17
34.72
35.28
35.8
36.34
36.87
37.43
37.96
38.49
38.99
39.53
40.08
40.62
41.18
41.73
42.32
42.87
43.42
43.95
44.47
44.99
45.53
46.07
46.57
47.1
47.63
48.16
48.7
49.25
49.75
50.27
50.79
51.3
51.84
52.39
52.91
53.44
53.98
54.54
55.09
55.61
56.13
56.65
57.19
57.72
58.26
58.79
59.31
59.82
60.34
60.82
61.31
61.83
62.37
62.93
63.5
64.04
64.58
65.12
65.63
66.17
66.66
67.19
67.75
68.28
68.86
69.43
69.97
70.52
71.11
71.65
72.2
72.74
73.29
73.86
74.42
75.01
75.55
76.15
76.71
77.25
77.8
78.33
78.88
79.43
79.97
80.53
81.1
81.64
82.18
82.71
83.21
83.74
84.28
84.81
85.33
85.88
86.46
87.03
87.57
88.12
88.65
89.16
89.69
90.22
90.75
91.3
91.82
92.35
92.88
93.42
93.96
94.5
95.02
95.55
96.05
96.58
97.1
97.64
98.14
98.65
99.15
99.68
100.17
100.69
101.24
101.74
102.33
102.9
103.45
104.03
104.59
105.16
105.68
106.23
106.78
107.35
107.9
108.46
109.01
109.56
110.08
110.66
111.21
111.74
112.26
112.8
113.34
113.93
114.55
115.18
115.81
116.4
117.0
117.55
118.13
118.72
119.32
119.87
120.42
120.95
121.51
122.03
122.58
123.13
123.66
124.18
124.72
125.23
125.76
126.32
126.84
127.4
127.92
128.42
128.93
129.45
130.0
130.5
131.03
131.54
132.06
132.6
133.1
133.61
134.15
134.69
135.22
135.75
136.36
136.98
137.56
138.1
138.66
139.19
139.73
140.28
140.83
141.41
141.94
142.5
143.05
143.58
144.12
144.66
145.16
145.64
146.13
146.66
147.13
147.66
148.13
148.66
149.16
149.63
150.17
150.67
151.16
151.74
152.29
152.82
153.38
153.98
154.53
155.09
155.67
156.23
156.81
157.4
157.95
158.53
159.11
159.68
160.21
160.74
161.24
161.79
162.3
162.86
163.36
163.92
164.45
164.97
165.49
166.02
166.56
167.07
167.61
168.14
168.67
169.22
169.74
170.28
170.82
171.39
171.95
172.49
173.03
173.58
174.16
174.71
175.25
175.79
176.36
176.89
177.4
177.92
178.45
179.01
179.56
180.18
180.79
181.41
181.96
182.5
183.06
183.58
184.14
184.68
185.21
185.74
186.27
186.83
187.39
187.95
188.53
189.12
189.71
190.29
190.82
191.37
191.91
192.45
192.95
193.49
194.03
194.57
195.09
195.66
196.2
196.75
197.32
197.84
198.33
198.85
199.38
199.9
200.43
200.92
201.45
201.94
202.45
202.96
203.48
204.01
204.5
205.0
205.54
206.02
206.54
207.04
207.58
208.08
208.57
209.11
209.62
210.13
210.64
211.12
211.66
212.15
212.63
213.09
213.59
214.07
214.53
215.01
215.52
216.0
216.51
217.08
217.68
218.32
218.92
219.57
220.19
220.78
221.4
222.02
222.65
223.29
