0.93
1.96
3.02
4.07
5.18
6.22
7.29
8.36
9.39
10.45
11.46
12.46
13.42
14.24
15.05
15.85
16.56
17.32
18.04
18.72
19.41
20.1
20.81
21.46
22.16
22.81
23.47
24.18
24.84
25.5
26.04
26.64
27.19
27.78
28.34
28.81
29.28
29.78
30.26
30.74
31.22
31.68
32.18
32.64
33.12
33.6
34.1
34.58
35.06
35.54
36.01
36.52
37.01
37.48
37.95
38.45
38.94
39.42
39.95
40.46
40.99
41.52
42.02
42.5
42.99
43.51
44.07
44.6
45.12
45.63
46.18
46.66
47.12
47.61
48.08
48.59
49.06
49.56
50.09
50.6
51.09
51.57
52.07
52.56
53.06
53.56
54.02
54.51
55.04
55.55
56.06
56.57
57.13
57.71
58.3
58.86
59.38
59.93
60.48
61.03
61.54
62.11
62.65
63.22
63.77
64.3
64.83
65.38
65.91
66.44
66.97
67.52
68.03
68.58
69.13
69.72
70.34
70.91
71.51
72.07
72.66
73.18
73.73
74.27
74.79
75.31
75.83
76.37
76.92
77.44
77.97
78.5
79.04
79.61
80.12
80.69
81.22
81.76
82.31
82.86
83.41
83.96
84.5
85.07
85.61
86.15
86.66
87.12
87.6
88.09
88.58
89.12
89.62
90.12
90.63
91.16
91.67
92.15
92.67
93.19
93.71
94.19
94.7
95.21
95.74
96.25
96.81
97.33
97.87
98.4
98.9
99.44
99.98
100.5
101.02
101.53
102.09
102.62
103.15
103.66
104.19
104.71
105.3
105.84
106.42
106.95
107.53
108.1
108.66
109.26
109.82
110.37
110.97
111.51
112.08
112.65
113.25
113.81
114.36
114.94
115.53
116.1
116.65
117.19
117.75
118.34
118.9
119.53
120.18
120.82
121.35
121.93
122.49
123.03
123.6
124.16
124.69
125.24
125.76
126.29
126.83
127.4
127.92
128.42
128.91
129.42
129.93
130.47
131.03
131.56
132.11
132.61
133.13
133.63
134.13
134.65
135.18
135.71
136.24
136.76
137.27
137.75
138.24
138.76
139.29
139.81
140.35
140.87
141.38
141.88
142.35
142.85
143.36
143.87
144.41
144.95
145.46
145.99
146.53
147.09
147.61
148.18
148.71
149.25
149.82
150.41
151.03
151.68
152.3
152.92
153.47
154.02
154.58
155.13
155.73
156.31
156.9
157.45
157.96
158.48
158.99
159.49
160.01
160.49
161.01
161.51
162.05
162.56
163.04
163.55
164.08
164.54
165.04
165.51
165.98
166.48
166.96
167.44
167.9
168.38
168.88
169.34
169.83
170.29
170.75
171.22
171.71
172.16
172.65
173.12
173.59
174.06
174.54
175.01
175.54
176.07
176.58
177.09
177.59
178.09
178.58
179.07
179.56
180.05
180.54
181.02
181.54
182.06
182.54
183.07
183.61
184.13
184.62
185.14
185.7
186.25
186.76
187.33
187.85
188.41
188.97
189.52
190.04
190.61
191.22
191.8
192.3
192.81
193.31
193.81
194.34
194.86
195.37
195.88
196.38
196.87
197.4
197.92
198.44
198.99
199.52
200.06
200.59
201.09
201.62
202.17
202.72
203.24
203.82
204.37
204.97
205.53
206.08
206.64
207.2
207.74
208.27
208.84
209.4
209.91
210.47
211.01
211.53
212.1
212.74
213.39
214.06
214.82
215.56
216.32
217.04
217.79
218.57
219.37
220.1
220.83
221.54
222.27
223.04
223.79
224.51
225.2
225.86
226.54
227.22
227.91
228.65
229.41
230.18
230.91
231.69
232.47
233.35
234.3
235.31
236.31
237.24
238.24
239.21
