0.92
5.18
9.38
13.5
17.31
20.8
24.03
27.17
29.8
32.18
34.09
36.0
37.94
39.94
41.99
44.06
46.18
48.33
50.59
52.55
54.5
56.55
58.85
61.02
63.21
65.38
67.51
69.71
72.05
74.25
76.36
78.49
80.64
82.85
85.1
87.5
89.62
91.66
93.7
95.73
97.86
99.98
102.08
104.18
106.42
108.7
110.93
113.1
115.52
117.75
120.17
122.48
125.04
127.39
129.91
132.11
134.12
136.23
138.24
140.35
142.8
144.95
147.09
149.23
151.69
154.02
156.3
158.67
161.1
163.55
166.15
168.69
171.2
173.72
176.08
178.08
180.04
182.05
184.12
186.24
188.39
190.58
192.8
194.85
196.86
198.99
201.37
203.8
206.07
208.26
210.73
213.38
216.32
219.36
222.3
225.52
228.64
231.68
235.3
