0.4
1.0
1.59
2.21
2.91
3.56
4.21
4.91
5.63
6.33
7.01
7.72
8.43
9.19
9.89
10.62
11.39
12.12
12.84
13.48
14.11
14.8
15.43
16.12
16.77
17.47
18.15
18.84
19.47
19.98
20.51
21.06
21.6
22.13
22.61
23.13
23.66
24.17
24.68
25.16
25.67
26.21
26.69
27.19
27.68
28.16
28.65
29.12
29.59
30.09
30.58
31.09
31.6
32.11
32.61
33.11
33.6
34.08
34.56
35.05
35.54
36.04
36.52
36.99
37.49
37.99
38.48
38.97
39.46
39.94
40.42
40.95
41.47
42.03
42.53
43.06
43.57
44.07
44.57
45.07
45.58
46.12
46.65
47.2
47.72
48.26
48.8
49.31
49.84
50.34
50.84
51.34
51.84
52.34
52.83
53.35
53.9
54.41
54.91
55.43
55.97
56.48
56.99
57.49
57.98
58.46
58.93
59.41
59.91
60.4
60.9
61.38
61.92
62.5
63.03
63.56
64.1
64.63
65.14
65.66
66.16
66.67
67.19
67.74
68.29
68.83
69.35
69.86
70.38
70.89
71.39
71.91
72.45
72.97
73.54
74.08
74.59
75.11
75.61
76.12
76.65
77.16
77.67
78.21
78.78
79.34
79.86
80.38
80.9
81.42
81.95
82.48
83.0
83.52
84.06
84.63
85.17
85.71
86.27
86.77
87.3
87.79
88.3
88.8
89.33
89.82
90.35
90.89
91.44
91.97
92.48
93.01
93.56
94.12
94.65
95.15
95.65
96.14
96.63
97.13
97.65
98.19
98.69
99.23
99.72
100.28
100.82
101.36
101.92
102.46
103.03
103.64
104.22
104.76
105.31
105.84
106.38
106.9
107.43
108.01
108.54
109.13
109.67
110.24
110.78
111.32
111.88
112.34
112.83
113.3
113.75
114.23
114.75
115.27
115.8
116.32
116.82
117.35
117.86
118.39
118.89
119.41
119.95
120.47
121.02
121.52
122.03
122.55
123.03
123.53
124.03
124.55
125.07
125.63
126.14
126.64
127.15
127.65
128.17
128.67
129.17
129.68
130.22
130.75
131.25
131.76
132.3
132.85
133.37
133.95
134.55
135.14
135.7
136.27
136.88
137.46
138.0
138.6
139.14
139.73
140.27
140.8
141.33
141.87
142.39
142.91
143.52
144.09
144.68
145.3
145.86
146.47
147.05
147.6
148.16
148.78
149.34
149.98
150.64
151.29
151.91
152.57
153.21
153.85
154.48
155.12
155.76
156.39
156.99
157.65
158.24
158.81
159.34
159.87
160.4
160.94
161.49
162.04
162.56
163.12
163.66
164.2
164.72
165.23
165.74
166.3
166.83
167.39
167.92
168.47
169.02
169.59
170.11
170.65
171.16
171.68
172.22
172.76
173.27
173.77
174.29
174.82
175.33
175.84
176.38
176.91
177.41
177.94
178.49
179.06
179.59
180.14
180.68
181.2
181.72
182.24
182.79
183.38
183.93
184.5
185.04
185.58
186.13
186.67
187.25
187.8
188.35
188.88
189.4
189.9
190.44
190.95
191.51
192.03
192.56
193.08
193.6
194.13
194.64
195.16
195.72
196.25
196.75
197.28
197.77
198.28
198.81
199.27
199.73
200.18
200.63
201.07
201.51
201.97
202.43
202.87
203.31
203.8
204.27
204.73
205.22
205.72
206.22
206.7
207.2
207.73
208.22
208.74
209.26
209.8
210.32
210.81
211.31
211.82
212.37
212.91
213.43
214.0
214.6
215.16
215.81
216.51
217.26
217.93
218.56
219.25
219.9
220.58
221.23
