2.2
4.89
7.7
10.25
12.82
15.43
18.15
20.7
23.22
25.66
27.67
29.58
31.6
33.6
35.54
37.48
39.46
41.47
43.56
45.57
47.71
49.84
51.83
53.88
55.96
57.98
59.9
61.91
64.09
66.15
68.28
70.38
72.44
74.58
76.64
78.77
80.89
82.99
85.17
87.29
89.33
91.43
93.55
95.64
97.65
99.72
101.92
104.21
106.37
108.63
111.1
113.53
115.79
117.85
119.95
122.02
124.03
126.13
128.17
130.22
132.29
134.55
136.97
139.14
141.32
143.51
145.88
148.17
150.63
153.2
155.5
157.52
159.51
161.48
163.65
165.74
167.91
170.11
172.21
174.28
176.37
178.48
180.67
182.79
185.03
187.31
189.39
191.5
193.59
195.68
197.6
199.62
201.8
204.12
206.21
208.22
210.32
212.29
214.58
217.25
