0.26
0.97
1.7
2.39
3.03
3.7
4.41
5.06
5.7
6.39
7.02
7.69
8.33
8.94
9.61
10.24
10.86
11.49
12.11
12.74
13.38
14.03
14.65
15.29
15.95
16.63
17.31
17.94
18.5
19.02
19.54
20.1
20.6
21.16
21.66
22.2
22.75
23.27
23.75
24.23
24.71
25.18
25.66
26.17
26.66
27.15
27.62
28.09
28.56
29.04
29.51
29.98
30.44
30.92
31.42
31.91
32.41
32.93
33.48
33.99
34.54
35.04
35.55
36.05
36.59
37.09
37.63
38.14
38.65
39.14
39.63
40.11
40.56
40.98
41.42
41.92
42.42
42.91
43.39
43.86
44.35
44.84
45.36
45.85
46.33
46.8
47.29
47.78
48.29
48.78
49.29
49.8
50.33
50.89
51.4
51.92
52.48
53.01
53.55
54.08
54.6
55.12
55.68
56.21
56.72
57.24
57.75
58.24
58.76
59.27
59.77
60.28
60.82
61.31
61.82
62.35
62.87
63.37
63.88
64.37
64.86
65.36
65.87
66.34
66.83
67.33
67.83
68.32
68.79
69.28
69.82
70.37
70.87
71.44
71.97
72.52
73.09
73.64
74.17
74.7
75.19
75.72
76.24
76.76
77.27
77.88
78.44
79.06
79.57
80.06
80.55
81.05
81.56
82.07
82.58
83.06
83.56
84.08
84.57
85.06
85.58
86.07
86.62
87.12
87.67
88.21
88.72
89.24
89.81
90.34
90.85
91.37
91.89
92.38
92.9
93.34
93.82
94.27
94.72
95.19
95.68
96.17
96.65
97.11
97.61
98.07
98.55
99.05
99.51
100.03
100.54
101.05
101.57
102.07
102.59
103.17
103.78
104.35
104.86
105.33
105.83
106.33
106.87
107.37
107.92
108.44
108.93
109.5
110.02
110.58
111.14
111.7
112.28
112.84
113.39
113.93
114.47
115.01
115.56
116.14
116.75
117.33
117.86
118.42
118.94
119.44
119.99
120.5
121.01
121.52
122.01
122.53
123.03
123.49
123.98
124.5
125.05
125.55
126.06
126.58
127.08
127.56
128.04
128.52
129.01
129.51
130.02
130.55
131.08
131.57
132.08
132.58
133.11
133.61
134.13
134.64
135.19
135.69
136.23
136.76
137.29
137.86
138.39
138.94
139.46
139.97
140.49
141.01
141.51
142.02
142.5
142.97
143.49
143.95
144.44
144.94
145.44
145.94
146.48
147.01
147.5
148.05
148.59
149.15
149.7
150.27
150.79
151.31
151.8
152.34
152.84
153.36
153.9
154.36
154.84
155.34
155.82
156.27
156.72
157.15
157.61
158.07
158.55
159.03
159.5
159.97
160.42
160.9
161.4
161.86
162.36
162.84
163.36
163.85
164.32
164.8
165.29
165.76
166.25
166.74
167.29
167.79
168.34
168.9
169.41
169.98
170.5
171.03
171.54
172.09
172.6
173.14
173.65
174.15
174.66
175.16
175.67
176.13
176.59
177.03
177.51
178.03
178.51
179.0
179.48
179.97
180.46
180.98
181.49
181.98
182.46
182.97
183.48
183.96
184.49
185.05
185.58
186.09
186.64
187.15
187.67
188.21
188.74
189.29
189.85
190.36
190.85
191.36
191.87
192.38
192.88
193.39
193.93
194.4
194.9
195.42
195.89
196.36
196.84
197.34
197.81
198.3
198.78
199.25
199.72
200.25
200.74
201.25
201.76
202.3
202.77
203.23
203.7
204.18
204.64
205.11
205.58
206.07
206.54
207.01
207.48
207.94
208.39
208.84
209.35
209.94
210.5
211.06
211.65
212.22
212.79
213.33
213.91
214.47
215.03
215.56
216.15
216.69
217.24
217.83
218.37
