0.96
3.69
6.37
8.94
11.47
14.02
16.62
19.53
22.23
24.98
27.14
29.04
30.91
32.93
35.04
37.08
39.13
41.27
43.39
45.35
47.29
49.29
51.39
53.54
55.67
57.75
59.76
61.81
63.88
65.87
67.82
69.81
71.97
74.17
76.24
78.44
80.55
82.57
84.56
86.61
88.72
90.85
93.07
95.19
97.14
99.05
101.04
103.02
104.85
106.86
108.92
111.14
113.38
115.56
117.85
119.99
122.0
123.98
126.05
128.03
130.01
132.07
134.13
136.22
138.38
140.49
142.5
144.44
146.75
148.74
150.63
152.58
154.53
156.47
158.37
160.4
162.36
164.32
166.25
168.33
170.5
172.59
174.66
176.87
179.0
180.98
182.96
184.99
187.15
189.29
191.36
193.51
196.12
198.63
201.13
203.69
206.19
208.83
211.86
214.78
