2.21
4.75
7.3
9.86
12.36
14.68
17.14
19.68
22.38
25.11
26.96
28.71
30.41
32.19
34.02
35.87
37.69
39.6
41.4
43.19
44.89
46.66
48.46
50.3
52.15
54.02
55.86
57.77
59.57
61.37
63.11
64.97
66.84
68.73
70.59
72.49
74.27
76.05
77.8
79.6
81.39
83.22
85.09
86.91
88.77
90.61
92.43
94.3
96.09
98.14
100.04
101.95
103.82
105.69
107.54
109.32
111.11
112.91
114.71
116.52
118.34
120.17
122.02
123.86
125.67
127.46
129.18
130.94
132.85
134.77
136.79
138.71
140.53
142.37
144.18
145.96
147.71
149.59
151.46
153.33
155.16
157.08
158.9
160.72
162.49
164.31
166.13
167.99
169.75
171.49
173.22
174.96
176.79
178.59
180.39
182.18
184.04
186.22
188.52
191.24
