0.41
1.01
1.6
2.21
2.83
3.45
4.09
4.76
5.43
6.06
6.72
7.3
7.85
8.44
8.98
9.53
10.1
10.65
11.25
11.82
12.37
12.95
13.51
14.09
14.67
15.29
15.93
16.52
17.15
17.77
18.37
19.09
19.87
20.74
21.56
22.38
23.32
24.25
25.12
26.07
26.96
27.86
28.72
29.57
30.42
31.3
32.2
33.12
34.02
34.94
35.88
36.79
37.7
38.6
39.61
40.52
41.4
42.31
43.19
44.06
44.9
45.8
46.66
47.55
48.46
49.38
50.3
51.25
52.16
53.07
54.03
54.94
55.87
56.84
57.78
58.69
59.58
60.5
61.38
62.26
63.11
64.05
64.97
65.89
66.85
67.79
68.74
69.65
70.59
71.5
72.5
73.41
74.28
75.19
76.06
76.93
77.81
78.71
79.61
80.49
81.4
82.32
83.23
84.15
85.1
86.04
86.92
87.83
88.81
89.71
90.61
91.54
92.44
93.36
94.3
95.2
96.1
97.16
98.15
99.09
100.05
101.03
101.96
102.89
103.82
104.79
105.7
106.62
107.55
108.45
109.33
110.22
111.12
112.03
112.92
113.82
114.71
115.61
116.52
117.42
118.35
119.25
120.18
121.14
122.03
122.93
123.88
124.78
125.68
126.59
127.47
128.34
129.43
130.52
131.57
132.63
133.72
134.77
135.79
136.8
137.79
138.76
139.62
140.54
141.46
142.37
143.3
144.19
145.11
145.96
146.83
147.72
148.66
149.59
150.52
151.47
152.4
153.34
154.24
155.16
156.09
157.09
158.01
158.91
159.85
160.73
161.6
162.5
163.41
164.33
165.23
166.14
167.07
168.0
168.86
169.75
170.68
171.5
172.35
173.26
174.12
174.97
175.9
176.8
177.76
178.6
179.5
180.4
181.31
182.17
183.09
183.99
184.88
185.87
186.78
187.62
188.53
189.42
190.35
191.24
192.21
193.18
194.15
