0.2
0.99
1.74
2.54
3.3
4.2
5.14
6.02
6.83
7.66
8.44
9.24
10.11
10.93
11.83
12.68
13.53
14.34
15.18
15.96
16.76
17.56
18.39
19.16
19.98
20.79
21.64
22.5
23.29
23.99
24.6
25.26
25.89
26.55
27.19
27.76
28.32
28.87
29.44
29.92
30.42
30.9
31.36
31.86
32.32
32.77
33.21
33.67
34.12
34.57
35.03
35.47
35.93
36.38
36.84
37.29
37.75
38.21
38.68
39.15
39.62
40.11
40.58
41.05
41.51
41.96
42.43
42.9
43.36
43.82
44.26
44.75
45.23
45.72
46.24
46.76
47.26
47.74
48.18
48.63
49.07
49.54
49.99
50.49
51.0
51.49
51.96
52.42
52.9
53.38
53.84
54.29
54.75
55.22
55.69
56.16
56.65
57.17
57.71
58.24
58.72
59.2
59.67
60.13
60.6
61.08
61.55
62.01
62.48
62.97
63.43
63.9
64.38
64.84
65.32
65.83
66.33
66.81
67.28
67.74
68.23
68.7
69.15
69.61
70.07
70.55
71.02
71.5
71.99
72.46
72.94
73.41
73.94
74.46
74.96
75.45
75.96
76.5
77.01
77.49
77.95
78.42
78.88
79.38
79.84
80.38
80.95
81.48
81.98
82.46
82.94
83.4
83.87
84.33
84.83
85.32
85.85
86.38
86.9
87.38
87.87
88.37
88.85
89.31
89.77
90.25
90.73
91.21
91.74
92.22
92.74
93.27
93.77
94.25
94.72
95.2
95.65
96.11
96.56
97.04
97.5
97.96
98.43
98.88
99.37
99.83
100.31
100.77
101.29
101.81
102.33
102.85
103.35
103.92
104.52
105.09
105.59
106.13
106.62
107.15
107.68
108.17
108.65
109.13
109.59
110.07
110.59
111.11
111.62
112.11
112.56
113.03
113.48
113.93
114.39
114.87
115.33
115.81
116.26
116.74
117.23
117.75
118.24
118.72
119.2
119.69
120.18
120.64
121.11
121.56
122.02
122.49
122.97
123.44
123.91
124.36
124.8
125.27
125.7
126.17
126.64
127.1
127.58
128.08
128.59
129.09
129.65
130.21
130.73
131.23
131.74
132.27
132.8
133.31
133.84
134.35
134.84
135.37
135.87
136.42
136.94
137.42
137.92
138.4
138.88
139.36
139.84
140.31
140.79
141.33
141.86
142.35
142.87
143.41
143.94
144.45
144.92
145.4
145.86
146.34
146.8
147.27
147.76
148.22
148.67
149.1
149.55
150.02
150.45
150.9
151.36
151.82
152.3
152.74
153.23
153.7
154.15
154.64
155.11
155.58
156.04
156.52
156.99
157.46
157.93
158.4
158.85
159.33
159.79
160.27
160.75
161.22
161.69
162.16
162.62
163.08
163.55
164.04
164.51
164.98
165.45
165.93
166.43
166.91
167.43
167.92
168.4
168.88
169.35
169.84
170.32
170.81
171.27
171.75
172.24
172.76
173.32
173.85
174.36
174.86
175.35
175.83
176.31
176.8
177.27
177.74
178.23
178.75
179.21
179.73
180.2
180.72
181.21
181.7
182.25
182.8
183.33
183.82
184.3
184.78
185.3
185.79
186.34
186.86
187.34
187.82
188.32
188.82
189.29
189.79
190.25
190.75
191.21
191.71
192.17
192.66
193.13
193.63
194.1
194.56
195.03
195.5
195.96
196.44
196.92
197.42
197.9
198.37
198.86
199.34
199.81
200.28
200.75
201.19
201.67
202.11
202.59
203.03
203.49
203.96
204.42
204.9
205.36
205.86
206.38
206.87
207.39
207.99
208.54
209.16
209.8
210.42
211.03
211.67
212.3
212.95
213.6
214.25
214.89
215.53
216.17
