2.54
6.01
9.23
12.24
15.18
18.38
21.63
25.25
29.27
31.85
33.65
35.46
37.28
39.11
41.04
42.89
44.74
46.75
48.62
50.48
52.41
54.27
56.15
58.23
60.12
62.0
63.89
65.82
67.73
69.59
71.5
73.4
75.44
77.48
79.36
81.48
83.39
85.31
87.37
89.29
91.19
93.26
95.19
97.04
98.87
100.76
102.84
104.94
107.15
109.45
111.61
113.8
115.8
117.75
119.68
121.55
123.43
125.26
127.09
129.08
131.22
133.31
135.35
137.4
139.35
141.32
143.4
145.39
147.52
149.76
152.07
154.3
156.53
158.81
160.73
162.61
164.5
166.39
168.38
170.31
172.23
174.35
176.3
178.22
180.18
182.23
184.28
186.34
188.31
190.24
192.16
194.19
196.28
198.36
200.27
202.08
203.95
205.85
207.98
210.41
