0.1
1.01
1.9
2.82
3.77
4.71
5.73
6.65
7.61
8.62
9.57
10.52
11.37
12.27
13.26
14.23
15.3
16.28
17.37
18.37
19.27
20.18
21.09
22.0
22.95
23.87
24.74
25.63
26.52
27.44
28.42
29.36
30.27
31.22
32.19
33.16
34.17
35.14
36.07
36.96
37.91
38.87
39.88
40.83
41.73
42.69
43.69
44.6
45.49
46.4
47.31
48.24
49.25
50.3
51.26
52.19
53.12
54.02
54.9
55.82
56.74
57.67
58.63
59.53
60.42
61.39
62.38
63.35
64.37
65.35
66.27
67.29
68.36
69.34
70.34
71.3
72.22
73.17
74.08
74.97
75.9
76.85
77.83
78.76
79.7
80.65
81.61
82.57
83.45
84.33
85.27
86.12
87.02
87.92
88.87
89.8
90.78
91.81
92.77
93.73
94.72
95.75
96.74
97.76
98.71
99.75
100.76
101.7
102.74
103.72
104.69
105.66
106.69
107.73
108.74
109.76
110.72
111.83
112.87
113.99
115.07
116.12
117.15
118.23
119.22
120.24
121.19
122.19
123.28
124.28
125.38
126.47
127.59
128.57
129.54
130.43
131.33
132.24
133.21
134.08
135.04
135.92
136.89
137.76
138.74
139.7
140.61
141.6
142.65
143.6
144.64
145.57
146.54
147.5
148.43
149.42
150.42
151.34
152.24
153.15
154.21
155.3
156.37
157.41
158.42
159.37
160.32
161.42
162.39
163.34
164.26
165.23
166.22
167.17
168.18
169.16
170.21
171.21
172.28
173.38
174.49
175.46
176.38
177.39
178.32
179.36
180.37
181.35
182.4
183.36
184.33
185.22
186.15
187.12
188.06
188.96
189.9
190.82
191.74
192.69
193.63
194.59
195.65
196.75
197.87
198.92
199.99
201.14
