0.22
0.97
1.71
2.48
3.25
4.05
4.79
5.54
6.29
7.06
7.79
8.56
9.29
10.04
10.83
11.54
12.27
13.05
13.77
14.5
15.16
15.86
16.61
17.3
18.03
18.73
19.46
20.21
20.93
21.66
22.39
22.95
23.49
24.04
24.59
25.16
25.67
26.17
26.63
27.11
27.59
28.09
28.56
29.03
29.5
29.97
30.44
30.9
31.36
31.83
32.3
32.77
33.23
33.72
34.23
34.69
35.2
35.67
36.13
36.6
37.08
37.57
38.05
38.52
38.99
39.49
39.97
40.45
40.95
41.44
41.94
42.42
42.93
43.43
43.94
44.42
44.92
45.4
45.89
46.4
46.91
47.43
47.93
48.44
48.95
49.44
49.93
50.42
50.89
51.36
51.87
52.35
52.84
53.35
53.85
54.36
54.87
55.4
55.97
56.51
57.0
57.5
57.99
58.49
58.97
59.47
59.96
60.44
60.94
61.44
61.93
62.41
62.97
63.49
64.06
64.59
65.12
65.64
66.14
66.66
67.16
67.66
68.14
68.65
69.15
69.67
70.19
70.7
71.19
71.68
72.19
72.68
73.17
73.71
74.28
74.82
75.35
75.85
76.36
76.84
77.33
77.84
78.33
78.82
79.33
79.85
80.34
80.85
81.35
81.88
82.39
82.9
83.41
83.92
84.43
84.96
85.46
85.97
86.5
86.98
87.5
88.0
88.49
89.02
89.52
90.01
90.52
91.06
91.55
92.08
92.65
93.19
93.72
94.24
94.8
95.31
95.79
96.27
96.72
97.19
97.69
98.23
98.71
99.25
99.76
100.26
100.75
101.28
101.78
102.3
102.8
103.3
103.81
104.35
104.86
105.36
105.86
106.35
106.84
107.36
107.91
108.47
109.06
109.61
110.15
110.66
111.18
111.72
112.26
112.81
113.38
113.92
114.43
114.98
115.48
115.99
116.46
116.97
117.49
117.99
118.48
119.0
119.51
120.0
120.51
121.03
121.53
122.0
122.49
122.99
123.48
123.96
124.45
124.96
125.47
125.97
126.46
126.99
127.52
128.03
128.57
129.17
129.79
130.34
130.85
131.39
131.95
132.47
133.0
133.55
134.13
134.7
135.24
135.77
136.29
136.84
137.43
138.01
138.58
139.09
139.59
140.1
140.61
141.11
141.61
142.19
142.73
143.32
143.88
144.41
145.0
145.55
146.07
146.6
147.17
147.64
148.12
148.61
149.09
149.58
150.04
150.54
150.98
151.44
151.92
152.38
152.82
153.28
153.76
154.2
154.66
155.12
155.6
156.05
156.5
156.97
157.42
157.9
158.34
158.82
159.26
159.74
160.18
160.65
161.16
161.69
162.21
162.71
163.19
163.69
164.18
164.69
165.19
165.69
166.19
166.69
167.21
167.73
168.22
168.72
169.21
169.72
170.2
170.7
171.21
171.69
172.17
172.69
173.21
173.7
174.2
174.73
175.23
175.71
176.22
176.74
177.28
177.79
178.3
178.82
179.31
179.84
180.38
180.91
181.47
181.97
182.5
183.01
183.52
184.05
184.62
185.24
185.83
186.34
186.84
187.33
187.81
188.31
188.87
189.45
190.05
190.62
191.15
191.66
192.19
192.72
193.23
193.76
194.31
194.83
195.35
195.85
196.39
196.89
197.43
197.93
198.47
198.96
199.51
199.99
200.5
201.03
201.52
202.03
202.55
203.08
203.56
204.06
204.53
205.0
205.48
205.98
206.46
206.94
207.4
207.89
208.38
208.88
209.39
209.93
210.48
211.1
211.69
212.34
212.98
213.61
214.25
215.07
215.83
216.65
217.43
218.29
219.1
219.9
220.79
221.64
