2.48
5.54
8.56
11.52
14.49
17.3
20.2
23.1
25.66
28.08
29.96
31.82
33.7
35.64
37.56
39.47
41.43
43.43
45.39
47.42
49.43
51.35
53.34
55.39
57.49
59.46
61.43
63.48
65.63
67.64
69.66
71.66
73.68
75.83
77.83
79.84
81.87
83.91
85.96
87.99
90.0
92.07
94.23
96.27
98.17
100.25
102.29
104.35
106.35
108.46
110.66
112.8
114.97
116.96
118.99
121.02
122.98
124.95
126.99
129.16
131.37
133.54
135.76
138.02
140.09
142.18
144.09
145.91
147.72
149.54
151.42
153.27
155.11
156.96
158.81
160.64
162.7
164.69
166.68
168.71
170.69
172.68
174.72
176.73
178.81
180.91
183.0
185.24
187.32
189.44
191.65
193.75
195.84
197.92
200.0
202.02
204.05
205.97
207.88
209.92
212.33
214.85
217.43
219.85
