1.05
4.87
8.5
12.23
15.91
18.76
20.73
22.68
24.65
26.62
28.68
30.81
32.92
34.96
37.05
39.12
41.08
43.02
45.01
47.13
49.16
51.23
53.21
55.38
57.56
59.71
61.85
63.87
65.96
68.26
70.41
72.47
74.57
76.7
78.77
80.82
82.89
85.0
87.14
89.16
91.21
93.29
95.37
97.33
99.33
101.43
103.54
105.64
108.13
110.54
112.68
114.81
116.84
118.94
121.0
123.11
125.14
127.16
129.28
131.5
133.65
135.76
137.89
139.97
141.91
143.89
145.84
147.7
149.62
151.56
153.63
155.7
157.74
159.81
161.79
163.87
166.07
168.15
170.17
172.28
174.36
176.41
178.42
180.47
182.56
184.65
187.03
189.49
191.7
193.78
195.79
197.77
199.75
201.71
203.81
205.86
208.09
210.55
