0.11
1.05
2.04
2.96
3.92
4.88
5.89
6.78
7.61
8.51
9.46
10.44
11.32
12.24
13.18
14.07
15.02
15.92
16.87
17.72
18.24
18.77
19.29
19.77
20.25
20.74
21.21
21.7
22.2
22.69
23.17
23.67
24.15
24.65
25.16
25.65
26.15
26.63
27.12
27.62
28.15
28.69
29.22
29.75
30.27
30.81
31.35
31.88
32.38
32.93
33.45
33.98
34.47
34.97
35.5
36.03
36.54
37.06
37.54
38.06
38.6
39.12
39.64
40.14
40.65
41.19
41.69
42.23
42.76
43.31
43.87
44.41
44.95
45.46
46.01
46.56
47.13
47.65
48.17
48.66
49.17
49.69
50.2
50.72
51.24
51.75
52.23
52.73
53.22
53.74
54.31
54.86
55.38
55.96
56.51
57.05
57.57
58.07
58.6
59.17
59.71
60.27
60.8
61.32
61.85
62.38
62.88
63.4
63.87
64.39
64.9
65.43
66.01
66.59
67.19
67.73
68.27
68.81
69.35
69.88
70.42
70.94
71.48
71.99
72.53
73.02
73.54
74.05
74.57
75.07
75.61
76.18
76.72
77.26
77.74
78.25
78.78
79.27
79.8
80.32
80.83
81.31
81.84
82.38
82.9
83.4
83.91
84.46
85.01
85.55
86.08
86.6
87.14
87.66
88.16
88.64
89.16
89.66
90.17
90.66
91.13
91.6
92.08
92.57
93.04
93.54
94.05
94.57
95.1
95.65
96.18
96.71
97.23
97.75
98.27
98.82
99.33
99.87
100.4
100.9
101.44
101.94
102.46
103.02
103.55
104.05
104.59
105.1
105.65
106.16
106.72
107.25
107.83
108.36
108.93
109.47
110.02
110.55
111.13
111.65
112.17
112.69
113.24
113.76
114.28
114.81
115.3
115.84
116.33
116.85
117.37
117.91
118.42
118.95
119.46
119.97
120.49
121.0
121.52
122.04
122.59
123.11
123.66
124.18
124.66
125.16
125.64
126.14
126.63
127.16
127.66
128.19
128.73
129.29
129.83
130.37
130.92
131.5
132.07
132.62
133.11
133.65
134.16
134.68
135.21
135.77
136.33
136.86
137.43
137.97
138.48
138.98
139.48
139.97
140.48
140.95
141.45
141.95
142.41
142.92
143.41
143.89
144.4
144.91
145.41
145.94
146.46
146.97
147.46
147.96
148.47
148.99
149.51
150.02
150.51
151.06
151.57
152.09
152.59
153.13
153.63
154.17
154.69
155.19
155.71
156.21
156.72
157.24
157.74
158.24
158.77
159.28
159.81
160.33
160.81
161.32
161.8
162.32
162.82
163.35
163.88
164.43
165.01
165.55
166.07
166.6
167.13
167.63
168.16
168.67
169.21
169.69
170.23
170.71
171.24
171.75
172.28
172.78
173.3
173.85
174.37
174.88
175.4
175.9
176.42
176.93
177.45
177.95
178.42
178.95
179.44
179.98
180.48
180.96
181.45
181.99
182.56
183.1
183.64
184.14
184.65
185.2
185.71
186.28
186.82
187.33
187.87
188.44
188.97
189.49
190.03
190.6
191.14
191.64
192.17
192.7
193.23
193.77
194.32
194.8
195.29
195.8
196.3
196.78
197.26
197.77
198.26
198.76
199.22
199.74
200.23
200.72
201.19
201.71
202.23
202.77
203.31
203.82
204.34
204.84
205.34
205.88
206.43
206.94
207.52
208.09
208.56
209.06
209.59
210.06
210.57
211.05
211.52
