0.04
0.52
0.98
1.44
1.9
2.34
2.81
3.27
3.74
4.17
4.62
5.09
5.55
6.01
6.46
6.92
7.4
7.86
8.32
8.78
9.24
9.7
10.15
10.61
11.06
11.52
12.0
12.46
12.91
13.36
13.83
14.29
14.75
15.2
15.68
16.12
16.59
17.05
17.54
18.0
18.46
18.91
19.35
19.8
20.26
20.72
21.17
21.6
22.06
22.51
22.96
23.39
23.84
24.26
24.71
25.14
25.59
26.04
26.48
26.92
27.36
27.81
28.27
28.72
29.15
29.58
30.04
30.5
30.94
31.41
31.89
32.38
32.85
33.35
33.82
34.27
34.72
35.18
35.63
36.09
36.53
36.97
37.41
37.84
38.29
38.73
39.18
39.61
40.07
40.53
40.97
41.41
41.85
42.31
42.75
43.18
43.62
44.08
44.53
44.97
45.42
45.86
46.31
46.74
47.2
47.63
48.08
48.51
48.95
49.39
49.84
50.28
50.71
51.14
51.59
52.02
52.46
52.92
53.36
53.83
54.28
54.79
55.26
55.75
56.28
56.79
57.32
57.85
58.37
58.86
59.4
59.92
