0.03
0.49
0.96
1.42
1.88
2.32
2.76
3.19
3.65
4.07
4.49
4.91
5.34
5.76
6.17
6.58
7.04
7.48
7.91
8.34
8.77
9.2
9.62
10.06
10.49
10.93
11.36
11.78
12.23
12.67
13.11
13.54
13.97
14.41
14.87
15.3
15.74
16.17
16.6
17.04
17.46
17.88
18.31
18.75
19.19
19.6
20.03
20.47
20.89
21.32
21.76
22.21
22.65
23.1
23.55
23.99
24.46
24.89
25.32
25.77
26.21
26.64
27.05
27.5
27.94
28.37
28.81
29.27
29.74
30.2
30.67
31.17
31.64
32.12
32.59
33.05
33.51
33.98
34.46
34.95
35.43
35.9
36.4
36.87
37.31
37.75
38.2
38.65
39.09
39.53
39.98
40.42
40.84
41.28
41.72
42.15
42.59
43.02
43.44
43.88
44.32
44.74
45.17
45.61
46.04
46.45
46.9
47.34
47.76
48.23
48.68
49.12
49.57
50.03
50.5
50.96
51.42
51.88
52.35
52.81
53.27
53.71
54.13
54.57
55.04
55.5
55.98
56.46
56.91
57.39
57.87
58.34
