0.34
0.81
1.29
1.81
2.29
2.81
3.33
3.81
4.28
4.75
5.25
5.74
6.23
6.7
7.19
7.7
8.18
8.65
9.14
9.62
10.14
10.64
11.1
11.56
12.03
12.52
12.99
13.45
13.89
14.36
14.84
15.3
15.76
16.23
16.73
17.22
17.7
18.19
18.67
19.17
19.64
20.1
20.57
21.05
21.51
21.95
22.41
22.88
23.36
23.83
24.3
24.75
25.22
25.67
26.14
26.6
27.07
27.57
28.05
28.52
29.01
29.49
29.96
30.42
30.89
31.38
31.87
32.35
32.83
33.34
33.82
34.29
34.76
35.22
35.71
36.18
36.67
37.18
37.65
38.11
38.59
39.06
39.53
40.01
40.47
40.93
41.42
41.89
42.37
42.84
43.31
43.76
44.24
44.73
45.2
45.67
46.13
46.62
47.09
47.56
48.02
48.5
48.99
49.45
49.94
50.41
50.89
51.38
51.84
52.3
52.77
53.22
53.67
54.14
54.62
55.08
55.54
55.98
56.45
56.94
57.41
57.87
58.31
58.77
59.23
59.71
60.17
60.64
61.11
61.58
