0.0
1.04
1.9
2.8
3.7
4.74
5.69
6.52
7.32
8.11
8.93
9.76
10.66
11.48
12.34
13.21
14.11
14.88
15.68
16.49
17.3
18.18
19.11
20.02
20.81
21.67
22.5
23.32
24.18
24.98
25.85
26.55
27.05
27.53
28.03
28.54
29.03
29.54
30.06
30.56
31.04
31.53
32.03
32.53
33.06
33.56
34.06
34.56
35.03
35.54
36.03
36.54
37.05
37.59
38.08
38.56
39.03
39.52
40.06
40.6
41.16
41.7
42.27
42.86
43.43
44.0
44.55
45.11
45.74
46.37
47.03
47.66
48.25
48.88
49.44
50.02
50.55
51.09
51.65
52.22
52.73
53.27
53.84
54.34
54.79
55.24
55.71
56.16
56.64
57.12
57.57
58.05
58.52
58.98
59.45
59.91
60.36
60.82
61.28
61.73
62.18
62.62
63.07
63.52
63.94
64.38
64.86
65.36
65.87
66.35
66.83
67.3
67.79
68.25
68.73
69.21
69.71
70.19
70.71
71.19
71.68
72.16
72.74
73.36
73.93
74.56
75.13
75.73
76.31
76.91
77.46
78.07
78.65
79.24
79.85
80.45
81.02
81.63
82.24
82.88
83.48
84.09
84.68
85.31
85.89
86.5
87.06
87.67
88.24
88.83
89.44
90.01
90.6
91.21
91.8
92.36
92.84
93.35
93.86
94.37
94.91
95.41
95.91
96.38
96.86
97.36
97.83
98.32
98.81
99.27
99.74
100.2
100.7
101.18
101.68
102.16
102.7
103.23
103.82
104.43
105.05
105.62
106.23
106.87
107.48
108.08
108.64
109.2
109.78
110.34
110.91
111.45
112.01
112.59
113.16
113.69
114.27
114.86
115.48
116.07
116.65
117.23
117.79
118.36
118.87
119.41
119.98
120.5
121.06
121.59
122.04
122.53
122.98
123.46
123.94
124.4
124.85
125.32
125.78
126.25
126.73
127.18
127.66
128.12
128.57
129.03
129.51
129.98
130.45
130.9
131.35
131.8
132.24
132.69
133.18
133.7
134.18
134.65
135.13
135.61
136.11
136.57
137.06
137.52
137.99
138.46
138.96
139.43
139.94
140.46
140.93
141.48
142.03
142.6
143.15
143.7
144.26
144.78
145.33
145.92
146.59
147.26
147.88
148.54
149.23
149.89
150.51
151.11
151.76
152.34
152.95
153.59
154.2
154.8
155.42
156.0
156.63
157.22
157.86
158.44
159.04
159.56
160.09
160.63
161.19
161.74
162.31
162.83
163.38
163.87
164.39
164.89
165.41
165.94
166.47
167.0
167.52
168.02
168.54
168.98
169.45
169.88
170.33
170.77
171.22
171.67
172.11
172.54
172.97
173.41
173.88
174.34
174.8
175.25
175.71
176.14
176.55
176.99
177.42
177.84
178.28
178.71
179.14
179.58
180.01
180.44
180.89
181.31
181.75
182.2
182.65
183.08
183.5
183.93
184.37
184.82
185.25
185.68
186.13
186.55
186.96
187.39
187.8
188.22
188.64
189.05
189.48
189.93
190.36
190.78
191.2
191.64
192.09
192.57
193.01
193.47
193.95
194.41
194.85
195.31
195.79
196.29
196.75
197.23
197.73
198.21
198.69
199.17
199.63
200.13
200.61
201.07
201.57
202.04
202.51
203.01
203.48
203.99
204.5
205.07
205.63
206.24
206.82
207.39
207.95
208.56
209.13
209.67
210.17
210.73
211.23
211.77
212.3
212.81
213.26
213.71
214.19
214.63
215.09
215.55
216.07
216.6
217.1
217.58
218.06
218.52
219.08
219.64
220.19
220.73
221.28
221.88
222.5
223.15
223.77
224.37
224.98
225.63
226.26
226.97
227.65
228.36
229.02
229.57
230.09
230.6
231.14
231.72
232.32
232.9
233.45
234.02
234.6
235.16
235.73
236.28
236.87
237.43
237.96
238.46
238.99
239.53
240.05
240.61
241.14
241.65
242.13
242.57
243.03
243.47
243.91
244.35
244.79
245.25
245.73
246.19
246.65
247.08
247.54
247.99
248.45
248.95
249.43
249.91
250.38
250.86
251.31
251.77
252.22
252.72
253.23
253.74
254.25
254.74
255.24
255.71
256.18
256.68
257.14
257.62
258.1
258.59
259.04
259.51
259.99
260.47
260.94
261.39
261.87
262.33
262.78
263.26
263.69
264.13
264.56
265.02
265.44
265.88
266.33
266.78
267.25
267.67
268.11
268.55
269.0
269.41
269.84
270.28
270.7
271.12
271.56
271.95
272.36
272.77
273.2
273.61
274.0
274.41
274.85
275.27
275.71
276.16
276.6
277.02
277.48
277.93
278.39
278.82
279.29
279.73
280.18
280.64
281.08
281.51
281.94
282.38
282.82
283.26
283.72
284.16
284.62
285.08
285.55
286.02
286.48
286.92
287.37
287.82
288.27
288.75
289.21
289.66
290.1
290.53
290.97
291.38
291.81
292.26
292.74
293.2
293.69
294.17
294.72
295.24
295.73
296.27
296.79
297.31
297.86
298.41
298.96
299.54
300.09
300.61
301.08
301.58
302.04
302.52
303.01
303.46
303.89
304.33
304.78
305.2
305.64
306.06
306.51
306.99
307.45
307.91
308.35
308.79
309.22
309.63
310.06
310.51
310.94
311.36
311.77
312.18
312.6
313.04
313.45
313.88
314.3
314.72
315.13
315.57
316.01
316.43
316.83
317.26
317.69
318.11
318.55
318.99
319.43
319.88
320.32
320.76
321.19
321.61
322.03
322.46
322.9
323.35
323.8
324.28
324.72
325.2
325.66
326.1
326.56
327.0
327.45
327.92
328.35
328.81
329.27
329.7
330.15
330.6
331.08
331.52
331.99
332.47
332.95
333.4
333.88
334.38
334.86
335.39
335.95
336.47
336.96
337.45
337.96
338.47
338.97
339.44
339.94
340.42
340.88
341.39
341.85
342.41
342.91
343.46
344.0
344.53
345.09
345.62
346.16
346.7
347.26
347.77
348.33
348.83
349.38
349.91
350.42
351.01
351.54
352.12
352.7
353.26
353.84
354.43
354.99
355.61
356.26
356.95
357.59
358.23
358.85
359.45
360.06
360.71
361.39
362.11
362.72
363.34
363.96
364.61
365.19
365.8
366.44
367.05
367.62
368.2
368.79
369.4
369.97
370.56
371.16
371.79
372.38
372.94
373.53
374.15
374.72
375.32
375.91
376.37
376.85
377.32
377.78
378.24
378.69
379.15
379.61
380.08
380.55
381.03
381.5
381.97
382.45
382.92
383.37
383.84
384.31
384.76
385.22
385.69
386.13
386.59
387.05
387.52
387.99
388.47
388.93
389.43
389.91
390.39
390.85
391.35
391.82
392.31
392.77
393.27
393.73
394.26
394.76
395.23
395.73
396.23
396.75
397.22
397.69
398.19
398.63
399.11
399.57
400.02
400.48
400.93
401.38
401.85
402.28
402.74
403.2
403.63
404.08
404.53
404.98
405.45
405.86
406.31
406.71
407.13
407.55
407.99
408.41
408.87
409.3
409.74
410.17
410.62
411.07
411.51
411.95
412.37
412.81
413.26
413.69
414.14
414.59
415.03
415.47
415.93
416.38
416.81
417.27
417.72
418.2
418.67
419.13
419.6
420.08
420.56
421.02
421.47
421.93
422.38
422.84
423.3
423.78
424.24
424.7
425.15
425.59
426.04
426.48
426.93
427.38
427.85
428.33
428.81
429.3
429.81
430.33
