3.7
7.45
11.01
14.85
18.6
22.31
25.85
28.02
30.07
32.02
33.96
36.09
38.08
40.05
42.27
44.54
47.02
49.43
51.65
53.83
55.7
57.56
59.44
61.27
63.07
64.86
66.82
68.72
70.7
72.74
75.13
77.47
79.62
81.46
83.25
84.91
86.49
88.19
89.89
91.69
93.54
95.41
97.35
99.27
101.18
103.02
104.88
106.72
108.64
110.9
113.15
115.47
117.78
119.98
122.04
123.93
125.78
127.65
129.5
131.35
133.17
135.13
137.06
138.95
140.92
143.14
145.53
147.87
150.71
153.62
156.33
158.78
161.18
163.37
165.38
167.51
169.43
171.22
172.95
174.79
176.55
178.28
180.0
181.75
183.49
185.25
186.95
188.63
190.35
192.07
193.94
196.1
198.21
200.12
202.03
203.98
206.21
208.55
211.19
213.71
216.06
218.5
220.72
223.09
225.62
228.35
230.59
232.89
235.15
237.41
239.53
241.64
243.46
245.24
247.07
248.94
250.85
252.71
254.72
256.67
258.51
260.18
261.86
263.56
265.42
267.26
268.96
270.69
272.36
273.97
275.69
277.47
279.28
281.07
282.81
284.61
286.47
288.26
290.09
291.79
293.68
295.73
297.84
299.71
301.57
303.45
305.19
306.98
308.78
310.49
312.17
313.86
315.56
317.26
318.99
320.75
322.45
324.28
326.09
327.89
329.69
331.54
333.4
335.39
337.44
339.63
342.15
344.76
347.26
349.68
352.11
354.42
357.05
359.44
362.09
364.6
367.05
369.39
371.77
374.15
376.35
378.23
380.07
381.96
383.83
385.67
387.49
389.43
391.34
393.15
394.79
396.48
398.2
400.01
401.85
403.65
405.44
407.12
408.86
410.62
412.36
414.13
415.91
417.7
419.58
421.46
423.29
425.15
426.91
428.8
