0.25
0.82
1.35
1.93
2.46
3.0
3.56
4.11
4.63
5.14
5.66
6.18
6.74
7.27
7.79
8.28
8.78
9.29
9.8
10.31
10.83
11.34
11.83
12.35
12.86
13.38
13.86
14.37
14.87
15.39
15.88
16.39
16.91
17.4
17.88
18.38
18.87
19.37
19.86
20.39
20.92
21.43
21.94
22.44
22.95
23.44
23.93
24.45
24.98
25.48
25.96
26.47
26.94
27.43
27.94
28.45
28.98
29.47
29.98
30.45
30.94
31.43
31.9
32.38
32.85
33.34
33.81
34.28
34.76
35.24
35.71
36.19
36.68
37.17
37.65
38.18
38.68
39.19
39.7
40.24
40.75
41.25
41.75
42.26
42.75
43.27
43.77
44.27
44.76
45.28
45.77
46.26
46.76
47.28
47.75
48.24
48.73
49.25
49.76
50.25
50.75
51.24
51.75
52.24
52.73
53.23
53.77
54.25
54.76
55.24
55.76
56.26
56.75
57.25
57.76
58.26
58.76
59.27
59.75
60.24
60.71
61.17
61.66
62.13
62.6
63.06
63.53
64.01
64.48
64.94
65.39
65.85
66.32
66.81
67.29
67.77
68.23
68.74
69.24
69.71
70.2
70.71
71.19
71.66
72.15
72.65
73.15
73.62
74.11
74.62
75.12
75.66
76.2
76.7
77.21
77.69
78.21
78.7
79.18
79.65
80.15
80.65
81.13
81.6
82.08
82.58
83.07
83.59
84.12
84.61
85.13
85.63
86.09
86.58
87.07
87.58
88.1
88.59
89.08
89.57
90.07
90.57
91.05
91.57
92.08
92.58
93.06
93.57
94.07
94.58
95.09
95.6
96.08
96.58
97.09
97.6
98.08
98.58
99.09
99.59
100.05
100.56
101.04
101.54
102.03
102.55
103.06
103.57
104.08
104.59
105.07
105.53
106.01
106.48
106.94
107.5
108.02
108.59
109.12
109.64
110.19
110.69
111.25
111.76
