0.23
0.85
1.44
2.08
2.7
3.33
3.95
4.6
5.19
5.76
6.33
6.91
7.5
8.09
8.65
9.2
9.77
10.34
10.89
11.5
12.08
12.67
13.23
13.81
14.39
14.96
15.54
16.12
16.7
17.26
17.84
18.42
19.02
19.59
20.15
20.71
21.26
21.84
22.39
22.98
23.57
24.14
24.71
25.3
25.88
26.44
27.01
27.61
28.19
28.77
29.34
29.89
30.46
31.01
31.56
32.15
32.72
33.28
33.87
34.43
34.99
35.55
36.1
36.65
37.21
37.79
38.33
38.88
39.43
39.98
40.54
41.09
41.64
42.21
42.78
43.36
43.95
44.52
45.07
45.62
46.21
46.78
47.36
47.91
48.48
49.08
49.66
50.21
50.76
51.32
51.89
52.46
53.03
53.61
54.17
54.72
55.26
55.86
56.45
57.02
57.58
58.15
58.73
59.32
59.88
60.46
61.05
61.62
62.18
62.71
63.27
63.82
64.39
64.96
65.57
66.14
66.72
67.3
67.86
68.41
68.94
69.5
70.04
70.6
71.15
71.69
72.21
72.7
73.2
73.75
74.3
74.83
75.35
75.9
76.44
76.98
77.51
78.08
78.64
79.19
79.73
80.3
80.86
81.43
81.99
82.55
83.12
83.67
84.22
84.77
85.31
85.87
86.42
87.0
87.55
88.09
88.66
89.23
89.77
90.31
90.86
91.41
91.94
92.48
93.04
93.59
94.13
94.72
95.3
95.88
96.47
97.04
97.62
98.17
98.72
99.31
99.87
100.46
101.02
101.58
102.15
102.73
103.28
103.88
104.46
105.04
105.61
106.16
106.74
107.31
107.89
108.46
109.03
109.62
110.2
110.78
111.35
111.95
112.5
113.08
113.64
114.2
114.74
115.32
115.88
116.47
117.05
117.61
118.19
118.74
119.29
119.83
120.38
120.91
121.46
122.06
122.61
123.21
123.87
124.54
125.17
125.84
126.51
