0.83
2.22
3.63
5.08
6.41
7.72
9.05
10.39
11.69
12.97
14.28
15.6
16.95
18.26
19.64
20.96
22.28
23.55
24.84
26.15
27.47
28.78
30.07
31.34
32.68
33.99
35.26
36.57
37.91
39.22
40.52
41.8
43.08
44.33
45.62
46.89
48.19
49.52
50.87
52.22
53.55
54.88
56.28
57.6
58.9
60.21
61.48
62.76
64.09
65.42
66.78
68.13
69.49
70.85
72.21
73.53
74.82
76.14
77.46
78.76
80.03
81.31
82.59
83.85
85.11
86.41
87.77
89.11
90.43
91.72
93.04
94.37
95.67
96.97
98.25
99.44
100.72
102.0
103.3
104.58
105.87
107.13
108.4
109.76
111.13
112.46
113.75
115.11
116.45
117.76
119.08
120.38
121.69
123.02
124.36
125.71
127.05
128.4
129.72
131.04
132.31
133.63
134.97
136.34
137.71
138.98
140.27
141.55
142.81
144.06
