0.18
0.85
1.51
2.22
2.93
3.64
4.37
5.09
5.76
6.41
7.05
7.72
8.4
9.06
9.74
10.4
11.05
11.7
12.33
12.98
13.64
14.29
14.96
15.61
16.29
16.96
17.6
18.27
18.95
19.64
20.32
20.97
21.65
22.3
22.92
23.56
24.2
24.84
25.49
26.15
26.83
27.48
28.13
28.78
29.43
30.08
30.7
31.34
32.03
32.68
33.34
34.0
34.64
35.27
35.91
36.58
37.26
37.92
38.58
39.23
39.88
40.54
41.17
41.81
42.44
43.09
43.71
44.34
44.97
45.63
46.27
46.89
47.52
48.19
48.85
49.53
50.23
50.88
51.54
52.24
52.89
53.56
54.2
54.89
55.57
56.29
56.98
57.61
58.26
58.91
59.56
60.22
60.85
61.48
62.13
62.77
63.41
64.1
64.78
65.43
66.1
66.79
67.46
68.13
68.8
69.5
70.19
70.86
71.53
72.22
72.89
73.55
74.17
74.83
75.5
76.15
76.83
77.47
78.12
78.76
79.41
80.04
80.68
81.31
81.96
82.6
83.23
83.86
84.49
85.12
85.77
86.41
87.05
87.8
88.48
89.12
89.77
90.44
91.1
91.73
92.38
93.05
93.73
94.38
95.03
95.68
96.33
96.98
97.6
98.26
98.85
99.43
100.08
100.73
101.37
102.01
102.65
103.31
103.96
104.58
105.23
105.88
106.52
107.14
107.76
108.4
109.04
109.77
110.48
111.14
111.81
112.47
113.12
113.76
114.42
115.11
115.8
116.46
117.12
117.76
118.43
119.08
119.72
120.39
121.07
121.7
122.35
123.03
123.69
124.37
125.06
125.72
126.39
127.06
127.76
128.42
129.07
129.73
130.39
131.06
131.67
132.32
132.97
133.64
134.3
134.98
135.67
136.34
137.02
137.78
138.51
139.16
139.8
140.45
141.09
141.87
142.64
143.44
144.38
145.28
146.19
147.04
147.94
