0.23
0.82
1.36
1.96
2.52
3.12
3.73
4.31
4.87
5.4
5.94
6.5
7.06
7.62
8.19
8.74
9.27
9.84
10.36
10.91
11.48
12.03
12.56
13.08
13.62
14.18
14.72
15.26
15.83
16.38
16.94
17.47
18.03
18.57
19.11
19.63
20.15
20.69
21.24
21.8
22.37
22.91
23.45
24.0
24.55
25.05
25.6
26.11
26.67
27.21
27.75
28.32
28.87
29.41
29.94
30.5
31.06
31.62
32.18
32.74
33.27
33.83
34.37
34.91
35.45
36.01
36.54
37.08
37.63
38.2
38.74
39.27
39.8
40.33
40.87
41.44
42.0
42.56
43.12
43.7
44.28
44.83
45.39
45.94
46.49
47.05
47.61
48.13
48.66
49.21
49.75
50.29
50.84
51.38
51.92
52.46
53.0
53.56
54.11
54.66
55.23
55.79
56.33
56.92
57.47
58.05
58.63
59.18
59.74
60.3
60.88
61.44
62.0
62.54
63.11
63.67
64.24
64.81
65.35
65.88
66.43
66.97
67.51
68.05
68.61
69.13
69.67
70.2
70.73
71.25
71.8
72.35
72.89
73.44
74.01
74.54
75.08
75.65
76.2
76.75
77.29
77.86
78.42
78.98
79.51
80.06
80.62
81.15
81.69
82.24
82.75
83.27
83.83
84.37
84.92
85.44
85.99
86.55
87.09
87.62
88.16
88.72
89.26
89.79
90.32
90.84
91.38
91.92
92.46
93.01
93.56
94.1
94.62
95.13
95.66
96.22
96.76
97.32
97.89
98.43
98.95
99.51
100.03
100.58
101.12
101.65
102.17
102.69
103.24
103.76
104.33
104.9
105.45
105.98
106.54
107.1
107.65
108.18
108.73
109.28
109.81
110.34
110.86
111.39
111.93
112.46
112.99
113.52
114.06
114.59
115.1
115.62
116.15
116.65
117.15
117.68
118.2
118.71
119.27
119.79
120.33
120.86
121.36
