0.22
0.81
1.37
1.97
2.54
3.15
3.73
4.36
4.95
5.5
6.05
6.62
7.23
7.79
8.35
8.91
9.51
10.1
10.65
11.26
11.86
12.43
13.0
13.6
14.21
14.77
15.33
15.9
16.48
17.06
17.61
18.18
18.77
19.35
19.94
20.52
21.05
21.59
22.12
22.72
23.33
23.89
24.46
25.08
25.66
26.23
26.8
27.38
27.98
28.56
29.11
29.68
30.27
30.84
31.39
31.99
32.59
33.15
33.71
34.3
34.9
35.45
36.02
36.57
37.14
37.7
38.24
38.79
39.36
39.93
40.51
41.12
41.7
42.27
42.83
43.43
44.0
44.58
45.15
45.76
46.32
46.88
47.43
48.04
48.63
49.27
49.84
50.4
50.93
51.48
52.06
52.64
53.18
53.76
54.33
54.89
55.42
56.01
56.6
57.16
57.73
58.35
58.93
59.51
60.07
60.68
61.29
61.86
62.4
62.96
63.56
64.14
64.69
65.28
65.86
66.44
66.98
67.53
68.12
68.68
69.21
69.73
70.28
70.82
71.35
71.89
72.43
72.97
73.51
74.04
74.59
75.15
75.7
76.29
76.84
77.37
77.9
78.47
79.03
79.58
80.11
80.68
81.25
81.89
82.48
83.13
83.73
84.25
84.79
85.36
85.93
86.49
87.07
87.65
88.23
88.8
89.34
89.93
90.53
91.08
91.65
92.24
92.83
93.39
93.92
94.49
95.03
95.61
96.21
96.77
97.34
97.99
98.61
99.13
99.66
100.27
100.88
101.46
102.02
102.59
103.17
103.73
104.27
104.87
105.46
106.03
106.59
107.21
107.84
108.4
108.99
109.59
110.16
110.72
111.3
111.91
112.47
113.03
113.61
114.16
114.74
115.35
115.91
116.44
116.98
117.57
118.17
118.74
119.33
119.95
120.57
121.16
121.73
122.34
122.93
123.55
124.16
124.81
125.46
126.08
126.73
127.37
128.0
128.62
129.25
