2.0
4.49
6.89
9.32
11.8
14.28
16.73
19.18
21.59
23.99
26.44
28.82
31.33
33.72
36.13
38.5
40.89
43.3
45.72
48.2
50.67
52.99
54.37
55.6
56.85
58.07
59.3
60.54
61.79
63.03
64.27
65.51
66.71
67.92
69.13
70.37
71.59
72.78
73.98
75.19
76.39
77.61
78.8
80.0
81.2
82.41
83.65
84.88
86.09
87.29
88.49
89.72
90.97
92.23
93.51
94.74
96.0
97.23
98.48
99.72
100.96
102.23
103.51
104.76
106.03
107.28
108.54
109.77
111.04
112.29
113.55
114.83
116.11
117.39
118.66
119.95
121.22
122.48
123.69
124.92
126.15
127.42
128.69
129.93
131.17
132.46
133.81
135.21
