0.22
0.81
1.38
2.01
2.61
3.22
3.84
4.5
5.12
5.71
6.28
6.89
7.51
8.11
8.72
9.33
9.97
10.6
11.19
11.81
12.45
13.06
13.69
14.29
14.93
15.53
16.13
16.74
17.37
17.98
18.57
19.19
19.8
20.42
21.0
21.6
22.18
22.8
23.38
24.0
24.63
25.23
25.84
26.45
27.04
27.62
28.21
28.84
29.5
30.12
30.72
31.34
31.94
32.55
33.12
33.73
34.35
34.94
35.54
36.14
36.74
37.34
37.91
38.51
39.11
39.73
40.32
40.9
41.5
42.11
42.7
43.31
43.9
44.52
45.09
45.73
46.36
46.98
47.6
48.21
48.8
49.42
50.04
50.68
51.3
51.94
52.56
53.17
53.76
54.38
55.0
55.61
56.21
56.86
57.48
58.08
58.67
59.31
59.93
60.54
61.16
61.81
62.42
63.06
63.65
64.27
64.9
65.51
66.12
66.72
67.32
67.93
68.53
69.13
69.76
70.38
70.99
71.61
72.2
72.79
73.39
73.98
74.59
75.19
75.79
76.4
77.02
77.62
78.21
78.81
79.41
80.01
80.59
81.21
81.81
82.42
83.01
83.66
84.28
84.89
85.48
86.1
86.7
87.3
87.89
88.51
89.11
89.72
90.34
90.98
91.59
92.24
92.87
93.52
94.14
94.75
95.36
96.01
96.62
97.24
97.86
98.49
99.12
99.73
100.34
100.97
101.57
102.24
102.89
103.52
104.14
104.77
105.42
106.04
106.65
107.29
107.93
108.55
109.16
109.78
110.42
111.06
111.66
112.29
112.94
113.56
114.18
114.86
115.49
116.12
116.77
117.39
118.02
118.66
119.31
119.96
120.59
121.21
121.86
122.49
123.09
123.7
124.31
124.93
125.52
126.16
126.8
127.43
128.06
128.7
129.32
129.93
130.55
131.19
131.8
132.47
133.09
133.68
134.3
134.92
135.56
136.19
136.81
137.42
138.02
138.64
139.29
