0.24
0.88
1.48
2.13
2.73
3.36
4.04
4.71
5.32
5.91
6.49
7.08
7.68
8.31
8.93
9.54
10.13
10.72
11.29
11.91
12.52
13.11
13.68
14.3
14.91
15.51
16.09
16.7
17.31
17.89
18.49
19.08
19.7
20.27
20.85
21.45
22.05
22.62
23.2
23.81
24.39
24.98
25.57
26.19
26.79
27.36
27.92
28.52
29.14
29.72
30.29
30.91
31.49
32.07
32.65
33.27
33.9
34.5
35.14
35.71
36.29
36.86
37.44
37.99
38.58
39.16
39.74
40.3
40.88
41.46
42.01
42.59
43.18
43.76
44.34
44.96
45.55
46.15
46.75
47.37
47.97
48.57
49.15
49.74
50.34
50.94
51.51
52.1
52.68
53.26
53.83
54.4
54.95
55.52
56.08
56.64
57.23
57.86
58.46
59.06
59.65
60.26
60.84
61.44
62.01
62.63
63.26
63.86
64.43
65.02
65.61
66.2
66.77
67.36
67.94
68.55
69.12
69.71
70.27
70.83
71.4
71.97
72.54
73.12
73.69
74.27
74.84
75.44
76.01
76.59
77.13
77.7
78.27
78.87
79.43
79.99
80.56
81.14
81.7
82.26
82.83
83.4
83.96
84.51
85.08
85.66
86.24
86.79
87.33
87.9
88.45
88.99
89.56
90.18
90.76
91.32
91.9
92.5
93.07
93.61
94.18
94.77
95.31
95.86
96.4
96.95
97.52
98.16
98.76
99.34
99.92
100.53
101.1
101.65
102.22
102.8
103.41
104.0
104.58
105.15
105.71
106.27
106.84
107.45
108.04
108.62
109.19
109.81
110.39
110.98
111.6
112.18
112.76
113.36
113.96
114.57
115.15
115.76
116.38
116.97
117.55
118.17
118.78
119.37
119.96
120.57
121.16
121.74
122.34
122.99
123.69
124.38
125.05
125.76
126.42
127.11
127.77
128.38
129.05
129.69
130.32
130.95
