0.24
0.82
1.37
1.96
2.55
3.14
3.73
4.31
4.89
5.45
5.99
6.53
7.08
7.64
8.17
8.68
9.22
9.79
10.35
10.92
11.49
12.05
12.59
13.13
13.7
14.25
14.79
15.33
15.89
16.46
17.0
17.55
18.11
18.66
19.2
19.75
20.29
20.84
21.38
21.93
22.51
23.06
23.62
24.18
24.74
25.28
25.82
26.37
26.95
27.49
28.02
28.57
29.11
29.68
30.23
30.8
31.36
31.9
32.46
33.01
33.56
34.1
34.63
35.19
35.75
36.32
36.86
37.42
37.99
38.56
39.11
39.65
40.21
40.76
41.31
41.9
42.48
43.03
43.6
44.17
44.74
45.3
45.85
46.4
46.97
47.56
48.14
48.68
49.23
49.8
50.36
50.9
51.43
52.0
52.54
53.07
53.61
54.17
54.76
55.32
55.87
56.42
56.97
57.54
58.09
58.67
59.24
59.79
60.34
60.91
61.47
62.02
62.56
63.13
63.71
64.27
64.84
65.4
65.96
66.5
67.04
67.58
68.13
68.67
69.22
69.76
70.3
70.83
71.37
71.92
72.47
73.01
73.56
74.12
74.64
75.18
75.71
76.28
76.85
77.39
77.93
78.5
79.05
79.59
80.12
80.67
81.22
81.76
82.28
82.83
83.34
83.86
84.41
84.96
85.51
86.05
86.59
87.14
87.68
88.21
88.76
89.3
89.84
90.36
90.9
91.45
92.0
92.57
93.16
93.71
94.26
94.81
95.39
95.93
96.47
97.03
97.62
98.17
98.71
99.25
99.81
100.39
100.94
101.52
102.11
102.65
103.21
103.77
104.33
104.9
105.46
106.03
106.59
107.16
107.72
108.31
108.85
109.41
109.99
110.56
111.1
111.65
112.21
112.78
113.33
113.89
114.46
115.02
115.57
116.15
116.69
117.23
117.79
118.34
118.89
119.47
120.1
120.71
121.3
121.91
122.53
123.12
123.75
124.37
124.95
