0.84
2.22
3.55
4.86
6.16
7.43
8.74
9.97
11.22
12.49
13.75
14.98
16.25
17.52
18.81
20.08
21.37
22.6
23.84
25.14
26.42
27.69
28.93
30.16
31.44
32.69
33.94
35.22
36.47
37.72
38.98
40.21
41.46
42.7
43.97
45.2
46.46
47.78
49.08
50.35
51.6
52.84
54.21
55.55
56.83
58.09
59.36
60.63
61.92
63.21
64.49
65.78
67.06
68.33
69.59
70.86
72.12
73.4
74.64
75.88
77.1
78.34
79.63
80.87
82.07
83.28
84.49
85.68
86.93
88.17
89.41
90.64
91.88
93.11
94.27
95.39
96.66
97.92
99.2
100.44
101.72
102.97
104.24
105.55
106.87
108.18
109.45
110.74
112.02
113.3
114.57
115.83
117.09
118.34
119.64
120.92
122.19
123.52
124.81
126.13
127.39
128.67
129.98
131.25
132.61
133.89
135.13
136.45
137.73
