0.18
0.87
1.52
2.23
2.89
3.55
4.19
4.87
5.51
6.16
6.79
7.44
8.1
8.74
9.36
9.98
10.59
11.24
11.86
12.49
13.13
13.76
14.35
14.98
15.62
16.27
16.89
17.52
18.18
18.83
19.45
20.09
20.74
21.38
21.99
22.6
23.23
23.84
24.46
25.15
25.8
26.43
27.05
27.69
28.32
28.94
29.55
30.17
30.82
31.44
32.07
32.7
33.33
33.95
34.57
35.23
35.86
36.47
37.1
37.73
38.36
38.99
39.6
40.22
40.84
41.47
42.09
42.71
43.34
43.97
44.6
45.21
45.83
46.47
47.1
47.79
48.46
49.09
49.72
50.36
50.99
51.61
52.24
52.84
53.57
54.26
54.91
55.55
56.19
56.83
57.47
58.09
58.72
59.37
60.02
60.63
61.25
61.93
62.59
63.21
63.84
64.5
65.13
65.79
66.43
67.07
67.71
68.34
68.96
69.6
70.24
70.87
71.49
72.12
72.77
73.4
74.02
74.65
75.27
75.89
76.5
77.11
77.72
78.33
78.93
79.52
80.12
80.73
81.33
81.93
82.53
83.14
83.75
84.37
84.96
85.54
86.15
86.8
87.42
88.03
88.64
89.27
89.88
90.5
91.11
91.75
92.36
92.97
93.57
94.19
94.81
95.4
96.03
96.67
97.3
97.92
98.56
99.2
99.82
100.45
101.08
101.72
102.36
102.97
103.61
104.24
104.88
105.56
106.22
106.87
107.52
108.19
108.83
109.46
110.1
110.75
111.4
112.03
112.66
113.31
113.94
114.58
115.19
115.84
116.48
117.1
117.69
118.35
119.0
119.64
120.3
120.93
121.57
122.2
122.86
123.53
124.18
124.82
125.49
126.14
126.77
127.4
128.03
128.67
129.3
129.98
130.63
131.25
131.9
132.63
133.26
133.89
134.53
135.15
135.79
136.45
137.08
137.74
138.36
139.01
139.61
140.26
140.87
141.51
142.13
