0.24
1.01
1.81
2.6
3.32
4.09
4.82
5.58
6.38
7.14
7.89
8.62
9.4
10.18
10.94
11.66
12.45
13.18
13.86
14.58
15.34
16.07
16.85
17.64
18.43
19.25
20.03
20.79
21.6
22.34
23.07
23.84
24.57
25.36
26.07
26.87
27.6
28.36
29.11
29.91
30.62
31.38
32.14
32.84
33.58
34.35
35.07
35.82
36.56
37.32
38.02
38.78
39.61
40.43
41.25
42.04
42.98
43.95
45.0
45.99
47.01
48.1
49.17
50.14
51.15
52.1
53.13
54.08
55.01
55.94
56.89
57.84
58.84
59.75
60.71
61.69
62.63
63.56
64.51
65.37
66.24
67.16
67.99
68.81
69.61
70.48
71.32
72.11
72.96
73.76
74.59
75.49
76.31
77.23
78.08
78.96
79.84
80.71
81.57
82.44
83.37
84.44
85.51
86.58
87.61
88.7
89.85
90.8
91.75
92.83
93.88
94.97
95.98
97.06
98.13
99.24
100.34
101.46
102.5
103.57
104.64
105.68
106.7
107.66
108.58
109.62
110.63
111.66
112.8
113.84
114.95
116.08
117.14
118.2
119.31
120.4
121.5
122.53
123.38
124.3
125.28
126.18
127.28
128.36
129.43
130.35
131.29
132.12
132.91
133.75
134.53
135.25
136.01
136.8
137.53
138.3
139.07
139.83
140.62
141.42
142.26
143.02
143.82
144.62
145.44
146.19
146.85
147.47
148.14
148.77
149.39
150.0
150.63
151.3
151.94
152.57
153.2
153.87
154.53
155.24
155.97
156.67
157.39
158.17
158.87
159.64
160.42
161.22
162.01
162.78
163.48
164.15
164.8
165.5
166.2
166.86
167.59
168.27
168.91
169.53
170.18
170.82
171.46
172.04
172.58
173.09
173.61
174.18
174.77
175.35
175.96
176.55
177.17
177.75
178.4
179.03
179.65
180.26
180.92
181.57
182.27
182.91
183.58
184.22
184.84
185.48
186.11
186.78
187.41
187.98
188.55
189.13
189.7
190.35
190.97
191.56
192.2
192.8
193.42
194.07
194.67
195.3
195.97
196.57
197.21
197.86
198.47
199.1
199.69
200.3
200.88
201.48
202.1
202.75
203.35
203.99
204.53
205.11
205.64
206.2
206.77
207.37
207.93
208.5
209.05
209.62
210.15
210.73
211.27
211.85
212.4
213.02
213.62
214.26
214.9
215.57
216.23
216.85
217.54
218.22
218.95
219.62
220.3
220.99
221.67
222.48
223.31
224.16
225.0
225.78
226.71
227.66
228.55
229.45
230.42
231.34
232.24
233.14
233.97
234.95
235.94
236.86
237.86
238.74
239.64
240.47
241.47
242.44
243.38
244.31
245.32
