0.49
1.91
3.4
4.87
6.28
7.67
9.09
10.58
12.0
13.42
14.81
16.21
17.64
19.07
20.53
21.98
23.43
24.82
26.18
27.54
28.91
30.3
31.69
33.1
34.53
35.91
37.29
38.65
40.03
41.42
42.8
44.21
45.57
46.95
48.4
49.79
51.24
52.65
54.09
55.48
56.88
58.24
59.59
60.92
62.25
63.67
65.06
66.47
67.9
69.28
70.6
71.98
73.32
74.69
76.11
77.51
78.9
80.3
81.7
83.08
84.47
85.9
87.35
88.71
90.1
91.46
92.78
94.18
95.68
97.07
98.51
99.86
101.2
102.55
103.94
105.32
106.69
108.09
109.5
110.88
112.22
113.59
114.96
116.33
117.72
119.08
120.49
121.86
123.21
124.58
125.93
127.31
128.76
130.16
131.56
132.95
134.36
135.75
137.14
138.52
139.87
141.25
142.56
143.92
145.25
146.66
148.04
149.39
150.77
152.14
153.51
154.87
156.21
157.52
158.9
160.34
161.74
163.13
164.49
165.85
167.22
168.54
169.84
171.16
172.54
173.95
175.34
176.72
178.14
179.54
180.95
182.39
183.81
185.2
186.56
187.91
189.24
190.57
191.93
193.32
194.7
196.07
197.49
198.93
200.33
201.72
203.06
204.38
205.81
207.46
209.22
211.01
