0.5
1.2
1.91
2.65
3.41
4.14
4.87
5.57
6.28
6.97
7.67
8.4
9.09
9.84
10.58
11.31
12.0
12.72
13.42
14.13
14.81
15.5
16.22
16.94
17.65
18.35
19.08
19.8
20.54
21.26
21.99
22.73
23.44
24.13
24.83
25.5
26.18
26.87
27.55
28.23
28.91
29.6
30.31
31.01
31.7
32.4
33.11
33.82
34.54
35.23
35.92
36.62
37.3
37.98
38.66
39.36
40.05
40.73
41.43
42.12
42.81
43.52
44.22
44.89
45.57
46.26
46.96
47.68
48.41
49.09
49.8
50.51
51.25
51.95
52.66
53.39
54.1
54.79
55.49
56.21
56.89
57.56
58.24
58.92
59.6
60.26
60.93
61.59
62.26
62.97
63.68
64.38
65.06
65.76
66.48
67.2
67.9
68.59
69.28
69.95
70.61
71.3
71.98
72.66
73.33
74.02
74.7
75.4
76.12
76.83
77.52
78.23
78.91
79.6
80.31
80.99
81.7
82.4
83.09
83.79
84.47
85.21
85.89
86.64
87.36
88.04
88.72
89.42
90.1
90.81
91.46
92.12
92.79
93.49
94.19
94.96
95.69
96.38
97.08
97.79
98.51
99.19
99.87
100.54
101.2
101.88
102.56
103.25
103.95
104.63
105.32
106.01
106.7
107.39
108.1
108.82
109.51
110.19
110.89
111.56
112.22
112.9
113.6
114.3
114.97
115.64
116.34
117.03
117.73
118.42
119.09
119.79
120.5
121.2
121.87
122.55
123.21
123.93
124.59
125.26
125.93
126.63
127.31
128.03
128.77
129.49
130.17
130.84
131.57
132.28
132.95
133.66
134.37
135.04
135.75
136.45
137.15
137.84
138.52
139.19
139.87
140.57
141.26
141.91
142.57
143.25
143.93
144.6
145.26
145.96
146.67
147.37
148.05
148.72
149.4
150.11
150.78
151.46
152.15
152.83
153.52
154.2
154.88
155.54
156.22
156.88
157.53
158.21
158.92
159.63
160.35
161.05
161.75
162.45
163.14
163.83
164.5
165.17
165.86
166.56
167.23
167.88
168.55
169.19
169.85
170.51
171.17
171.85
172.55
173.26
173.96
174.67
175.35
176.04
176.72
177.46
178.15
178.87
179.55
180.25
180.96
181.68
182.4
183.12
183.82
184.52
185.21
185.88
186.57
187.24
187.91
188.59
189.25
189.91
190.59
191.27
191.94
192.64
193.33
194.03
194.71
195.4
196.08
196.79
197.5
198.23
198.94
199.63
200.33
201.04
201.73
202.42
203.07
203.73
204.38
205.05
205.81
206.63
207.45
208.37
209.22
210.11
211.01
211.85
212.75
213.63
214.49
215.35
216.27
217.12
218.03
