0.49
1.34
2.19
3.02
3.84
4.65
5.47
6.29
7.15
7.98
8.85
9.65
10.48
11.27
12.12
13.08
14.04
14.96
15.8
16.59
17.44
18.32
19.19
19.94
20.7
21.46
22.19
22.95
23.81
24.65
25.56
26.4
27.28
28.2
29.05
29.95
30.79
31.7
32.65
33.49
34.27
35.07
35.91
36.74
37.57
38.34
39.17
40.03
40.84
41.6
42.4
43.23
44.11
44.96
45.85
46.69
47.61
48.49
49.39
50.2
51.01
51.81
52.61
53.38
54.2
55.12
56.21
57.29
58.32
59.35
60.45
61.52
62.46
63.51
64.44
65.44
66.44
67.45
68.38
69.36
70.35
71.29
72.27
73.19
74.12
75.04
76.03
77.03
78.03
79.08
80.14
81.18
82.25
83.25
84.31
85.35
86.35
87.42
88.39
89.45
90.33
91.18
92.09
92.97
93.84
94.67
95.49
96.37
97.24
98.07
98.93
99.8
100.62
101.5
102.39
103.29
104.21
105.1
106.06
106.95
107.83
108.79
109.68
110.64
111.51
112.52
113.46
114.36
115.19
116.07
116.99
117.84
118.74
119.6
120.59
121.52
122.52
123.5
124.57
125.67
126.68
127.79
128.86
129.95
131.09
132.19
133.26
134.31
135.42
136.53
137.63
138.68
139.69
140.61
141.57
142.58
143.66
144.66
145.65
146.73
147.81
148.85
149.86
150.92
151.92
152.88
153.67
154.49
155.31
156.05
156.78
157.47
158.2
158.96
159.74
160.47
161.27
161.99
162.78
163.55
164.28
165.03
165.84
166.65
167.53
168.31
169.13
169.95
170.71
171.57
172.42
173.23
174.05
174.97
175.82
176.71
177.61
178.47
179.34
180.23
181.17
182.08
182.96
183.83
184.78
