0.4
0.95
1.47
2.03
2.63
3.23
3.77
4.31
4.86
5.45
6.01
6.59
7.15
7.7
8.26
8.79
9.34
9.97
10.63
11.25
11.85
12.45
12.99
13.56
14.14
14.76
15.33
15.91
16.49
17.05
17.64
18.21
18.85
19.45
20.06
20.61
21.2
21.77
22.33
22.89
23.47
24.1
24.72
25.3
25.87
26.44
27.0
27.57
28.13
28.7
29.28
29.85
30.42
31.03
31.6
32.16
32.7
33.2
33.71
34.29
34.87
35.44
35.99
36.56
37.11
37.69
38.3
38.96
39.56
40.21
40.82
41.47
42.11
42.72
43.32
43.97
44.59
45.27
45.92
46.58
47.27
47.89
48.55
49.24
49.85
50.5
51.11
51.72
52.34
53.0
53.6
54.26
54.91
55.55
56.23
56.88
57.59
58.24
58.87
59.55
60.19
60.8
61.47
62.09
62.75
63.43
64.15
64.78
65.41
66.1
66.72
67.36
68.04
68.74
69.42
70.03
70.61
71.25
71.83
72.43
72.99
73.58
74.17
74.8
75.37
75.95
76.54
77.16
77.72
78.32
78.87
79.4
79.95
80.51
81.11
81.76
82.31
82.86
83.44
83.97
84.53
85.06
85.66
86.29
86.88
87.47
88.03
88.57
89.12
89.69
90.3
90.95
91.51
92.08
92.64
93.23
93.79
94.33
94.9
95.49
96.1
96.72
97.28
97.82
98.38
98.94
99.55
100.19
100.76
101.32
101.92
102.5
103.03
103.6
104.17
104.77
105.36
105.92
106.52
107.07
107.68
108.25
108.87
109.48
110.08
110.68
111.25
111.87
112.45
113.05
113.69
114.3
114.87
115.47
116.08
116.67
117.22
117.8
118.35
118.89
119.46
120.08
120.71
121.28
121.84
122.4
122.97
123.56
124.11
124.64
125.19
125.74
126.27
126.88
127.44
128.01
128.61
129.18
129.72
130.28
130.81
131.41
132.04
132.61
133.23
133.81
134.35
134.92
135.51
136.09
136.65
137.2
137.75
138.29
138.86
139.41
139.98
140.54
141.12
141.65
142.24
142.86
143.49
144.15
144.77
145.38
146.0
146.6
147.23
147.8
148.36
148.91
149.49
150.06
150.59
151.16
151.72
152.3
152.9
153.45
154.03
154.63
155.26
155.85
156.43
157.06
157.64
158.26
158.88
159.5
160.08
160.7
161.29
161.86
162.45
163.07
163.64
164.22
164.82
165.44
166.05
166.64
167.22
167.85
168.41
168.98
169.56
170.09
170.65
171.22
171.8
172.38
172.95
173.53
174.11
174.7
175.23
175.75
176.31
176.86
177.38
177.91
178.47
179.02
179.61
180.18
180.78
181.36
181.98
182.56
183.15
183.74
184.31
184.83
185.38
185.94
186.48
187.06
187.59
188.15
188.68
189.26
189.78
190.35
190.91
191.43
192.0
192.56
193.1
193.66
194.27
194.88
195.49
196.13
196.74
197.34
197.93
198.54
199.18
199.77
200.38
201.0
201.66
202.31
202.98
203.65
204.29
