2.03
4.32
6.58
8.79
11.24
13.55
15.9
18.23
20.61
22.88
25.3
27.56
29.84
32.16
34.28
36.56
38.78
41.09
43.66
46.23
48.81
51.52
54.26
56.87
59.55
62.4
65.41
68.04
71.0
73.57
75.94
78.31
80.61
82.86
85.06
87.46
89.68
92.26
94.9
97.27
99.55
101.91
104.17
106.51
108.86
111.25
113.68
116.08
118.34
120.7
122.94
125.18
127.43
129.72
132.04
134.35
136.65
138.88
141.12
143.48
145.99
148.36
150.58
152.89
155.25
157.63
160.07
162.44
164.81
167.21
169.56
171.79
174.1
176.9
180.29
184.02
188.15
192.35
196.12
199.77
203.65
