0.22
0.99
1.82
2.56
3.29
4.03
4.81
5.54
6.32
7.1
7.88
8.66
9.51
10.44
11.3
12.18
13.03
14.13
15.14
16.13
17.13
18.16
19.17
20.22
21.34
22.43
23.49
24.46
25.58
26.64
27.78
28.78
29.72
30.59
31.47
32.38
33.31
34.24
35.14
35.99
36.92
37.79
38.64
39.56
40.43
41.26
42.12
43.03
43.84
44.7
45.54
46.44
47.35
48.32
49.18
50.01
50.85
51.68
52.52
53.3
54.12
54.86
55.58
56.3
57.01
57.61
58.24
58.87
59.5
60.16
60.77
61.37
62.0
62.6
63.21
63.84
64.47
65.15
65.87
66.53
67.12
67.73
68.37
68.97
69.56
70.19
70.81
71.46
72.15
72.79
73.41
74.06
74.73
75.31
75.89
76.5
77.1
77.66
78.25
78.85
79.48
80.07
80.69
81.23
81.8
82.38
82.94
83.56
84.2
84.82
85.44
86.05
86.64
87.2
87.78
88.34
88.91
89.44
90.01
90.54
91.08
91.61
92.11
92.65
93.15
93.69
94.25
94.79
95.32
95.87
96.4
96.96
97.52
98.09
98.69
99.33
99.92
100.57
101.16
101.79
102.47
103.09
103.77
104.4
105.03
105.69
106.35
106.98
107.68
108.3
108.99
109.63
110.26
110.9
111.52
112.15
112.81
113.42
113.96
114.49
115.04
115.57
116.14
116.62
117.15
117.65
118.15
118.66
119.19
119.7
120.17
120.66
121.16
121.65
122.11
122.56
123.01
123.48
123.93
124.39
124.89
125.36
125.92
126.45
126.97
127.52
128.1
128.66
129.26
129.77
130.34
130.88
131.39
131.96
132.56
133.22
133.88
134.56
135.27
135.97
136.66
137.32
138.05
138.73
139.55
140.37
141.18
142.04
142.99
144.05
145.16
146.16
147.25
148.32
149.4
150.41
151.52
152.52
153.64
154.63
155.68
156.74
157.74
158.82
159.86
160.84
161.81
162.82
163.9
164.87
165.97
167.11
168.09
169.06
170.04
171.01
171.93
172.73
173.56
174.32
175.12
175.87
176.7
177.48
178.24
179.01
179.79
180.61
181.35
182.02
182.73
183.47
184.15
184.86
185.6
186.36
187.07
187.83
188.64
189.4
190.19
191.02
191.74
192.42
193.15
193.99
194.84
195.63
196.46
197.18
197.94
198.74
199.46
200.26
200.98
201.76
202.54
203.28
204.03
204.7
205.35
205.97
206.6
207.25
207.89
208.53
209.17
209.78
210.38
211.01
211.6
212.18
212.79
213.32
213.87
214.42
215.0
215.54
216.13
216.77
217.35
217.99
218.6
219.18
219.81
220.41
221.01
221.65
222.23
222.87
