0.97
1.96
3.0
3.97
4.9
5.78
6.72
7.65
8.7
9.71
10.71
11.82
12.91
14.04
15.1
16.01
16.97
17.96
19.08
20.04
21.03
21.98
22.86
23.8
24.78
25.71
26.8
27.92
28.98
30.13
31.22
32.22
33.26
34.34
35.41
36.34
37.33
38.3
39.22
40.17
41.17
42.09
43.05
44.0
44.93
45.93
46.87
47.81
48.82
49.73
50.73
51.51
52.37
53.12
53.94
54.68
55.37
56.04
56.74
57.41
57.98
58.53
59.13
59.66
60.23
60.81
61.33
61.84
62.39
62.88
63.4
63.92
64.46
64.98
65.53
66.09
66.62
67.12
67.62
68.12
68.62
69.1
69.61
70.15
70.7
71.2
71.74
72.27
72.78
73.26
73.76
74.27
74.78
75.24
75.7
76.14
76.61
77.12
77.67
78.18
78.67
79.15
79.66
80.15
80.61
81.08
81.55
82.03
82.51
82.97
83.47
83.98
84.49
84.98
85.47
85.94
86.43
86.93
87.42
87.87
88.35
88.8
89.27
89.71
90.18
90.63
91.11
91.65
92.16
92.66
93.15
93.62
94.09
94.56
95.06
95.53
96.02
96.54
97.05
97.59
98.08
98.63
99.2
99.74
100.28
100.83
101.38
101.92
102.49
103.09
103.64
104.23
104.75
105.31
105.84
106.4
106.9
107.41
107.93
108.48
108.98
109.5
110.07
110.66
111.2
111.79
112.42
112.99
113.6
114.17
114.79
115.34
115.92
116.51
117.13
117.72
118.3
118.87
119.5
120.11
120.73
121.38
121.98
122.55
123.18
123.76
124.4
125.09
125.7
126.46
127.29
128.1
128.9
129.66
130.5
131.3
132.04
132.76
133.55
134.3
135.03
135.82
136.58
137.4
138.12
138.91
139.65
140.4
141.2
141.92
142.71
143.44
144.2
145.01
145.74
146.52
147.33
148.14
149.01
149.8
150.5
151.16
151.86
152.67
153.53
154.42
155.21
155.96
156.71
157.44
158.17
158.94
159.65
160.44
161.22
162.01
162.8
163.56
164.27
164.99
165.69
166.38
167.09
167.82
168.43
169.07
169.73
170.35
170.94
171.56
172.17
172.74
173.34
173.94
174.53
175.12
175.74
176.33
176.89
177.48
178.1
178.62
179.13
179.64
180.18
180.69
181.24
181.78
182.35
182.88
183.42
183.99
184.58
185.15
185.74
186.34
186.89
187.55
188.26
188.93
189.64
190.31
190.98
191.68
192.37
193.07
193.8
194.46
195.1
195.72
196.44
197.13
197.83
198.54
199.27
200.05
200.76
201.46
202.19
202.93
203.56
204.19
204.78
205.41
205.98
206.52
207.09
207.68
208.3
208.89
209.46
210.06
210.63
211.23
211.82
212.36
212.95
213.52
214.1
214.62
215.16
215.67
216.19
216.72
217.25
217.8
218.31
218.88
219.48
220.12
220.63
221.09
221.57
222.05
222.53
223.03
223.51
223.98
224.45
224.94
225.41
225.91
226.39
226.85
