2.5
6.37
10.17
13.97
17.3
20.32
23.61
26.56
29.47
33.26
36.84
40.37
43.86
47.34
50.92
53.72
56.86
59.9
63.19
66.06
68.69
71.29
73.82
76.4
78.9
81.49
83.94
86.21
88.28
90.37
92.49
94.43
96.34
98.31
100.23
102.12
104.01
105.87
107.84
109.88
111.89
113.78
115.8
117.69
119.93
122.22
124.35
126.46
128.48
130.53
132.43
134.23
136.03
137.87
139.63
141.4
143.28
145.18
147.16
149.11
151.01
152.97
154.9
156.77
158.69
160.72
162.73
164.69
166.63
168.53
170.62
172.58
174.94
177.2
179.27
181.37
183.47
185.6
187.51
189.47
192.0
194.55
197.06
199.22
201.07
202.93
204.78
206.68
208.58
210.36
212.11
213.88
215.67
217.57
219.54
221.36
223.27
225.26
227.1
228.94
230.85
232.89
235.19
237.61
240.29
242.46
244.57
246.63
248.56
250.52
252.42
254.34
256.18
258.06
260.15
262.27
264.15
266.06
268.11
270.03
271.96
273.86
275.77
277.72
279.68
281.59
283.53
285.4
287.32
289.23
291.11
292.99
294.92
296.87
298.99
300.93
302.88
304.86
306.77
308.72
310.66
312.64
314.69
316.62
319.26
321.95
324.52
326.98
329.57
332.47
335.05
337.82
341.12
344.89
347.96
350.89
353.9
356.88
359.92
363.09
365.76
368.17
370.91
373.62
376.17
378.84
381.21
383.42
385.66
388.0
390.37
392.71
394.88
397.49
399.91
402.22
404.76
