0.34
0.96
1.57
2.22
2.84
3.44
4.04
4.63
5.22
5.78
6.38
7.02
7.66
8.26
8.89
9.52
10.18
10.79
11.39
12.01
12.64
13.33
13.97
14.67
15.48
16.37
17.31
18.05
18.82
19.58
20.31
21.15
21.99
22.77
23.62
24.43
25.14
25.86
26.57
27.31
28.03
28.77
29.47
30.21
30.91
31.65
32.33
33.26
34.18
35.11
36.02
36.89
37.75
38.61
39.53
40.38
41.24
42.1
43.02
43.87
44.68
45.58
46.38
47.34
48.31
49.23
50.06
50.93
51.65
52.33
53.02
53.73
54.46
55.15
56.01
56.86
57.62
58.4
59.13
59.91
60.68
61.5
62.38
63.19
64.02
64.83
65.46
66.09
66.7
67.33
67.97
68.7
69.38
69.99
70.66
71.3
71.93
72.55
73.21
73.86
74.5
75.14
75.78
76.41
77.03
77.64
78.27
78.91
79.58
80.19
80.83
81.5
82.14
82.76
83.36
83.95
84.5
85.11
85.68
86.23
86.82
87.32
87.81
88.29
88.81
89.29
89.85
90.37
90.89
91.45
91.99
92.5
92.99
93.47
93.94
94.44
94.91
95.39
95.86
96.35
96.85
97.34
97.82
98.32
98.79
99.28
99.74
100.23
100.72
101.19
101.66
102.12
102.58
103.06
103.52
104.01
104.48
104.94
105.4
105.88
106.38
106.94
107.47
107.98
108.44
108.89
109.36
109.88
110.41
110.93
111.44
111.9
112.38
112.84
113.33
113.78
114.29
114.83
115.33
115.81
116.28
116.74
117.23
117.7
118.19
118.75
119.33
119.94
120.52
121.07
121.67
122.22
122.78
123.36
123.88
124.35
124.87
125.36
125.9
126.46
127.01
127.49
128.01
128.49
129.0
129.48
130.0
130.54
131.06
131.5
131.96
132.44
132.9
133.35
133.78
134.25
134.68
135.13
135.59
136.04
136.5
136.95
137.38
137.83
138.3
138.75
139.18
139.64
140.09
140.53
140.98
141.45
141.89
142.36
142.83
143.27
143.75
144.21
144.65
145.11
145.65
146.14
146.64
147.17
147.67
148.16
148.63
149.12
149.57
150.06
150.52
151.02
151.52
152.0
152.47
152.98
153.46
153.93
154.41
154.91
155.39
155.86
156.32
156.78
157.25
157.75
158.23
158.7
159.19
159.68
160.2
160.73
161.24
161.74
162.23
162.75
163.21
163.7
164.19
164.69
165.19
165.69
166.17
166.64
167.11
167.57
168.06
168.54
169.06
169.62
170.15
170.63
171.11
171.6
172.09
172.59
173.08
173.51
173.97
174.49
175.05
175.57
176.1
176.68
177.2
177.78
178.27
178.8
179.28
179.8
180.3
180.82
181.38
181.91
182.41
182.95
183.48
184.03
184.53
185.06
185.61
186.12
186.69
187.24
187.76
188.34
188.89
189.48
190.09
190.71
191.38
192.0
192.63
193.28
193.93
194.56
195.16
195.79
196.42
197.07
197.67
198.22
198.75
199.23
199.7
200.17
200.63
201.08
201.54
202.02
202.48
202.93
203.36
203.81
204.3
204.78
205.25
205.73
206.23
206.71
207.19
207.67
208.12
208.59
209.05
209.5
209.92
210.37
210.81
211.26
211.68
212.12
212.56
213.0
213.46
213.89
214.32
214.76
215.24
215.68
216.14
216.62
217.11
217.58
218.06
218.57
219.04
219.55
219.99
220.47
220.92
221.37
221.85
222.29
222.79
223.27
223.75
224.26
224.76
225.26
225.71
226.18
226.63
227.11
227.55
228.01
228.47
228.95
229.41
229.9
230.35
230.85
231.34
231.86
232.34
232.89
233.43
233.98
234.58
235.22
235.8
236.37
236.93
237.51
238.04
238.6
239.16
239.75
240.3
240.83
241.38
241.95
242.47
242.99
243.52
244.08
244.58
245.14
245.64
246.13
246.64
247.1
247.59
248.08
248.56
249.04
249.55
250.05
250.53
251.0
251.5
251.95
252.43
252.89
253.38
253.87
254.34
254.8
255.25
255.71
256.18
256.67
257.12
257.59
258.07
258.55
258.99
259.45
259.92
260.41
260.88
261.34
261.8
262.29
262.76
263.21
263.69
264.16
264.64
265.1
265.59
266.07
266.59
267.13
267.64
268.11
268.6
269.06
269.55
270.03
270.51
271.02
271.49
271.98
272.44
272.92
273.39
273.87
274.35
274.81
275.27
275.78
276.24
276.76
277.23
277.72
278.2
278.69
279.21
279.68
280.18
280.66
281.12
281.61
282.1
282.61
283.1
283.55
284.0
284.46
284.91
285.35
285.78
286.21
286.65
287.09
287.53
287.99
288.41
288.87
289.29
289.73
290.2
290.65
291.08
291.58
292.04
292.53
293.02
293.5
293.97
294.44
294.93
295.44
295.92
296.4
296.89
297.44
297.94
298.47
299.0
299.48
299.98
300.45
300.94
301.45
301.93
302.41
302.89
303.4
303.89
304.37
304.86
305.34
305.83
306.29
306.78
307.27
307.74
308.22
308.73
309.2
309.7
310.17
310.67
311.16
311.66
312.15
312.65
313.19
313.7
314.2
314.73
315.21
315.69
316.17
316.63
317.21
317.88
318.59
319.27
319.97
320.68
321.31
321.95
322.64
323.29
323.93
324.53
325.13
325.75
326.35
327.0
327.64
328.27
328.92
329.58
330.27
330.91
331.45
331.95
332.48
333.02
333.51
334.06
334.57
335.06
335.6
336.1
336.58
337.07
337.57
338.1
338.59
339.11
339.64
340.13
340.66
341.13
341.63
342.09
342.59
343.05
343.54
344.01
344.47
344.91
345.39
345.92
346.46
346.99
347.56
348.07
348.63
349.12
349.6
350.1
350.64
351.13
351.68
352.27
352.8
353.39
353.9
354.41
354.9
355.39
355.89
356.38
356.88
357.36
357.82
358.3
358.85
359.4
359.92
360.4
360.88
361.37
361.83
362.33
362.86
363.37
363.93
364.5
365.12
365.77
366.36
367.01
367.57
368.17
368.88
369.54
370.22
370.92
371.62
372.29
372.97
373.63
374.23
374.88
375.51
376.18
376.83
377.51
378.15
378.84
379.43
380.05
380.68
381.22
381.76
382.29
382.87
383.43
384.0
384.57
385.13
385.67
386.24
386.83
387.41
388.01
388.61
389.2
389.76
390.49
391.26
391.97
392.72
393.4
394.12
394.8
395.45
396.14
396.83
397.5
398.19
398.82
399.51
400.16
400.85
401.52
402.23
402.91
403.54
404.13
404.77
405.4
406.02
406.56
407.13
407.7
408.3
