0.23
1.04
1.91
2.7
3.57
4.4
5.3
6.15
6.98
7.84
8.63
9.44
10.24
11.0
11.84
12.64
13.41
14.27
15.13
15.92
16.75
17.61
18.44
19.21
20.03
20.76
21.55
22.29
23.0
23.73
24.47
25.18
25.84
26.57
27.29
28.05
28.96
29.91
30.88
31.84
32.81
33.84
34.78
35.82
36.65
37.48
38.31
39.08
39.93
40.82
41.72
42.55
43.48
44.44
45.39
46.29
47.25
48.2
49.23
50.15
51.19
52.07
52.97
53.89
54.85
55.77
56.66
57.51
58.41
59.29
60.03
60.8
61.57
62.32
63.03
63.81
64.67
65.48
66.27
66.99
67.68
68.38
68.99
69.64
70.28
70.93
71.56
72.23
72.92
73.58
74.23
74.94
75.61
76.26
76.95
77.61
78.28
79.04
79.74
80.51
81.2
81.95
82.7
83.35
84.01
84.68
85.26
85.88
86.51
87.09
87.71
88.32
88.92
89.5
90.12
90.71
91.27
91.89
92.45
93.07
93.66
94.24
94.73
95.24
95.75
96.27
96.78
97.29
97.79
98.31
98.87
99.4
99.9
100.46
100.98
101.47
101.97
102.47
102.93
103.45
103.92
104.41
104.89
105.36
105.84
106.34
106.81
107.33
107.82
108.31
108.78
109.27
109.76
110.23
110.69
111.12
111.58
112.04
112.52
112.95
113.42
113.86
114.3
114.75
115.25
115.76
116.26
116.78
117.26
117.75
118.25
118.75
119.27
119.78
120.26
120.72
121.2
121.65
122.13
122.6
123.07
123.55
124.05
124.55
125.05
125.53
126.01
126.5
126.98
127.47
127.94
128.42
128.89
129.39
129.9
130.4
130.9
131.37
131.89
132.36
132.87
133.34
133.84
134.33
134.86
135.34
135.86
136.34
136.85
137.33
137.83
138.32
138.83
139.33
139.81
140.26
140.73
141.22
141.69
142.14
142.61
143.08
143.56
144.12
144.69
145.24
145.76
146.33
146.87
147.42
147.96
148.54
149.1
149.68
150.27
150.85
151.41
151.93
152.46
153.02
153.54
154.04
154.54
155.06
155.55
156.08
156.57
157.07
157.54
158.03
158.52
159.02
159.51
160.04
160.54
161.03
161.51
162.0
162.5
162.99
163.46
163.91
164.39
164.85
165.34
165.78
166.26
166.7
167.16
167.65
168.12
168.59
169.07
169.57
170.06
170.53
171.02
171.56
172.08
172.64
173.12
173.59
174.09
174.55
175.04
175.52
176.0
176.5
176.98
177.51
178.03
178.5
178.99
179.48
179.97
180.46
180.94
181.43
181.9
182.4
182.83
183.24
183.66
184.08
184.58
185.1
185.6
186.08
186.58
187.08
187.58
188.13
188.64
189.15
189.64
190.14
190.63
191.16
191.66
192.19
192.68
193.15
193.61
194.1
194.58
195.06
195.52
196.01
196.49
196.96
197.51
198.01
198.54
199.13
199.73
200.28
200.86
201.44
202.03
202.6
203.2
203.78
204.33
204.86
205.36
205.84
206.32
206.79
207.29
207.77
208.23
208.71
209.19
209.67
210.19
210.66
211.14
211.65
212.13
212.59
213.09
213.55
214.05
214.54
215.02
215.5
216.03
216.53
217.0
217.51
218.01
218.51
219.0
219.49
219.98
220.56
221.13
221.72
222.2
222.68
223.17
223.68
224.15
224.63
225.13
225.61
226.1
226.6
227.13
227.61
228.09
228.57
229.07
229.56
230.06
230.53
231.04
231.52
232.01
232.5
232.98
233.47
233.97
234.46
234.96
235.47
235.97
236.47
236.99
237.48
237.99
238.47
238.95
239.43
239.95
240.45
240.99
241.52
242.02
242.54
243.06
243.6
244.12
244.65
245.24
245.8
246.32
246.84
247.36
247.89
248.44
248.97
249.47
249.97
250.5
250.99
251.52
252.02
252.52
253.01
253.48
253.97
254.46
254.94
255.51
256.03
256.57
257.05
257.55
258.05
258.54
259.0
259.52
260.01
260.47
260.97
261.45
261.97
262.46
262.95
263.43
263.91
264.43
264.92
265.4
265.9
266.42
266.92
267.43
267.91
268.39
268.89
269.34
269.83
270.31
270.8
271.34
271.83
272.34
272.84
273.31
273.8
274.3
274.77
275.27
275.74
276.22
276.71
277.21
277.71
278.21
278.69
279.19
279.66
280.18
280.67
281.16
281.66
282.17
282.69
283.21
283.69
284.21
284.69
285.17
285.65
286.16
286.68
287.19
287.68
288.15
288.62
289.11
289.59
290.07
290.56
291.03
291.51
291.97
292.44
292.94
293.44
293.95
294.55
295.12
295.68
296.25
296.83
297.4
297.98
298.57
299.14
299.68
300.2
300.73
301.25
301.78
302.34
302.87
303.37
303.88
304.42
304.92
305.47
305.99
306.47
306.95
307.46
307.96
308.45
308.93
309.42
309.9
310.39
310.9
311.46
311.98
312.51
313.0
313.54
314.06
314.55
315.03
315.54
316.05
316.55
317.02
317.49
317.94
318.44
318.96
319.5
320.04
320.59
321.11
321.63
322.15
322.68
323.18
323.69
324.23
324.76
325.29
325.8
326.34
326.86
327.36
327.87
328.38
328.92
329.45
329.98
330.54
331.1
331.65
332.17
332.76
333.37
333.97
334.58
335.11
335.68
336.16
336.62
337.09
337.58
338.05
338.56
339.07
339.62
340.1
340.57
341.05
341.51
341.98
342.46
342.91
343.38
343.85
344.32
344.8
345.25
345.71
346.16
346.64
347.11
347.59
348.05
348.54
349.02
349.5
350.03
350.55
351.09
351.59
352.06
352.54
352.99
353.48
353.97
354.43
354.91
355.4
355.89
356.37
356.83
357.33
357.81
358.29
358.75
359.26
359.77
360.32
360.91
361.45
362.0
362.56
363.14
363.69
364.25
364.8
365.35
365.89
366.41
366.95
367.51
368.06
368.57
369.13
369.69
370.28
370.84
371.37
371.96
372.52
373.18
373.8
374.43
375.04
375.57
376.08
376.61
377.14
377.64
378.17
378.67
379.2
379.72
380.26
380.77
381.31
381.84
382.37
382.91
383.43
383.95
384.46
385.01
385.52
386.09
386.69
387.28
387.86
388.42
389.0
389.63
390.24
390.85
391.52
392.15
392.86
393.6
394.32
395.1
395.92
396.76
397.61
398.4
399.19
399.99
