3.56
6.98
10.24
13.41
16.75
20.02
23.72
28.05
31.45
34.77
39.08
43.48
47.24
51.18
54.36
57.5
61.23
65.48
69.88
73.87
77.6
81.63
85.87
90.21
94.24
98.3
101.47
103.44
105.35
107.33
109.26
111.11
112.95
114.74
116.77
118.75
120.71
122.59
124.55
126.49
128.42
130.16
131.75
133.59
135.59
137.58
139.56
141.44
143.3
145.24
147.42
149.68
151.93
154.03
156.08
158.02
160.03
161.99
163.9
165.78
167.61
169.57
171.55
173.58
175.52
177.51
179.47
181.42
183.24
185.1
187.08
189.15
191.16
193.15
195.16
197.51
199.75
202.03
204.32
207.03
209.95
212.9
215.74
218.76
221.71
224.63
227.13
229.06
231.03
232.98
234.96
236.98
238.95
240.98
243.06
245.12
247.09
248.98
250.98
253.0
254.93
256.81
258.78
260.7
262.53
264.42
266.41
268.38
270.3
272.33
274.29
276.22
278.09
279.77
281.66
283.69
285.65
287.67
289.59
291.5
293.44
295.67
297.98
300.2
302.34
304.42
306.47
308.46
310.39
312.51
314.55
316.54
318.41
320.58
322.67
324.75
326.86
328.92
331.09
333.37
335.67
337.57
339.61
341.51
343.38
345.24
347.11
349.02
351.09
352.99
354.91
356.83
358.75
360.9
363.14
365.34
367.51
369.59
371.72
373.95
376.07
378.16
380.25
382.37
384.45
386.68
388.99
391.51
394.32
397.61
