0.35
0.96
1.55
2.11
2.73
3.3
3.94
4.61
5.25
5.95
6.65
7.3
8.0
8.68
9.31
9.94
10.52
11.16
11.75
12.36
12.93
13.53
14.13
14.83
15.51
16.24
16.91
17.57
18.26
18.97
19.65
20.29
20.96
21.63
22.24
22.84
23.48
24.1
24.7
25.32
25.97
26.61
27.29
27.95
28.57
29.23
29.86
30.42
31.0
31.58
32.22
32.81
33.45
34.1
34.73
35.37
36.01
36.68
37.29
37.93
38.6
39.24
39.88
40.5
41.11
41.71
42.31
42.9
43.53
44.11
44.73
45.31
45.94
46.6
47.25
47.86
48.44
49.04
49.67
50.25
50.85
51.52
52.16
52.8
53.42
54.08
54.73
55.36
56.02
56.69
57.33
57.94
58.61
59.24
59.89
60.57
61.21
61.97
62.72
63.45
64.21
64.94
65.6
66.3
67.05
67.76
68.47
69.17
69.85
70.53
71.3
72.14
72.94
73.74
74.54
75.31
76.07
76.86
77.67
78.36
79.01
79.71
80.33
80.99
81.54
82.12
82.69
83.16
83.64
84.14
84.66
85.21
85.72
86.22
86.73
87.23
87.77
88.28
88.82
89.36
89.89
90.39
90.9
91.42
91.95
92.45
92.96
93.48
94.03
94.55
95.05
95.53
96.02
96.51
97.01
97.51
97.98
98.5
98.98
99.46
99.94
100.49
101.07
101.62
102.16
102.68
103.2
103.7
104.25
104.79
105.33
105.9
106.46
107.01
107.5
108.0
108.51
109.02
109.54
110.07
110.56
111.07
111.56
112.07
112.57
113.07
113.57
114.09
114.59
115.09
115.63
116.14
116.63
117.16
117.72
118.23
118.78
119.27
119.8
120.33
120.83
121.38
121.9
122.41
122.92
123.42
123.92
124.42
124.92
125.4
125.91
126.39
126.87
127.35
127.86
128.36
128.83
129.32
129.78
130.26
130.74
131.24
131.76
132.29
132.8
133.31
133.79
134.3
134.82
135.37
135.89
136.41
136.94
137.5
138.03
138.54
139.03
139.55
140.09
140.66
141.18
141.69
142.22
142.73
143.27
143.79
144.33
144.84
145.38
145.88
146.38
146.91
147.45
147.96
148.49
149.02
149.56
150.05
150.56
151.04
151.54
152.04
152.53
153.01
153.5
154.03
154.52
155.0
155.5
156.03
156.49
156.98
157.47
158.02
158.51
159.03
159.55
160.1
160.59
161.14
161.65
162.14
162.63
163.13
163.64
164.16
164.67
165.2
165.73
166.23
166.74
167.24
167.75
168.24
168.74
169.25
169.75
170.29
170.79
171.32
171.84
172.34
172.88
173.46
174.0
174.54
175.05
175.57
176.09
176.6
177.14
177.65
178.15
178.68
179.19
179.69
180.2
180.7
181.19
181.69
182.19
182.7
183.19
183.68
184.2
184.7
185.22
185.73
186.25
186.78
187.27
187.81
188.39
188.95
189.55
190.09
190.67
191.24
191.81
192.37
192.94
193.51
194.07
194.58
195.09
195.62
196.11
196.59
197.09
197.61
198.13
198.65
199.17
199.68
200.19
200.7
201.26
201.83
202.41
202.96
203.46
204.0
204.48
204.98
205.5
206.08
206.63
207.15
207.79
208.39
208.98
209.62
210.25
210.82
211.34
211.88
212.41
212.89
213.38
213.88
214.4
214.9
215.4
215.92
216.47
217.0
217.51
218.03
218.59
219.11
219.68
220.18
220.71
221.21
221.74
222.22
222.72
223.22
223.72
224.23
224.75
225.24
225.74
226.24
226.74
227.26
227.75
228.25
228.74
229.23
229.71
230.21
230.72
231.21
231.68
232.17
232.65
233.15
233.63
234.11
234.59
235.12
235.62
236.11
236.6
237.1
237.62
238.14
238.64
239.13
239.62
240.11
240.63
241.14
241.67
242.17
242.69
243.19
243.67
244.18
244.69
245.17
245.67
246.16
246.66
247.15
247.65
248.12
248.61
249.11
249.6
250.11
250.6
251.08
251.55
252.07
252.53
253.02
253.56
254.11
254.62
255.16
255.67
256.2
256.69
257.2
257.69
258.19
258.68
259.17
259.68
260.18
260.69
261.24
261.78
262.29
262.8
263.3
263.82
264.32
264.82
265.33
265.83
266.33
266.82
267.37
267.89
268.39
268.93
269.53
270.08
270.67
271.18
271.68
272.18
272.69
273.22
273.78
274.29
274.81
275.35
275.85
276.34
276.83
277.3
277.8
278.29
278.77
279.24
279.74
280.24
280.73
281.22
281.69
282.19
282.67
283.17
283.68
284.17
284.63
285.15
285.63
286.16
286.7
287.28
287.84
288.4
288.96
289.53
290.07
290.58
291.08
291.57
292.07
292.58
293.14
293.69
294.19
294.7
295.21
295.72
296.25
296.78
297.29
297.79
298.29
298.78
299.28
299.79
300.33
300.83
301.35
301.86
302.4
302.91
303.4
303.91
304.43
304.95
305.46
305.97
306.47
306.95
307.44
307.94
308.45
308.97
309.48
310.0
310.53
311.05
311.59
312.14
312.68
313.22
313.8
314.35
314.9
315.46
316.01
316.56
317.14
317.68
318.25
318.8
319.38
319.92
320.5
321.04
321.6
322.18
322.74
323.27
323.83
324.39
325.0
325.63
326.25
326.88
327.48
328.12
328.64
329.12
329.62
330.11
330.61
331.12
331.63
332.17
332.68
333.15
333.65
334.11
334.6
335.07
335.53
336.0
336.47
336.94
337.4
337.88
338.34
338.87
339.42
339.98
340.48
340.96
341.46
341.96
342.49
342.99
343.51
344.06
344.6
345.1
345.59
346.07
346.54
347.03
347.49
347.97
348.44
348.91
349.37
349.86
350.37
350.91
351.39
351.93
352.5
353.04
353.55
354.12
354.64
355.17
355.73
356.28
356.83
357.39
357.94
358.53
359.09
359.66
360.24
360.81
361.36
361.91
362.48
363.06
363.6
364.17
364.71
365.27
365.9
366.47
367.09
367.68
368.25
368.85
369.39
369.89
370.41
370.96
371.48
371.99
372.54
373.07
373.58
374.12
374.65
375.19
375.76
376.44
377.28
378.15
379.01
379.88
380.68
381.56
382.47
383.32
384.24
385.13
385.98
386.89
387.72
388.63
389.48
390.41
391.31
392.22
393.12
394.03
