0.95
3.3
5.65
8.07
10.52
12.92
15.51
18.26
20.96
23.48
25.97
28.7
31.58
34.09
36.66
39.19
41.7
44.11
46.6
49.04
51.6
54.09
56.75
59.24
61.76
64.28
67.03
69.85
73.05
76.07
79.0
81.96
84.65
86.73
88.82
90.89
92.96
95.05
97.0
98.98
101.12
103.19
105.52
107.5
109.54
111.55
113.56
115.95
118.23
120.32
122.41
124.42
126.39
128.35
130.21
132.04
133.87
135.89
138.02
140.08
142.22
144.32
146.38
148.48
150.55
152.53
154.51
156.48
158.36
160.16
162.13
164.16
166.23
168.24
170.29
172.34
174.3
176.33
178.43
180.44
182.45
184.45
186.51
188.86
191.26
193.51
195.61
197.6
199.67
201.83
203.99
206.07
208.14
210.24
212.4
214.39
216.47
218.57
220.71
222.72
224.74
226.74
228.73
230.71
232.64
234.61
236.59
238.64
240.63
242.69
244.69
246.66
248.61
250.6
252.76
254.92
257.13
259.17
261.24
263.3
265.33
267.24
269.08
271.18
273.22
275.34
277.29
279.24
281.22
283.16
285.16
287.25
289.52
291.57
293.68
295.71
297.79
299.78
301.85
303.9
305.96
307.93
309.99
312.13
314.33
316.55
318.79
321.03
323.27
325.63
328.11
330.09
332.16
334.11
336.0
337.87
339.97
341.95
344.05
346.06
347.96
349.86
352.37
355.16
358.14
361.18
364.16
367.09
370.15
373.32
376.43
379.33
382.2
384.93
387.53
390.08
392.67
