1.0
2.15
3.2
4.27
5.42
6.51
7.54
8.69
9.68
10.76
11.73
12.64
13.56
14.52
15.5
16.47
17.42
18.42
19.36
20.3
21.24
22.18
23.23
24.21
25.14
26.08
27.01
27.93
28.88
29.79
30.68
31.64
32.55
33.47
34.56
35.61
36.61
37.66
38.64
39.55
40.46
41.31
42.15
43.04
43.95
44.81
45.67
46.49
47.32
48.12
48.98
49.83
50.7
51.55
52.35
53.17
54.0
54.81
55.67
56.54
57.37
58.2
58.96
59.48
59.92
60.38
60.85
61.31
61.76
62.24
62.71
63.19
63.64
64.12
64.58
65.1
65.57
66.06
66.54
67.03
67.52
68.06
68.56
69.13
69.66
70.24
70.83
71.43
72.04
72.68
73.3
73.92
74.49
75.02
75.56
76.03
76.49
76.95
77.43
77.9
78.35
78.79
79.21
79.67
80.09
80.56
80.99
81.44
81.91
82.38
82.77
83.2
83.61
84.02
84.41
84.83
85.23
85.68
86.12
86.57
87.01
87.49
87.94
88.4
88.85
89.31
89.78
90.27
90.74
91.2
91.64
92.11
92.57
93.11
93.63
94.19
94.72
95.27
95.76
96.25
96.77
97.28
97.75
98.28
98.75
99.23
99.72
100.2
100.67
101.16
101.62
102.1
102.61
103.15
103.72
104.22
104.69
105.18
105.66
106.14
106.61
107.07
107.54
108.01
108.49
108.98
109.45
109.94
110.42
110.91
111.36
111.84
112.31
112.8
113.3
113.79
114.3
114.79
115.29
115.78
116.29
116.8
117.34
117.82
118.29
118.74
119.23
119.7
120.17
120.62
121.09
121.58
122.03
122.52
122.98
123.45
123.88
124.3
124.73
125.17
125.6
126.03
126.47
126.91
127.36
127.77
128.21
128.65
129.08
129.49
129.92
130.35
130.79
131.23
131.66
132.11
132.54
132.95
133.35
133.75
134.17
134.57
134.98
135.4
135.83
136.24
136.65
137.07
137.49
137.89
138.29
138.71
139.14
139.56
139.96
140.38
140.8
141.23
141.67
142.1
142.52
142.97
143.45
143.95
144.43
144.89
145.3
145.73
146.14
146.57
146.99
147.4
147.83
148.24
148.67
149.11
149.53
149.94
150.36
150.8
151.22
151.65
152.08
152.5
152.93
153.36
153.81
154.28
154.73
155.15
155.55
155.98
156.39
156.82
157.24
157.65
158.08
158.51
158.94
159.39
159.82
160.24
160.66
161.11
161.54
161.99
162.45
162.89
163.36
163.79
164.22
164.66
165.1
165.56
165.98
166.42
166.88
167.31
167.74
168.2
168.61
169.06
169.48
169.9
170.3
170.74
171.16
171.56
171.98
172.4
172.84
173.26
173.66
174.08
174.53
174.98
175.43
175.9
176.35
176.78
177.18
177.62
178.04
178.44
178.86
179.28
179.73
180.19
180.65
181.1
181.53
181.98
182.43
182.89
183.34
183.8
184.22
184.66
185.1
185.56
185.99
186.43
186.87
187.3
187.79
188.25
188.71
189.18
189.66
190.16
190.63
191.1
191.55
191.98
192.44
192.88
193.33
193.78
194.25
194.69
195.12
195.55
196.04
196.51
197.01
197.48
197.95
198.43
198.93
199.44
199.91
200.38
200.81
201.26
201.71
202.18
202.65
203.09
203.55
204.02
204.55
205.06
205.58
206.04
206.56
207.03
207.48
207.88
208.32
208.72
209.14
209.58
209.98
210.41
210.82
211.25
211.69
212.11
212.54
212.99
213.41
213.85
214.26
214.67
215.1
215.53
215.98
216.4
216.82
217.22
217.65
218.07
218.48
218.93
219.4
219.84
220.3
220.73
221.18
221.65
222.08
222.55
223.01
223.47
223.94
224.41
224.89
225.36
225.82
226.25
226.7
227.15
227.61
228.12
228.61
229.13
229.62
230.11
230.59
231.08
231.58
232.04
232.53
232.99
233.44
233.91
234.36
234.83
235.28
235.74
236.21
236.7
237.15
237.64
238.11
238.54
239.0
239.44
239.89
240.35
240.83
241.3
241.78
242.21
242.67
243.12
243.56
244.02
244.46
244.91
245.36
245.81
246.32
246.84
247.34
247.82
248.3
248.75
249.24
249.69
250.13
250.57
251.02
251.48
251.92
252.38
252.83
253.29
253.74
254.19
254.64
255.07
255.52
255.98
256.42
256.89
257.34
257.79
258.22
258.67
259.12
259.59
260.03
260.46
260.89
261.33
261.8
262.25
262.71
263.16
263.62
264.11
264.6
265.06
265.54
266.04
266.54
267.09
267.58
268.12
268.63
269.17
269.66
270.2
270.76
271.29
271.84
272.41
272.97
273.46
273.99
274.5
275.02
275.57
276.08
276.54
277.04
277.52
277.98
278.45
278.9
279.36
279.84
280.32
280.79
281.28
281.8
282.28
282.76
283.22
283.7
284.18
284.66
285.17
285.67
286.15
286.63
287.1
287.55
288.03
288.5
288.98
289.45
289.95
290.43
290.91
291.38
291.83
292.3
292.79
293.28
293.82
294.33
294.9
295.53
296.16
296.77
297.42
298.05
298.8
299.49
300.24
300.95
301.65
302.38
303.1
303.87
304.55
305.29
306.0
306.71
307.38
308.09
308.89
309.68
310.56
311.48
312.32
313.25
314.13
315.01
315.87
316.77
317.6
318.52
319.37
320.25
321.1
321.98
322.9
323.78
324.63
325.51
326.35
327.24
328.14
329.01
329.9
330.8
331.7
332.67
333.47
334.12
334.74
335.33
335.94
336.5
337.12
337.68
338.3
338.89
339.45
340.05
340.64
341.25
341.84
342.4
342.93
343.46
344.0
344.57
345.17
345.8
346.45
347.12
347.8
348.46
349.11
349.75
350.47
351.21
351.99
352.7
353.47
354.19
354.93
355.69
356.46
357.25
358.01
