1.0
5.42
9.68
13.55
17.41
21.24
25.13
28.88
32.55
36.61
40.44
43.94
47.31
50.7
54.0
57.37
60.37
62.24
64.11
66.05
68.06
70.24
72.67
75.02
76.94
78.78
80.56
82.36
84.02
85.68
87.49
89.29
91.2
93.1
95.26
97.27
99.22
101.16
103.14
105.18
107.06
108.98
110.89
112.8
114.75
116.69
118.74
121.09
123.44
125.17
126.9
128.64
130.34
132.1
133.75
135.39
137.06
138.71
140.38
142.1
143.94
145.73
147.39
149.1
150.8
152.49
154.27
155.98
157.64
159.38
161.1
162.88
164.69
166.43
168.21
169.89
171.55
173.25
174.96
176.78
178.44
180.07
181.76
183.44
185.12
186.86
188.46
190.21
191.98
193.77
195.54
197.47
199.43
201.25
203.08
205.05
206.91
208.71
210.41
212.1
213.84
215.52
217.22
218.87
220.55
222.31
224.18
226.09
228.11
230.11
232.02
233.9
235.74
237.47
239.21
241.04
242.9
244.82
246.83
248.75
250.57
252.38
254.18
255.98
257.78
259.58
261.31
263.15
264.99
266.78
268.65
270.75
272.96
275.01
277.04
278.88
280.79
282.75
284.66
286.9
288.97
290.91
292.78
294.91
297.41
300.23
303.11
306.0
308.89
312.28
315.83
319.35
322.9
326.32
329.89
333.46
335.93
338.29
340.63
342.93
345.17
347.79
350.29
352.59
354.92
357.24
