0.46
1.03
1.57
2.09
2.63
3.18
3.77
4.39
4.98
5.57
6.12
6.7
7.25
7.82
8.42
9.06
9.68
10.27
10.88
11.49
12.1
12.74
13.32
13.93
14.55
15.18
15.79
16.43
16.98
17.55
18.09
18.66
19.26
19.83
20.4
20.94
21.53
22.08
22.69
23.33
23.92
24.52
25.06
25.63
26.21
26.8
27.37
27.91
28.48
29.05
29.62
30.22
30.79
31.34
31.88
32.44
33.0
33.59
34.08
34.58
35.1
35.61
36.11
36.6
37.1
37.57
38.09
38.64
39.13
39.66
40.18
40.74
41.25
41.77
42.33
42.83
43.33
43.84
44.33
44.79
45.25
45.73
46.21
46.67
47.15
47.6
48.07
48.51
48.98
49.44
49.88
50.32
50.76
51.2
51.66
52.11
52.56
53.0
53.44
53.89
54.33
54.77
55.21
55.65
56.08
56.5
56.94
57.38
57.83
58.25
58.69
59.13
59.56
59.99
60.42
60.85
61.29
61.71
62.15
62.58
63.02
63.46
63.9
64.36
64.78
65.22
65.69
66.18
66.71
67.2
67.73
68.24
68.79
69.3
69.82
70.34
70.84
71.36
71.89
72.4
72.91
73.44
73.94
74.46
75.01
75.51
76.04
76.59
77.12
77.62
78.15
78.7
79.23
79.75
80.3
80.86
81.49
82.09
82.73
83.23
83.71
84.24
84.72
85.19
85.68
86.19
86.7
87.21
87.71
88.18
88.75
89.3
89.85
90.45
91.0
91.61
92.17
92.66
93.13
93.61
94.07
94.56
95.05
95.53
96.0
96.47
96.95
97.44
97.93
98.39
98.85
99.33
99.81
100.28
100.81
101.32
101.8
102.32
102.82
103.35
103.84
104.35
104.88
105.39
105.94
106.41
106.88
107.38
107.84
108.32
108.82
109.29
109.76
110.27
110.76
111.26
111.77
112.26
112.79
113.3
113.81
114.33
114.86
115.37
115.89
116.38
116.88
117.38
117.89
118.38
118.89
119.37
119.88
120.39
120.9
121.43
121.99
122.54
123.06
123.58
124.07
124.59
125.08
125.63
126.2
126.77
127.31
127.92
128.56
129.15
129.65
130.13
130.6
131.1
131.59
132.08
132.58
133.06
133.52
134.0
134.48
134.96
135.46
135.94
136.4
136.87
137.34
137.83
138.32
138.78
139.28
139.8
140.33
140.89
141.39
141.87
142.35
142.85
143.34
143.85
144.33
144.81
145.29
145.78
146.26
146.75
147.26
147.75
148.24
148.72
149.22
149.75
150.23
150.73
151.22
151.73
152.24
152.75
153.29
153.78
154.24
154.75
155.23
155.73
156.22
156.69
157.18
157.66
158.13
158.61
159.12
159.6
160.07
160.57
161.06
161.56
162.05
162.51
163.0
163.48
163.97
164.49
164.99
165.48
165.94
166.42
166.91
167.4
167.88
168.35
168.82
169.3
169.78
170.28
170.79
171.28
171.76
172.24
172.72
173.22
173.71
174.19
174.68
175.16
175.63
176.13
176.61
177.08
177.57
178.03
178.52
178.98
179.46
179.93
180.35
180.81
181.24
181.68
182.11
182.57
182.99
183.43
183.87
184.35
184.81
185.25
185.73
186.2
186.68
187.13
187.6
188.11
188.64
189.16
189.65
190.15
190.66
191.18
191.71
192.22
192.73
193.22
193.73
194.25
194.76
195.28
195.84
196.36
196.9
197.41
197.93
198.41
198.92
199.46
200.03
200.61
201.15
201.7
202.21
202.74
203.28
203.83
204.36
204.86
205.37
205.89
206.43
206.96
207.45
207.96
208.43
208.93
209.46
209.93
210.45
210.96
211.45
211.93
212.45
212.92
213.42
213.91
214.43
214.92
215.4
215.9
216.42
216.87
217.31
217.75
218.22
218.65
219.1
219.55
220.02
220.47
220.91
221.35
221.82
222.29
222.75
223.2
223.67
224.1
224.55
225.0
225.42
225.88
226.34
226.78
227.23
227.67
228.11
228.56
229.01
229.44
229.87
230.31
230.75
231.21
231.65
232.08
232.52
232.96
233.39
233.84
234.32
234.78
235.22
235.68
236.14
236.63
237.16
237.67
238.17
238.68
239.2
239.7
240.21
240.71
241.23
241.76
242.3
242.85
243.42
244.02
244.56
245.16
245.67
246.23
246.75
247.27
247.8
248.31
248.84
249.39
249.93
250.43
250.94
251.46
251.99
252.52
253.02
253.56
254.06
254.58
255.13
255.65
256.15
256.67
257.24
257.78
258.37
258.91
259.43
259.97
260.5
261.06
261.67
262.23
262.83
263.39
263.93
264.44
264.93
265.42
265.93
266.43
266.94
267.48
267.98
268.46
268.99
269.49
269.98
270.48
270.96
271.48
271.98
272.44
272.96
273.44
273.91
274.38
274.86
275.34
275.82
276.3
276.76
277.23
277.71
278.19
278.67
279.13
279.6
280.1
280.6
281.16
281.66
282.19
282.74
283.24
283.78
284.28
284.79
285.32
285.83
286.3
286.78
287.3
287.77
288.29
288.8
289.29
289.75
290.25
290.77
291.26
291.75
292.26
292.75
293.28
293.77
294.26
294.77
295.29
295.81
296.31
296.83
297.32
297.8
298.29
298.77
299.27
299.76
300.28
300.76
301.26
301.82
302.42
302.97
303.48
303.97
304.43
304.93
305.42
305.93
306.43
306.92
307.39
307.9
308.4
308.89
309.39
309.9
310.39
310.87
311.37
311.92
312.46
312.96
313.55
314.17
314.83
315.43
316.08
316.69
317.35
317.95
318.59
319.24
319.9
320.51
321.18
321.78
322.43
323.06
323.67
324.33
324.93
325.58
326.2
326.88
327.61
328.48
329.32
330.19
331.04
331.91
332.77
333.62
334.47
335.32
336.18
337.02
337.88
338.72
339.57
340.44
341.29
342.14
343.14
344.19
345.2
346.11
347.03
347.96
348.9
349.91
350.81
351.78
352.81
353.74
354.66
355.65
356.61
357.56
358.39
359.21
359.97
360.78
361.58
362.43
363.23
364.0
