3.18
5.56
7.87
10.27
12.73
15.18
17.55
19.83
22.02
24.5
26.82
29.03
31.33
33.58
35.61
37.8
39.65
41.5
43.36
45.25
47.14
48.98
50.76
52.55
54.33
56.07
57.82
59.56
61.29
63.01
64.79
66.7
68.79
70.84
72.91
75.01
76.98
79.22
81.48
83.7
85.67
87.7
89.84
92.16
94.06
95.99
97.92
99.81
101.8
103.84
105.93
107.83
109.75
111.76
113.8
115.87
117.88
119.88
121.98
124.07
126.2
128.61
131.1
133.04
134.95
136.86
138.77
140.88
142.84
144.8
146.74
148.72
150.69
152.73
154.74
156.69
158.6
160.57
162.51
164.48
166.42
168.34
170.27
172.24
174.18
176.12
178.02
179.92
181.67
183.42
185.25
187.09
189.16
191.17
193.21
195.27
197.41
199.44
201.69
203.83
205.88
207.95
209.93
211.93
213.9
215.87
217.95
220.01
221.81
223.66
225.41
227.22
229.0
230.75
232.51
234.34
236.4
238.44
240.48
242.63
244.84
247.01
249.12
251.19
253.29
255.38
257.5
259.7
261.85
263.93
265.92
267.96
269.97
271.95
273.91
275.82
277.71
279.59
281.49
283.43
285.33
287.3
289.27
291.26
293.27
295.28
297.31
299.26
301.26
303.47
305.41
307.39
309.38
311.36
313.62
316.07
318.57
321.16
323.65
325.81
327.6
329.32
331.04
332.77
334.46
336.17
337.88
339.57
341.28
343.1
345.22
347.23
349.17
351.04
353.07
355.27
357.57
359.93
362.42
