1.01
3.45
5.86
8.13
10.3
12.67
15.04
17.43
19.66
21.76
23.87
25.94
27.98
30.05
32.12
34.22
36.24
38.41
40.54
42.25
44.18
46.05
47.9
49.78
51.7
53.57
55.49
57.45
59.41
61.31
63.4
65.73
67.83
69.95
72.1
74.16
76.34
78.75
81.38
83.82
86.05
88.22
90.64
93.15
95.4
97.55
99.52
101.49
103.64
105.88
108.09
110.35
112.24
114.08
116.23
118.58
120.8
122.97
125.12
127.51
130.05
132.62
135.07
137.58
139.96
142.06
144.12
146.21
148.33
150.35
152.36
154.39
156.43
158.43
160.49
162.54
164.61
166.68
168.86
170.91
172.9
174.89
176.91
178.99
180.87
182.8
184.99
187.45
189.64
191.83
194.06
196.19
198.21
200.31
202.57
204.62
206.64
208.68
210.45
212.31
214.32
216.5
218.57
220.61
222.75
224.81
226.69
228.73
230.75
232.86
234.97
236.91
238.85
240.82
242.71
244.64
246.56
248.63
250.59
252.89
255.17
257.3
259.47
261.83
264.12
266.24
268.31
270.37
272.41
274.47
276.63
278.87
281.36
283.96
286.25
288.42
290.95
293.44
295.72
297.89
299.85
301.85
303.98
306.22
308.46
310.75
313.11
315.5
317.79
320.0
322.28
324.62
326.78
329.17
331.3
333.47
335.71
337.9
340.39
342.91
345.59
348.24
350.79
353.22
355.48
357.53
359.4
361.33
363.18
365.13
367.05
369.0
370.87
372.86
375.06
377.75
381.07
384.61
388.74
392.93
