0.43
1.02
1.63
2.26
2.87
3.45
4.04
4.64
5.25
5.86
6.47
7.0
7.56
8.12
8.71
9.25
9.78
10.33
10.9
11.41
11.88
12.38
12.89
13.41
13.95
14.5
15.03
15.55
16.05
16.57
17.11
17.63
18.11
18.62
19.16
19.66
20.16
20.66
21.2
21.76
22.32
22.83
23.37
23.88
24.4
24.91
25.44
25.94
26.41
26.91
27.44
28.0
28.52
29.04
29.55
30.06
30.58
31.12
31.65
32.12
32.64
33.13
33.66
34.22
34.77
35.25
35.75
36.24
36.78
37.31
37.85
38.41
38.96
39.48
40.01
40.57
41.11
41.69
42.24
42.72
43.19
43.68
44.19
44.66
45.13
45.59
46.05
46.53
47.0
47.47
47.9
48.35
48.8
49.29
49.78
50.27
50.76
51.23
51.71
52.18
52.67
53.13
53.57
54.03
54.52
55.01
55.5
55.99
56.48
56.97
57.46
57.95
58.43
58.92
59.41
59.88
60.36
60.84
61.32
61.87
62.41
62.91
63.4
63.92
64.46
64.97
65.51
66.05
66.57
67.1
67.61
68.12
68.67
69.19
69.71
70.24
70.77
71.33
71.84
72.37
72.88
73.4
73.93
74.44
75.01
75.57
76.09
76.64
77.21
77.75
78.31
78.91
79.47
80.1
80.74
81.38
82.01
82.64
83.26
83.83
84.43
84.97
85.55
86.06
86.61
87.15
87.7
88.22
88.8
89.34
89.87
90.44
91.0
91.55
92.09
92.67
93.21
93.77
94.35
94.89
95.41
95.93
96.46
97.01
97.55
98.05
98.52
99.02
99.54
100.01
100.51
101.02
101.49
101.97
102.53
103.09
103.65
104.21
104.74
105.3
105.89
106.44
107.0
107.54
108.1
108.71
109.27
109.85
110.43
111.06
111.63
112.25
112.83
113.4
113.94
114.54
115.08
115.63
116.24
116.83
117.45
118.06
118.59
119.13
119.71
120.25
120.8
121.34
121.9
122.44
122.98
123.48
124.03
124.55
125.13
125.7
126.33
126.95
127.53
128.15
128.71
129.26
129.82
130.38
130.96
131.53
132.06
132.62
133.23
133.87
134.5
135.12
135.71
136.33
136.96
137.59
138.22
138.88
139.43
139.97
140.5
141.04
141.55
142.06
142.56
143.1
143.61
144.13
144.65
145.15
145.68
146.22
146.77
147.31
147.82
148.33
148.84
149.35
149.84
150.35
150.88
151.38
151.86
152.37
152.88
153.41
153.92
154.41
154.92
155.43
155.93
156.43
156.96
157.45
157.93
158.43
158.94
159.48
160.01
160.5
160.99
161.49
162.01
162.55
163.09
163.61
164.09
164.61
165.12
165.65
166.18
166.69
167.21
167.7
168.18
168.66
169.16
169.66
170.17
170.65
171.16
171.65
172.18
172.67
173.15
173.65
174.17
174.65
175.16
175.69
176.19
176.68
177.19
177.7
178.24
178.75
179.23
179.74
180.27
180.79
181.27
181.81
182.32
182.81
183.33
183.84
184.42
184.99
185.63
186.24
186.84
187.38
187.95
188.55
189.1
189.66
190.26
190.8
191.31
191.85
192.41
192.95
193.52
194.06
194.58
195.12
195.69
196.19
196.71
197.21
197.72
198.21
198.73
199.27
199.77
200.31
200.87
201.42
201.99
202.57
203.1
203.64
204.13
204.63
205.14
205.66
206.17
206.64
207.15
207.67
208.19
208.69
209.12
209.57
209.99
210.45
210.9
211.34
211.84
212.3
212.82
213.33
213.81
214.32
214.87
215.45
215.99
216.5
217.02
217.53
218.05
218.58
219.11
219.61
220.12
220.61
221.12
221.69
222.23
222.75
223.28
223.83
224.44
225.01
225.58
226.12
226.66
227.16
227.67
228.19
228.74
229.22
229.75
230.25
230.76
231.29
231.84
232.35
232.87
233.43
233.95
234.44
234.98
235.48
235.95
236.43
236.91
237.39
237.9
238.37
238.86
239.35
239.83
240.34
240.83
241.29
241.76
242.22
242.72
243.2
243.7
244.18
244.65
245.13
245.6
246.09
246.57
247.09
247.6
248.11
248.64
249.13
249.61
250.1
250.6
251.13
251.74
252.3
252.89
253.45
254.03
254.62
255.17
255.69
256.24
256.75
257.31
257.84
258.35
258.88
259.47
260.09
260.74
261.44
262.1
262.74
263.38
264.04
264.65
265.3
265.96
266.49
267.03
267.52
268.04
268.57
269.11
269.59
270.1
270.61
271.15
271.64
272.16
272.65
273.15
273.66
274.18
274.74
275.29
275.82
276.34
276.91
277.42
278.04
278.73
279.42
280.07
280.7
281.37
282.01
282.65
283.31
283.97
284.61
285.14
285.71
286.26
286.8
287.33
287.9
288.43
289.08
289.67
290.33
290.96
291.56
292.21
292.84
293.45
294.09
294.69
295.21
295.72
296.22
296.77
297.35
297.9
298.38
298.85
299.34
299.86
300.34
300.87
301.37
301.86
302.34
302.87
303.42
303.97
304.54
305.09
305.67
306.23
306.77
307.33
307.92
308.47
309.05
309.6
310.2
310.72
311.25
311.81
312.31
312.84
313.37
313.93
314.43
314.97
315.5
316.05
316.64
317.2
317.8
318.38
318.9
319.44
320.01
320.55
321.12
321.68
322.28
322.83
323.36
323.88
324.38
324.9
325.45
325.97
326.5
327.07
327.6
328.1
328.63
329.18
329.71
330.23
330.76
331.31
331.83
332.39
332.93
333.47
334.0
334.54
335.08
335.71
336.33
336.95
337.61
338.21
338.86
339.47
340.2
340.89
341.58
342.25
342.91
343.57
344.25
344.95
345.6
346.23
346.89
347.59
348.24
348.86
349.52
350.18
350.77
351.38
352.0
352.62
353.21
353.84
354.39
354.94
355.48
356.01
356.58
357.05
357.54
358.01
358.46
358.94
359.41
359.89
360.36
360.84
361.34
361.81
362.27
362.71
363.18
363.67
364.17
364.66
365.14
365.62
366.1
366.59
367.08
367.54
368.03
368.51
369.0
369.48
369.96
370.43
370.87
371.35
371.8
372.31
372.85
373.34
373.86
374.33
374.83
375.34
375.89
376.46
377.01
377.58
378.18
378.79
379.31
379.85
380.43
381.07
381.69
382.3
383.12
383.94
384.8
385.64
386.46
387.26
388.07
388.95
389.79
390.6
391.53
392.41
393.34
394.25
395.13
396.07
396.95
397.84
398.79
