0.99
2.04
3.13
4.06
4.94
5.81
6.79
7.68
8.64
9.59
10.64
11.7
12.79
13.92
15.03
16.1
17.05
17.92
18.83
19.72
20.64
21.48
22.37
23.16
23.94
24.76
25.54
26.4
27.31
28.15
28.95
29.81
30.59
31.45
32.31
33.13
33.98
34.85
35.63
36.34
37.05
37.86
38.7
39.51
40.29
41.1
41.93
42.74
43.6
44.39
45.16
45.94
46.76
47.53
48.28
49.04
49.83
50.62
51.37
52.11
52.86
53.63
54.51
55.33
56.3
57.23
58.17
59.05
60.04
61.04
61.98
63.09
64.0
64.89
65.87
66.81
67.82
68.79
69.73
70.67
71.6
72.52
73.43
74.4
75.32
76.24
77.14
78.1
78.94
79.87
80.71
81.61
82.63
83.68
84.74
85.77
86.82
87.8
88.81
89.89
90.96
91.97
93.03
94.12
95.26
96.36
97.29
98.26
99.26
100.38
101.46
102.48
103.52
104.55
105.5
106.39
107.34
108.26
109.17
110.07
111.01
111.81
112.67
113.52
114.34
115.29
116.19
117.15
118.14
119.11
120.02
120.99
121.96
122.85
123.73
124.53
125.37
126.2
127.05
127.87
128.72
129.63
130.59
131.5
132.3
133.12
133.97
134.83
135.64
136.5
137.32
138.16
139.06
139.87
140.73
141.59
142.42
143.24
144.07
144.9
145.85
146.76
147.56
148.39
149.32
150.17
151.06
151.95
152.87
153.81
154.68
155.68
156.6
157.56
158.5
159.45
160.47
161.51
162.54
163.59
164.53
165.42
166.36
167.29
168.26
169.21
170.03
170.9
171.8
172.63
173.46
174.22
175.06
175.9
176.71
177.44
178.21
178.97
179.79
180.61
181.44
182.35
183.32
184.31
185.22
186.11
186.94
187.82
188.71
189.52
190.47
191.46
192.56
193.57
194.68
195.59
196.55
197.48
198.38
199.3
200.26
201.18
202.11
203.04
203.84
204.59
205.39
206.19
207.0
207.76
208.54
209.32
210.1
210.89
211.65
212.49
213.37
214.19
215.0
215.9
216.78
217.7
218.74
219.79
220.84
221.78
222.66
223.56
224.54
225.46
226.41
227.41
228.37
229.28
230.23
231.08
231.99
232.83
233.78
234.81
235.83
236.92
237.97
238.92
239.95
240.91
241.84
242.83
243.81
244.72
245.7
246.67
247.59
248.52
249.47
250.43
251.3
252.11
252.96
253.71
254.47
255.16
255.87
256.58
257.2
257.88
258.54
259.18
259.78
260.42
261.05
261.7
262.32
262.96
263.56
264.2
264.82
265.45
266.11
266.71
267.44
268.1
268.8
269.51
270.14
270.81
271.47
272.02
272.58
273.15
273.75
274.24
274.78
275.31
275.82
276.33
276.8
277.3
277.83
278.32
278.85
279.35
279.81
280.27
280.71
281.18
281.63
282.09
282.56
283.02
283.46
283.87
284.3
284.73
285.18
285.64
286.09
286.53
286.99
287.45
287.91
288.36
288.8
289.23
289.67
290.13
290.59
291.09
291.57
292.04
292.51
293.0
293.56
294.2
294.81
295.42
296.07
296.69
297.28
297.91
298.56
299.22
299.92
300.57
301.2
301.86
302.55
303.27
303.97
304.65
305.33
306.04
306.75
307.47
308.21
308.9
309.6
310.3
311.02
311.75
312.51
313.33
314.09
314.87
315.67
316.54
317.32
318.05
318.8
319.53
320.26
321.03
321.78
322.59
323.36
324.11
324.81
325.48
326.19
326.93
327.86
328.69
329.58
330.39
331.3
332.17
333.03
333.96
334.75
335.47
336.22
336.94
337.62
338.32
339.01
339.71
340.4
341.1
341.87
342.77
343.62
344.49
345.31
