3.12
6.78
10.63
14.81
18.41
22.14
25.54
28.94
32.3
35.62
38.76
41.93
45.15
48.27
51.37
54.51
58.17
61.97
65.87
69.72
73.39
77.13
80.7
83.88
87.25
90.69
93.74
97.28
101.45
105.49
109.17
112.66
116.2
120.02
123.73
127.04
130.58
133.96
137.31
140.72
144.06
147.14
150.59
154.03
157.55
161.5
165.41
168.78
172.28
175.89
178.97
182.34
186.11
189.51
193.56
197.47
201.17
204.58
207.75
210.88
214.18
217.68
220.84
224.53
228.37
231.99
235.61
239.41
243.33
247.15
251.06
255.16
258.75
262.31
265.44
268.55
272.01
275.82
279.81
283.53
287.44
291.09
294.2
297.27
300.56
303.97
307.46
311.02
314.07
317.32
320.26
323.35
326.18
329.58
333.03
336.21
339.0
341.87
345.3
