3.0
7.32
11.6
15.76
19.51
23.85
27.98
32.09
36.16
40.13
43.65
47.4
51.17
54.91
58.63
62.3
66.31
70.68
75.01
79.19
83.38
87.41
91.68
95.54
99.23
103.35
107.71
111.66
115.59
119.92
124.02
127.63
131.48
135.74
140.06
144.27
148.54
152.72
156.87
160.04
163.02
166.09
169.14
172.44
176.42
180.35
184.45
188.58
192.48
196.42
200.26
204.3
208.62
213.04
217.24
221.01
225.36
229.03
232.61
236.27
239.97
243.73
247.08
250.36
253.72
256.91
260.02
263.36
267.68
271.87
275.83
280.04
284.18
288.02
291.97
295.95
300.33
304.28
308.17
312.24
316.66
320.76
324.91
329.04
333.13
336.63
339.79
342.99
345.9
348.75
351.76
355.5
359.25
362.89
366.6
370.44
374.19
378.37
382.35
386.22
390.15
