1.02
2.05
3.01
4.06
5.16
6.19
7.23
8.23
9.16
10.04
10.89
11.79
12.69
13.56
14.46
15.55
16.57
17.61
18.58
19.66
20.66
21.68
22.74
23.87
24.85
25.89
26.97
27.99
29.04
30.07
31.08
32.1
33.11
34.09
35.17
36.17
37.17
38.15
39.13
40.15
40.96
41.82
42.72
43.67
44.61
45.55
46.48
47.41
48.39
49.32
50.23
51.19
52.13
53.04
54.01
54.92
55.85
56.76
57.7
58.63
59.54
60.45
61.35
62.3
63.26
64.21
64.99
65.81
66.59
67.42
68.24
69.09
69.87
70.7
71.56
72.32
73.15
73.94
74.8
75.56
76.42
77.21
78.0
78.88
79.75
80.58
81.44
82.46
83.41
84.47
85.44
86.43
87.42
88.42
89.51
90.62
91.69
92.75
93.7
94.6
95.54
96.47
97.42
98.3
99.23
100.17
101.16
102.1
103.05
104.06
105.02
105.95
106.86
107.72
108.59
109.48
110.34
111.32
112.36
113.38
114.46
115.61
116.64
117.74
118.88
119.93
120.93
121.94
123.0
124.05
125.2
126.22
127.31
128.41
129.48
130.6
131.59
132.67
133.69
134.74
135.75
136.85
137.97
139.0
140.07
141.14
142.15
143.22
144.28
145.27
146.33
147.33
148.31
149.3
150.35
151.32
152.36
153.34
154.31
155.33
156.35
157.38
158.29
159.25
160.31
161.32
162.29
163.28
164.24
165.28
166.35
167.37
168.4
169.44
170.5
171.62
172.69
173.68
174.66
175.69
176.71
177.81
178.84
179.87
180.9
181.89
182.96
183.85
184.8
185.71
186.59
187.54
188.58
189.53
190.48
191.48
192.48
193.52
194.49
195.44
196.43
197.39
198.32
199.29
200.27
201.17
202.21
203.31
204.32
205.42
206.44
207.55
208.62
209.71
210.86
211.95
213.04
214.13
215.12
216.2
217.25
218.26
219.13
220.05
221.01
222.13
223.22
224.33
225.38
226.35
227.22
228.17
229.04
229.89
230.82
231.69
232.62
233.52
234.45
235.41
236.28
237.16
238.11
239.04
239.98
240.88
241.82
242.78
243.73
244.65
245.49
246.28
247.09
247.85
248.64
249.46
250.38
251.23
252.07
252.96
253.74
254.58
255.33
256.16
256.93
257.68
258.48
259.28
260.03
260.82
261.64
262.42
263.36
264.44
265.53
266.65
267.69
268.75
269.75
270.83
271.88
272.9
273.88
274.79
275.85
276.79
277.89
278.95
280.04
281.09
282.13
283.14
284.19
285.23
286.18
287.11
288.03
289.0
289.91
290.97
291.97
292.97
294.04
295.0
295.95
297.02
298.11
299.23
300.34
301.33
302.35
303.3
304.29
305.29
306.27
307.18
308.18
309.14
310.06
311.14
312.26
313.33
314.41
315.56
316.65
317.65
318.67
319.73
320.77
321.83
322.86
323.88
324.92
325.97
326.96
327.99
329.04
330.05
330.8
331.44
332.1
332.76
333.41
334.02
334.66
335.3
335.94
336.59
337.22
337.86
338.53
339.16
339.8
340.44
341.08
341.73
342.44
343.08
343.77
344.49
345.2
345.9
346.57
347.26
347.97
348.76
349.53
350.29
351.01
351.79
352.76
353.68
354.55
355.51
356.42
357.36
358.32
359.25
360.12
361.05
361.98
362.9
363.84
364.76
365.69
366.6
367.53
368.48
369.49
370.45
371.34
372.3
373.23
374.2
375.3
376.29
377.34
378.41
379.32
380.28
381.31
382.36
383.37
384.36
385.27
386.22
387.12
388.07
389.15
390.17
391.21
