0.94
5.2
9.16
13.12
16.98
20.91
24.88
28.8
32.64
36.97
40.54
44.02
47.46
50.88
54.29
57.81
61.67
65.36
69.19
72.96
76.97
81.14
85.09
88.86
92.72
96.84
100.89
104.86
108.64
112.43
116.38
119.45
122.24
124.27
126.08
127.83
129.61
131.48
133.25
135.07
136.9
138.69
140.48
142.29
144.06
145.86
147.67
149.44
151.16
152.98
154.74
156.49
158.22
159.92
161.8
163.52
165.19
166.9
168.59
170.22
171.85
173.55
175.25
177.49
179.52
181.31
183.13
184.98
186.78
188.61
190.55
192.41
194.21
196.01
197.89
199.58
201.22
202.83
204.45
206.04
207.67
209.43
211.19
212.99
214.87
216.73
218.73
220.87
222.86
224.76
226.64
228.52
230.33
232.15
233.96
235.71
237.61
239.67
241.77
243.8
245.84
247.78
249.68
251.53
253.4
255.32
257.29
259.3
261.27
263.2
265.17
267.07
269.0
270.84
272.61
274.48
276.36
278.19
279.99
281.86
283.94
286.21
288.65
291.2
293.85
296.67
299.8
303.04
306.29
309.56
312.77
316.0
318.89
321.77
324.56
327.14
330.39
334.04
