0.39
0.95
1.49
2.07
2.61
3.12
3.66
4.2
4.74
5.32
5.93
6.5
7.06
7.66
8.16
8.66
9.17
9.7
10.22
10.7
11.21
11.71
12.17
12.67
13.13
13.63
14.11
14.57
15.07
15.55
16.01
16.51
16.99
17.46
17.96
18.45
18.95
19.48
19.96
20.46
20.92
21.42
21.94
22.45
22.95
23.42
23.9
24.39
24.89
25.4
25.88
26.36
26.82
27.3
27.8
28.3
28.79
29.27
29.74
30.23
30.74
31.23
31.7
32.17
32.65
33.15
33.65
34.14
34.64
35.12
35.59
36.1
36.55
36.98
37.45
37.88
38.32
38.75
39.2
39.64
40.09
40.55
40.98
41.43
41.88
42.32
42.75
43.18
43.61
44.03
44.46
44.89
45.33
45.74
46.17
46.6
47.04
47.47
47.91
48.33
48.75
49.19
49.6
50.03
50.46
50.89
51.32
51.76
52.18
52.6
53.03
53.45
53.88
54.29
54.72
55.14
55.58
56.02
56.44
56.87
57.32
57.76
58.26
58.79
59.27
59.77
60.25
60.71
61.19
61.68
62.15
62.64
63.12
63.62
64.12
64.65
65.13
65.59
66.07
66.55
67.03
67.53
68.0
68.48
68.96
69.44
69.96
70.44
70.96
71.47
71.95
72.44
72.97
73.46
73.93
74.35
74.79
75.23
75.69
76.12
76.53
76.97
77.39
77.84
78.25
78.68
79.11
79.56
79.99
80.4
80.83
81.27
81.74
82.2
82.67
83.14
83.6
84.11
84.62
85.09
85.54
86.01
86.49
86.99
87.47
87.94
88.4
88.86
89.34
89.82
90.32
90.8
91.26
91.76
92.22
92.71
93.19
93.71
94.26
94.76
95.31
95.79
96.27
96.77
97.27
97.78
98.27
98.81
99.38
99.9
100.39
100.9
101.4
101.92
102.4
102.88
103.37
103.87
104.37
104.86
105.34
105.82
106.3
106.77
107.24
107.71
108.17
108.64
109.11
109.57
110.05
110.55
111.02
111.51
111.98
112.45
112.94
113.45
113.94
114.41
114.9
115.39
115.89
116.39
116.89
117.37
117.86
118.31
118.8
119.24
119.71
120.17
120.64
121.09
121.55
122.0
122.48
122.92
123.37
123.82
124.27
124.72
125.19
125.63
126.09
126.53
126.98
127.43
127.85
128.31
128.73
129.17
129.63
130.09
130.57
131.03
131.48
131.92
132.36
132.81
133.26
133.72
134.17
134.61
135.07
135.52
136.0
136.45
136.9
137.34
137.79
138.24
138.7
139.16
139.59
140.04
140.49
140.94
141.4
141.86
142.3
142.72
143.17
143.62
144.06
144.53
144.96
145.41
145.87
146.32
146.8
147.24
147.67
148.12
148.55
149.01
149.45
149.89
150.31
150.73
151.17
151.62
152.07
152.54
152.98
153.43
153.86
154.32
154.75
155.18
155.63
156.06
156.5
156.93
157.38
157.81
158.23
158.64
159.07
159.47
159.92
160.39
160.89
161.36
161.83
162.31
162.8
163.28
163.76
164.25
164.73
165.19
165.62
166.04
166.46
166.9
167.33
167.75
168.18
168.59
169.01
169.43
169.81
170.22
170.61
171.01
171.43
171.86
172.27
172.71
173.13
173.55
173.95
174.33
174.74
175.15
175.54
175.93
176.37
176.84
177.28
177.74
178.17
178.62
179.08
179.53
179.96
180.4
180.85
181.32
181.79
182.23
182.7
183.14
183.59
184.05
184.53
184.99
185.43
185.88
186.32
186.79
187.26
187.72
188.17
188.62
189.08
189.58
190.09
190.56
191.03
191.48
191.94
192.42
192.88
193.33
193.78
194.22
194.67
195.13
195.59
196.02
196.49
196.92
197.38
197.82
198.27
198.74
199.17
199.59
200.01
200.42
200.81
201.22
201.63
202.05
202.43
202.85
203.25
203.63
204.05
204.45
204.83
205.24
205.64
206.05
206.45
206.85
207.28
207.68
208.13
208.56
208.98
209.43
209.87
210.3
210.75
211.2
211.63
212.07
212.53
213.0
213.48
213.95
214.42
214.88
215.34
215.82
216.27
216.74
217.2
217.69
218.21
218.74
219.3
219.83
220.35
220.87
221.4
221.94
222.41
222.87
223.35
223.81
224.28
224.77
225.22
225.7
226.16
226.65
227.12
227.58
228.04
228.53
228.97
229.44
229.89
230.34
230.79
231.25
231.69
232.16
232.6
233.06
233.49
233.96
234.41
234.85
235.27
235.71
236.18
236.64
237.1
237.62
238.11
238.65
239.15
239.68
240.22
240.75
241.26
241.81
242.31
242.87
243.35
243.82
244.32
244.8
245.27
245.71
246.17
246.65
247.11
247.56
248.01
248.48
248.97
249.44
249.91
250.36
250.83
251.3
251.79
252.26
252.72
253.17
253.64
254.11
254.57
255.03
255.49
255.93
256.4
256.85
257.31
257.78
258.25
258.71
259.17
259.61
260.07
260.58
261.08
261.57
262.08
262.61
263.15
263.72
264.2
264.67
265.18
265.65
266.15
266.62
267.09
267.57
268.05
268.55
269.01
269.47
269.96
270.41
270.86
271.28
271.74
272.18
272.62
273.07
273.53
274.0
274.48
274.94
275.42
275.89
276.37
276.82
277.29
277.74
278.2
278.65
279.1
279.55
280.0
280.46
280.95
281.42
281.87
282.32
282.81
283.27
283.74
284.22
284.69
285.15
285.64
286.22
286.85
287.44
288.04
288.65
289.28
289.92
290.54
291.21
291.82
292.52
293.2
293.86
294.6
295.26
295.99
296.68
297.42
298.21
299.0
299.81
300.61
301.42
302.23
303.07
303.91
304.72
305.51
306.32
307.16
307.96
308.76
309.56
310.36
311.19
312.21
313.22
314.18
315.27
316.28
317.42
318.45
319.39
320.35
321.3
322.24
323.24
324.18
325.17
326.19
327.15
328.11
329.16
330.09
331.14
332.1
333.09
334.06
