3.28
5.7
7.86
9.97
12.16
14.37
16.66
18.66
20.56
22.53
24.43
26.31
28.24
30.17
32.02
33.91
35.78
37.66
39.37
41.0
42.65
44.3
45.89
47.59
49.25
50.84
52.47
54.15
55.78
57.5
59.25
60.92
62.81
64.71
66.77
68.75
70.81
73.03
74.88
76.71
78.54
80.34
82.14
83.98
85.86
87.75
89.58
91.42
93.29
95.17
97.05
99.11
100.99
102.84
104.87
106.9
108.95
110.96
112.96
115.17
117.39
119.7
122.33
124.81
126.59
128.4
130.21
132.18
134.03
135.78
137.61
139.41
141.21
143.12
145.1
146.99
148.88
150.76
152.62
154.49
156.41
158.29
160.21
162.11
164.01
166.09
168.2
170.06
171.94
173.74
175.54
177.44
179.32
181.14
183.07
185.07
187.21
189.11
191.01
193.0
194.96
196.84
198.76
200.75
202.63
204.55
206.45
208.4
210.25
211.88
213.56
215.22
216.84
218.47
220.12
221.81
223.54
225.53
227.39
229.28
231.23
232.86
234.54
236.34
238.28
240.18
242.08
244.01
245.94
247.95
249.89
251.78
253.66
255.52
257.34
259.18
260.97
262.74
264.64
266.49
268.32
270.29
272.4
274.49
276.65
278.81
280.86
282.83
284.79
286.74
288.62
290.55
292.52
294.46
296.43
298.42
300.42
302.85
305.66
308.56
311.85
315.15
318.05
320.95
324.42
327.68
331.01
334.35
338.01
341.56
344.79
347.5
349.95
352.31
354.57
356.78
