0.38
0.97
1.55
2.09
2.66
3.29
3.93
4.55
5.12
5.7
6.25
6.79
7.32
7.86
8.39
8.93
9.47
10.02
10.6
11.13
11.63
12.17
12.69
13.22
13.7
14.17
14.65
15.12
15.6
16.13
16.66
17.17
17.66
18.19
18.67
19.15
19.63
20.09
20.57
21.05
21.54
22.06
22.54
23.01
23.48
23.95
24.43
24.91
25.37
25.84
26.32
26.81
27.29
27.77
28.25
28.72
29.2
29.68
30.18
30.66
31.11
31.56
32.03
32.5
32.99
33.46
33.92
34.38
34.86
35.34
35.81
36.28
36.73
37.2
37.67
38.16
38.57
38.98
39.38
39.79
40.2
40.6
41.01
41.42
41.84
42.24
42.66
43.08
43.49
43.89
44.31
44.72
45.11
45.5
45.91
46.32
46.75
47.18
47.6
48.0
48.41
48.83
49.25
49.65
50.05
50.45
50.85
51.24
51.67
52.08
52.48
52.9
53.31
53.73
54.16
54.55
54.96
55.37
55.79
56.21
56.63
57.06
57.51
57.92
58.36
58.82
59.26
59.67
60.09
60.5
60.93
61.39
61.86
62.32
62.82
63.29
63.77
64.24
64.72
65.23
65.76
66.28
66.77
67.26
67.74
68.23
68.76
69.26
69.74
70.25
70.82
71.34
71.91
72.49
73.03
73.61
74.14
74.65
75.2
75.73
76.23
76.71
77.17
77.65
78.12
78.55
79.02
79.47
79.91
80.35
80.82
81.25
81.71
82.15
82.61
83.12
83.62
84.17
84.65
85.18
85.65
86.11
86.57
87.04
87.53
87.99
88.45
88.91
89.36
89.81
90.27
90.75
91.2
91.66
92.15
92.7
93.22
93.75
94.3
94.84
95.37
95.89
96.43
97.0
97.53
98.08
98.59
99.12
99.65
100.2
100.76
101.27
101.84
102.38
102.85
103.37
103.87
104.36
104.89
105.39
105.91
106.42
106.91
107.41
107.93
108.44
108.96
109.47
109.97
110.48
110.97
111.47
111.97
112.46
112.97
113.47
113.98
114.55
115.15
115.72
116.28
116.83
117.4
117.98
118.6
119.16
119.75
120.37
120.95
121.5
122.07
122.55
123.0
123.47
123.92
124.37
124.82
125.26
125.7
126.16
126.6
127.05
127.51
127.95
128.41
128.89
129.34
129.79
130.27
130.75
131.24
131.73
132.19
132.65
133.1
133.57
134.04
134.48
134.91
135.35
135.79
136.24
136.7
137.16
137.61
138.06
138.5
138.96
139.42
139.89
140.33
140.77
141.22
141.68
142.17
142.66
143.13
143.6
144.08
144.58
145.11
145.6
146.07
146.53
147.0
147.47
147.95
148.43
148.89
149.37
149.83
150.3
150.77
151.25
151.71
152.18
152.64
153.11
153.58
154.06
154.52
154.99
155.46
155.94
156.42
156.89
157.35
157.84
158.3
158.78
159.26
159.76
160.22
160.7
161.17
161.66
162.12
162.6
163.05
163.53
164.02
164.49
165.03
165.56
166.13
166.67
167.19
167.71
168.2
168.67
169.13
169.59
170.07
170.54
171.01
171.49
171.95
172.39
172.85
173.3
173.75
174.21
174.66
175.1
175.55
176.03
176.51
176.97
177.45
177.91
178.37
178.84
179.33
179.79
180.25
180.7
181.15
181.61
182.12
182.61
183.08
183.6
184.1
184.57
185.08
185.63
186.15
186.69
187.22
187.69
188.18
188.64
189.12
189.58
190.07
190.54
191.02
191.49
192.0
192.52
193.01
193.48
193.96
194.45
194.97
195.45
195.9
196.37
196.85
197.31
197.8
198.28
198.76
199.28
199.77
200.29
200.77
201.24
201.7
202.16
202.63
203.1
203.57
204.06
204.55
205.03
205.51
205.97
206.45
206.94
207.45
207.93
208.41
208.93
209.41
209.82
210.25
210.67
211.07
211.49
211.91
212.33
212.77
213.16
213.57
213.98
214.4
214.81
215.23
215.64
216.04
216.42
216.85
217.24
217.66
218.06
218.48
218.89
219.3
219.72
220.13
220.56
220.96
221.39
221.81
222.24
222.66
223.11
223.55
224.01
224.51
225.04
225.53
226.0
226.47
226.93
227.4
227.88
228.34
228.8
229.29
229.75
230.25
230.73
231.26
231.81
232.35
232.87
233.41
233.98
234.56
235.17
235.72
236.32
236.82
237.34
237.81
238.29
238.74
239.21
239.68
240.18
240.66
241.14
241.61
242.08
242.56
243.06
243.53
244.01
244.5
244.97
245.46
245.94
246.42
246.91
247.42
247.96
248.44
248.93
249.41
249.89
250.38
250.83
251.3
251.78
252.24
252.73
253.2
253.67
254.14
254.61
255.05
255.53
255.97
256.45
256.9
257.35
257.82
258.29
258.74
259.19
259.66
260.13
260.61
261.08
261.53
262.02
262.51
262.97
263.45
263.91
264.39
264.87
265.34
265.8
266.27
266.72
267.19
267.66
268.1
268.56
269.03
269.53
270.01
270.49
270.97
271.43
271.91
272.41
272.89
273.42
273.95
274.5
275.06
275.6
276.13
276.63
277.09
277.56
278.04
278.52
278.99
279.46
279.91
280.38
280.86
281.34
281.84
282.33
282.84
283.32
283.81
284.3
284.8
285.29
285.76
286.25
286.75
287.23
287.7
288.17
288.63
289.12
289.59
290.08
290.56
291.05
291.54
292.02
292.52
293.01
293.5
293.97
294.46
294.96
295.46
295.96
296.43
296.94
297.42
297.91
298.43
298.92
299.4
299.89
300.42
300.93
301.41
302.06
302.79
303.47
304.22
304.91
305.67
306.41
307.1
307.87
308.57
309.35
310.17
311.06
311.86
312.72
313.54
314.41
315.36
316.26
317.13
318.07
319.01
320.02
320.96
321.89
322.72
323.6
324.43
325.26
326.08
326.88
327.69
328.54
329.38
330.19
331.02
331.83
332.65
333.51
334.36
335.21
335.97
336.72
337.51
338.3
338.95
339.61
340.28
340.81
341.32
341.82
342.34
342.88
343.41
343.98
344.52
345.04
345.58
346.21
346.88
347.51
348.1
348.71
349.32
349.95
350.69
351.37
352.1
352.83
353.52
354.32
355.15
355.95
356.79
