1.01
5.35
9.67
13.98
18.07
22.19
26.35
30.35
34.39
37.46
39.6
41.66
43.55
45.4
47.2
48.99
50.82
52.63
54.43
56.3
58.08
59.89
61.79
63.71
65.71
67.84
69.92
72.1
74.28
76.47
79.1
82.08
85.0
87.88
90.81
93.88
96.97
100.0
103.25
106.52
109.57
112.2
114.8
117.68
120.94
124.79
129.11
133.13
136.73
140.08
143.82
147.8
151.69
155.61
159.26
163.01
166.14
169.89
173.68
177.54
181.3
185.26
189.17
192.93
196.66
200.51
204.21
207.7
211.31
215.26
219.02
222.49
225.47
228.64
232.62
236.57
240.43
244.1
247.9
251.7
254.98
258.13
261.22
264.16
267.47
270.74
274.45
278.62
282.55
286.13
289.79
293.52
297.45
301.53
305.82
310.03
314.13
317.95
321.58
325.18
328.42
330.6
332.8
335.08
337.2
339.33
341.62
343.77
346.01
348.44
350.95
353.51
356.09
358.6
361.07
363.31
365.24
367.17
369.08
370.92
372.78
374.63
376.46
378.3
380.16
382.68
386.01
389.4
393.42
397.69
402.08
