1.01
2.16
3.24
4.26
5.35
6.42
7.52
8.62
9.69
10.83
11.68
12.51
13.39
14.27
15.02
15.77
16.51
17.27
18.07
18.82
19.59
20.12
20.61
21.15
21.65
22.2
22.76
23.3
23.79
24.27
24.78
25.31
25.83
26.34
26.82
27.31
27.82
28.34
28.89
29.39
29.9
30.36
30.85
31.34
31.86
32.35
32.81
33.29
33.78
34.25
34.75
35.22
35.69
36.17
36.65
37.17
37.64
38.12
38.63
39.11
39.6
40.12
40.63
41.17
41.69
42.15
42.61
43.08
43.57
44.02
44.48
44.95
45.42
45.86
46.33
46.78
47.21
47.63
48.05
48.51
49.0
49.47
49.94
50.37
50.82
51.27
51.74
52.17
52.64
53.07
53.52
53.97
54.44
54.91
55.38
55.83
56.31
56.76
57.22
57.65
58.09
58.54
58.98
59.43
59.9
60.39
60.86
61.31
61.8
62.29
62.75
63.23
63.72
64.19
64.67
65.16
65.72
66.24
66.78
67.31
67.84
68.38
68.91
69.43
69.95
70.48
71.05
71.58
72.11
72.64
73.18
73.73
74.29
74.81
75.37
75.93
76.45
77.04
77.67
78.27
78.84
79.44
80.09
80.73
81.4
82.06
82.7
83.34
83.99
84.62
85.29
85.93
86.54
87.19
87.93
88.64
89.36
90.05
90.81
91.61
92.33
93.13
93.89
94.71
95.45
96.21
96.98
97.73
98.47
99.26
100.01
100.8
101.65
102.5
103.26
104.06
104.85
105.57
106.35
107.06
107.83
108.53
109.28
110.04
110.8
111.54
112.2
112.88
113.5
114.15
114.82
115.49
116.12
116.78
117.44
118.13
118.74
119.28
119.87
120.43
120.96
121.52
122.13
122.68
123.26
123.85
124.44
125.06
125.63
126.2
126.71
127.25
127.77
128.31
128.84
129.4
129.96
130.53
131.14
131.72
132.32
132.89
133.49
134.06
134.65
135.25
135.85
136.44
137.06
137.65
138.25
138.86
139.5
140.09
140.72
141.3
141.81
142.29
142.81
143.32
143.83
144.36
144.85
145.37
145.86
146.33
146.82
147.33
147.81
148.27
148.75
149.24
149.73
150.25
150.72
151.23
151.69
152.19
152.69
153.2
153.73
154.19
154.65
155.13
155.61
156.06
156.5
156.95
157.4
157.87
158.34
158.82
159.28
159.77
160.23
160.67
161.13
161.59
162.08
162.56
163.03
163.53
163.99
164.48
164.96
165.44
165.92
166.38
166.84
167.31
167.78
168.26
168.74
169.19
169.67
170.13
170.61
171.09
171.56
172.03
172.49
172.97
173.46
173.93
174.42
174.9
175.39
175.85
176.33
176.83
177.31
177.77
178.24
178.73
179.18
179.66
180.13
180.59
181.08
181.52
181.99
182.46
182.92
183.36
183.82
184.29
184.79
185.26
185.74
186.23
186.72
187.2
187.69
188.21
188.68
189.18
189.67
190.15
190.63
191.1
191.55
192.03
192.47
192.94
193.39
193.87
194.31
194.79
195.23
195.72
196.17
196.66
197.11
197.6
198.09
198.57
199.04
199.54
200.05
200.51
201.02
201.49
201.95
202.43
202.88
203.32
203.76
204.21
204.68
205.12
205.56
205.99
206.42
206.85
207.27
207.71
208.13
208.57
208.99
209.47
209.93
210.38
210.83
211.31
211.76
212.23
212.71
213.24
213.74
214.25
214.76
215.28
215.84
216.39
216.93
217.42
217.91
218.41
218.93
219.41
219.92
220.41
220.92
221.4
221.92
222.47
222.97
223.49
223.97
224.47
225.0
225.48
225.98
226.52
227.01
227.51
228.05
228.62
229.13
229.69
230.21
230.7
231.19
231.7
232.16
232.64
233.15
233.62
234.11
234.62
235.11
235.57
236.05
236.55
237.02
237.5
237.97
238.49
238.98
239.45
239.93
240.44
240.91
241.41
241.86
242.31
242.74
243.19
243.64
244.11
244.58
245.04
245.49
245.96
246.41
246.9
247.42
247.91
248.39
248.87
249.32
249.78
250.25
250.72
251.18
251.64
252.1
252.54
253.01
253.5
253.97
254.47
254.99
255.52
256.04
256.56
257.08
257.62
258.14
258.68
259.24
259.75
260.31
260.83
261.41
261.94
262.5
263.07
263.63
264.18
264.72
265.28
265.84
266.43
266.99
267.5
268.05
268.61
269.14
269.67
270.21
270.75
271.28
271.83
272.38
272.95
273.45
273.96
274.45
274.95
275.44
275.94
276.46
277.02
277.53
278.05
278.61
279.11
279.64
280.28
280.91
281.55
282.22
282.83
283.5
284.11
284.75
285.42
286.05
286.67
287.36
288.03
288.68
289.31
290.04
290.71
291.41
292.08
292.78
293.54
294.25
294.96
295.67
296.44
297.18
297.96
298.73
299.46
300.22
301.03
301.8
302.57
303.36
304.21
304.99
305.82
306.68
307.58
308.4
309.31
310.04
310.81
311.5
312.15
312.81
313.51
314.13
314.77
315.43
316.04
316.67
317.3
317.96
318.59
319.2
319.78
320.42
321.0
321.61
322.22
322.86
323.46
324.07
324.62
325.2
325.8
326.4
326.96
327.57
328.17
328.7
329.24
329.78
330.34
330.88
331.43
331.95
332.51
333.02
333.5
334.01
334.54
335.09
335.63
336.14
336.68
337.21
337.75
338.29
338.81
339.36
339.93
340.52
341.09
341.63
342.15
342.66
343.17
343.73
344.33
344.88
345.44
346.07
346.67
347.27
347.84
348.45
349.07
349.67
350.28
350.89
351.56
352.17
352.87
353.51
354.3
355.1
355.94
356.74
357.51
358.32
359.22
360.15
361.08
361.98
363.1
364.17
365.25
366.21
367.23
368.13
369.09
370.02
370.92
371.86
372.79
373.73
374.64
375.56
376.47
377.37
378.31
379.23
380.17
381.01
381.9
382.68
383.51
384.41
385.22
386.02
386.86
387.71
388.51
389.41
390.45
391.53
392.44
393.42
394.5
395.49
396.61
397.69
398.78
399.86
401.0
402.09
403.18
404.26
405.34
