1.03
2.05
3.12
4.21
5.31
6.33
7.32
8.37
9.42
10.52
11.53
12.51
13.43
14.38
15.38
16.28
17.26
18.23
19.08
19.99
20.95
21.86
22.93
23.92
24.92
25.98
26.98
27.99
28.78
29.66
30.44
31.33
32.12
33.02
33.85
34.68
35.57
36.37
37.22
38.08
39.02
39.96
40.86
41.91
43.01
44.01
45.14
46.19
47.22
48.31
49.42
50.55
51.58
52.68
53.8
54.87
55.88
56.82
57.82
58.78
59.78
60.88
61.9
62.97
63.99
65.03
66.11
67.17
68.25
69.4
70.47
71.54
72.57
73.63
74.66
75.66
76.64
77.62
78.61
79.56
80.48
81.44
82.45
83.39
84.32
85.36
86.29
87.31
88.23
89.19
90.15
91.13
92.04
93.01
93.95
94.82
95.75
96.66
97.61
98.54
99.53
100.46
101.42
102.44
103.44
104.49
105.41
106.42
107.33
108.18
109.06
109.99
111.0
112.01
113.04
114.02
115.0
116.1
117.16
118.29
119.31
120.36
121.37
