2.35
4.57
6.83
9.28
12.65
16.01
19.72
23.12
25.99
29.09
32.47
36.11
39.7
43.25
46.6
49.92
52.92
55.88
58.78
61.49
64.1
66.87
69.88
73.16
76.49
79.59
83.16
86.79
90.65
95.0
99.09
103.26
107.09
111.01
114.75
118.33
121.66
125.07
128.19
131.23
134.21
137.52
141.07
144.51
147.77
150.84
153.93
157.44
161.26
164.54
167.87
170.85
173.7
176.73
179.62
182.4
185.47
188.51
191.51
194.44
197.43
200.49
203.55
206.83
210.16
213.12
216.41
219.39
222.3
225.21
228.12
230.96
233.86
236.9
239.76
243.32
246.68
249.74
252.69
256.0
259.22
262.26
265.59
268.6
271.45
274.39
277.42
280.53
283.61
286.6
289.47
292.14
294.47
296.87
299.28
301.7
304.21
306.7
309.09
311.45
313.95
316.47
318.67
321.05
323.65
326.34
329.02
331.53
334.26
336.57
338.86
341.62
344.95
348.07
