0.59
1.18
1.77
2.38
2.91
3.46
4.02
4.58
5.12
5.68
6.24
6.83
7.38
7.95
8.6
9.3
10.16
10.99
11.83
12.66
13.46
14.31
15.15
16.02
16.79
17.52
18.27
18.98
19.74
20.38
21.05
21.76
22.47
23.14
23.85
24.59
25.26
26.0
26.7
27.39
28.25
29.1
29.93
30.79
31.64
32.51
33.32
34.16
35.16
36.06
37.04
37.95
38.8
39.71
40.61
41.5
42.38
43.26
44.17
44.96
45.81
46.61
47.44
48.29
49.12
49.93
50.69
51.42
52.18
52.96
53.71
54.45
55.19
55.89
56.64
57.39
58.09
58.79
59.54
60.2
60.83
61.5
62.13
62.78
63.47
64.11
64.74
65.37
66.02
66.65
67.3
67.96
68.57
69.14
69.74
70.37
70.94
71.49
72.06
72.63
73.17
73.71
74.3
74.85
75.4
75.95
76.51
77.07
77.67
78.28
78.89
79.53
80.12
80.74
81.33
81.94
82.58
83.17
83.78
84.35
84.95
85.55
86.15
86.78
87.37
87.95
88.59
89.22
89.97
90.66
91.54
92.35
93.16
93.94
94.79
95.55
96.39
97.18
98.02
98.78
99.58
100.42
101.12
101.82
102.57
103.28
103.92
104.6
105.37
106.13
106.8
107.43
108.08
108.75
109.42
110.06
110.7
111.36
111.98
112.62
113.29
113.88
114.44
115.03
115.68
116.27
116.92
117.5
118.06
118.62
119.18
119.73
120.29
120.85
121.45
122.21
122.89
123.64
124.34
125.06
125.84
126.66
127.4
128.18
129.0
129.71
130.48
131.24
131.95
132.68
133.46
134.22
135.02
135.77
136.62
137.53
138.34
139.07
139.84
140.61
141.33
142.08
142.86
143.66
144.52
145.33
146.12
146.94
147.79
148.61
149.33
150.11
150.85
151.58
152.33
153.17
153.94
154.8
155.59
156.48
157.45
158.46
159.38
160.36
161.27
162.09
162.89
163.68
164.55
165.42
166.34
167.09
167.88
168.7
169.43
170.12
170.86
171.53
172.28
172.99
173.71
174.42
175.15
175.91
176.74
177.52
178.26
178.93
179.63
180.33
181.01
181.73
182.38
183.1
183.93
184.71
185.47
186.3
187.02
187.74
188.51
189.25
190.01
190.78
191.52
192.28
192.99
193.72
194.46
195.24
195.98
196.72
197.44
198.16
198.92
199.68
200.48
201.23
201.97
202.72
203.56
204.38
205.22
206.0
206.84
207.82
208.84
209.8
210.72
211.62
212.36
213.13
213.9
214.73
215.55
216.42
217.13
217.88
218.67
219.39
220.08
220.79
221.53
222.31
223.02
223.74
224.47
225.22
225.92
226.68
227.42
228.14
228.85
229.58
230.28
230.96
231.71
232.39
233.09
233.87
234.65
235.37
236.15
236.91
237.59
238.32
239.01
239.77
240.51
241.24
242.08
242.88
243.62
244.44
245.21
245.94
246.71
247.51
248.27
248.99
249.77
250.47
251.17
251.9
252.7
253.49
254.36
255.13
256.0
256.94
257.76
258.46
259.22
259.98
260.68
261.47
262.27
263.11
263.99
264.87
265.59
266.33
267.08
267.85
268.61
269.32
270.0
270.74
271.46
272.2
272.94
273.67
274.4
275.14
275.93
276.67
277.43
278.21
278.94
279.71
280.54
281.33
282.13
282.91
283.62
284.4
285.14
285.86
286.62
287.33
288.09
288.8
289.49
290.19
290.89
291.62
292.17
292.75
293.34
293.9
294.48
295.04
295.61
296.21
296.88
297.56
298.12
298.71
299.29
299.85
300.39
300.96
301.63
302.24
302.91
303.54
304.22
304.86
305.49
306.14
306.73
307.34
307.96
308.52
309.1
309.69
310.28
310.9
311.46
312.05
312.69
313.31
313.97
314.57
315.22
315.82
316.47
317.0
317.56
318.15
318.68
319.24
319.77
320.32
320.89
321.55
322.21
322.9
323.63
324.32
324.99
325.66
326.35
327.07
327.75
328.44
329.05
329.66
330.25
330.91
331.54
332.2
332.83
333.53
334.17
334.8
335.44
336.03
336.58
337.17
337.72
338.28
338.86
339.44
340.12
340.78
341.64
342.45
343.29
344.12
344.96
345.73
346.55
347.31
348.08
348.9
349.68
350.44
351.24
