0.3
0.64
0.97
1.32
1.65
1.98
2.32
2.66
3.0
3.37
3.71
4.06
4.4
4.75
5.11
5.53
5.93
6.31
6.72
7.12
7.51
7.91
8.31
8.71
9.13
9.57
9.98
10.41
10.79
11.17
11.54
11.9
12.27
12.64
13.0
13.37
13.74
14.09
14.46
14.8
15.16
15.52
15.89
16.24
16.59
16.96
17.3
17.64
18.0
18.36
18.67
19.0
19.31
19.65
20.0
20.37
20.73
21.09
21.45
21.81
22.17
22.53
22.88
23.24
23.61
23.97
24.34
24.73
25.1
25.47
25.83
26.19
26.56
26.92
27.3
27.65
28.02
28.38
28.72
29.08
29.45
29.84
30.24
30.62
31.0
31.41
31.84
32.25
32.65
33.07
33.46
33.88
34.28
34.64
35.02
35.42
35.78
36.17
36.54
36.92
37.3
37.7
38.07
38.42
38.77
39.13
39.5
39.88
40.23
40.62
41.01
41.39
41.74
42.11
42.48
42.86
43.23
43.58
43.93
44.29
44.65
45.01
45.38
45.73
46.07
46.43
46.77
47.17
47.53
47.93
48.33
48.73
49.14
49.53
49.95
50.32
50.7
51.08
51.46
51.86
52.24
52.61
52.99
53.36
53.75
54.14
54.54
54.93
55.32
55.71
56.09
56.47
56.88
57.26
57.64
58.03
58.44
58.82
59.22
59.59
59.96
60.35
60.72
61.09
61.47
61.83
62.21
62.58
62.93
63.29
63.63
63.98
64.36
64.73
65.13
65.5
65.89
66.25
66.63
67.03
67.44
67.82
68.23
68.64
69.07
69.46
69.89
70.28
70.64
71.01
71.39
71.75
72.13
72.51
72.88
73.25
73.62
73.97
74.34
74.73
75.08
75.46
75.82
76.19
76.56
76.94
77.31
77.68
78.05
78.41
78.79
79.13
79.5
79.85
80.21
80.58
80.96
81.37
81.74
82.15
82.54
82.93
83.31
83.69
84.06
84.44
84.83
85.23
85.61
86.01
86.4
86.8
87.19
87.58
87.96
88.36
88.73
89.13
89.52
89.92
90.29
90.66
91.04
91.44
91.82
92.2
92.56
92.96
93.36
93.77
94.16
94.57
94.97
95.38
95.75
96.15
96.55
96.94
97.31
97.7
98.09
98.48
98.87
99.24
99.62
100.01
100.4
100.76
101.14
101.54
101.92
102.27
102.64
103.02
103.38
103.75
104.12
104.53
104.91
105.31
105.69
106.09
106.47
106.86
107.25
107.64
108.03
108.42
108.8
109.19
109.58
109.97
110.37
110.77
111.18
111.59
111.99
112.39
112.79
113.19
113.59
113.97
114.4
114.79
115.25
115.67
116.12
116.59
117.02
117.49
117.89
118.29
118.68
119.08
119.48
119.89
120.26
120.66
121.04
121.4
121.78
122.16
122.52
122.89
123.26
123.63
124.02
124.39
124.76
125.1
125.47
125.84
126.2
126.56
126.9
127.27
127.63
127.99
128.34
128.71
129.09
129.44
129.82
130.19
130.55
130.92
131.29
131.67
132.06
132.45
132.83
133.19
133.57
133.94
134.31
134.68
135.07
135.44
135.8
136.15
136.52
136.86
137.22
137.6
137.94
138.31
138.68
139.08
139.45
139.85
140.22
140.61
141.02
141.39
141.78
142.19
142.56
142.96
143.36
143.75
144.13
144.51
144.88
145.26
145.67
146.05
146.44
146.86
147.24
147.64
148.06
148.45
148.83
149.2
149.58
149.93
150.29
150.66
151.02
151.36
151.71
152.05
152.4
152.74
153.09
153.43
153.77
154.11
154.47
154.81
155.17
155.56
155.92
156.28
156.68
157.08
157.51
157.9
158.31
158.74
159.15
159.55
159.95
160.36
160.78
161.17
161.56
161.93
162.32
162.71
163.12
163.51
163.89
164.27
164.66
165.05
165.44
165.83
166.24
166.65
167.05
167.41
167.77
168.14
168.51
168.88
169.26
169.64
169.99
170.35
170.71
171.08
171.45
171.8
172.16
172.51
172.87
173.24
173.61
173.98
174.34
174.72
175.1
175.51
175.93
176.33
176.74
177.2
177.68
178.13
178.62
179.07
179.56
180.1
180.63
181.21
181.78
182.43
183.03
183.68
184.28
184.93
185.55
186.31
187.11
187.92
188.79
189.54
190.34
191.09
191.95
192.82
193.61
194.48
195.34
196.17
196.98
197.83
198.62
199.44
200.3
201.17
202.17
203.1
204.07
205.02
206.01
207.05
208.07
209.08
210.11
211.14
212.2
213.22
214.23
215.28
216.32
217.3
218.34
219.29
220.32
221.4
222.42
223.43
224.47
