0.97
2.3
3.7
5.1
6.69
8.29
9.98
11.54
13.0
14.45
15.89
17.3
18.68
20.0
21.45
22.87
24.33
25.83
27.3
28.72
30.24
31.84
33.46
35.02
36.53
38.05
39.5
41.0
42.47
43.93
45.38
46.8
48.23
49.61
51.07
52.61
54.13
55.71
57.26
58.82
60.34
61.83
63.29
64.73
66.23
67.71
69.14
70.63
72.12
73.61
75.08
76.56
78.05
79.49
80.95
82.53
84.05
85.6
87.18
88.72
90.29
91.81
93.35
94.96
96.53
98.07
99.61
101.13
102.64
104.11
105.68
107.24
108.8
110.36
111.98
113.56
115.25
117.02
118.67
120.26
121.78
123.25
124.76
126.2
127.63
129.08
130.54
132.03
133.55
135.06
136.5
137.93
139.45
141.02
142.56
144.12
145.66
147.24
148.82
150.28
151.7
153.08
154.47
155.92
157.5
159.14
160.77
162.32
163.89
165.44
167.12
169.25
172.16
175.09
178.42
181.78
185.32
188.78
192.05
195.7
199.36
203.09
207.04
210.41
213.96
217.53
221.39
