1.13
4.94
8.35
11.66
14.7
17.77
20.91
23.86
26.18
28.34
30.52
32.68
34.78
36.86
38.96
41.11
43.28
45.51
47.65
49.79
52.03
54.25
56.76
59.32
61.88
64.96
68.67
72.3
75.72
79.04
82.73
86.61
90.48
94.37
98.19
101.88
105.48
109.26
112.71
116.0
118.49
120.67
122.79
124.99
127.55
130.14
132.68
135.32
137.74
140.13
142.81
146.11
149.43
153.03
156.58
160.29
164.07
167.85
171.54
175.18
178.98
182.76
186.5
190.08
193.65
197.16
200.81
204.33
207.66
210.95
214.09
217.48
220.66
223.69
226.88
230.48
234.31
238.64
242.76
247.09
251.03
254.87
258.4
261.86
265.79
269.74
273.6
277.33
281.14
284.9
288.71
292.79
296.5
299.69
303.04
306.27
309.5
312.66
315.85
319.02
321.46
323.51
325.43
327.43
329.46
331.64
333.66
335.87
338.29
340.66
342.95
345.2
347.39
349.52
351.75
353.98
355.99
357.73
359.71
361.79
363.81
365.41
367.03
368.71
370.43
372.15
373.87
375.65
377.64
379.91
382.13
384.31
386.72
389.29
391.78
394.32
396.88
399.55
402.52
405.78
409.06
412.17
415.09
417.75
420.63
423.61
426.39
429.07
431.72
434.58
437.6
440.58
443.55
447.44
451.04
454.47
457.84
461.85
465.76
469.56
473.4
477.5
481.7
