1.05
2.1
3.08
4.09
4.95
5.74
6.65
7.52
8.36
9.24
10.1
11.04
11.9
12.78
13.61
14.38
15.13
15.95
16.72
17.51
18.26
18.99
19.74
20.42
21.14
21.81
22.52
23.23
23.86
24.46
25.04
25.59
26.18
26.72
27.28
27.8
28.35
28.88
29.45
29.97
30.53
31.07
31.59
32.15
32.68
33.2
33.76
34.27
34.79
35.31
35.83
36.34
36.87
37.41
37.93
38.43
38.96
39.47
40.02
40.57
41.12
41.65
42.19
42.77
43.29
43.85
44.4
44.94
45.52
46.04
46.61
47.11
47.65
48.17
48.72
49.23
49.8
50.33
50.89
51.47
52.04
52.6
53.13
53.69
54.26
54.86
55.52
56.13
56.78
57.4
58.01
58.64
59.33
59.96
60.61
61.27
61.89
62.57
63.22
63.85
64.47
65.11
65.77
66.39
67.03
67.69
68.39
69.06
69.83
70.54
71.34
72.13
72.9
73.74
74.56
75.35
76.22
77.21
78.14
79.05
79.98
80.87
81.81
82.74
83.62
84.63
85.62
86.62
87.56
88.5
89.48
90.49
91.42
92.45
93.39
94.38
95.38
96.33
97.29
98.2
99.11
100.04
100.99
101.88
102.8
103.72
104.61
105.49
106.43
107.46
108.42
109.27
110.18
111.04
111.87
112.72
113.55
114.45
115.23
116.02
116.85
117.64
118.49
119.26
120.08
120.88
121.7
122.46
123.3
124.23
125.14
126.06
127.05
127.95
128.93
129.88
130.77
131.69
132.55
133.51
134.41
135.33
136.24
137.17
138.06
138.97
139.85
140.7
141.64
142.54
143.47
144.3
145.19
146.11
146.9
147.78
148.6
149.44
150.3
151.21
152.12
153.02
153.88
154.75
155.67
156.59
157.53
158.45
159.38
160.29
161.19
162.17
163.06
164.04
164.94
165.89
166.86
167.86
168.76
169.69
170.6
171.54
172.45
173.36
174.2
175.18
176.22
177.21
178.26
179.32
180.27
181.31
182.28
183.2
184.09
185.09
186.11
187.16
188.26
189.32
190.36
191.37
192.41
193.51
194.57
195.68
196.61
197.61
198.54
199.5
200.51
201.45
202.42
203.45
204.34
205.15
206.01
206.82
207.67
208.5
209.27
210.07
210.9
211.67
212.47
213.31
214.1
214.88
215.73
216.62
217.49
218.36
219.39
220.35
221.29
222.29
223.26
224.17
225.16
226.05
227.04
227.98
228.95
229.84
230.79
231.68
232.55
233.45
234.32
235.29
236.25
237.13
238.0
238.94
239.85
240.71
241.61
242.51
243.49
244.47
245.47
246.36
247.34
248.22
249.18
250.08
251.05
251.97
252.98
253.92
254.88
255.84
256.85
257.95
258.84
259.78
260.67
261.54
262.46
263.36
264.21
265.11
266.02
266.93
267.76
268.68
269.49
270.39
271.24
272.08
272.89
273.75
274.66
275.52
276.43
277.33
278.17
278.95
279.73
280.55
281.36
282.07
282.77
283.47
284.2
284.9
285.61
286.32
287.07
287.77
288.39
289.03
289.7
290.21
290.71
291.24
291.77
292.29
292.79
293.32
293.88
294.38
294.94
295.44
296.0
296.51
297.04
297.61
298.15
298.69
299.2
299.74
300.3
300.85
301.41
301.96
302.51
303.05
303.56
304.12
304.65
305.18
305.72
306.28
306.81
307.37
307.91
308.43
308.98
309.51
310.05
310.58
311.1
311.61
312.16
312.67
313.21
313.74
314.23
314.78
315.32
315.85
316.38
316.93
317.47
317.97
318.51
319.03
319.59
320.12
320.63
321.19
321.73
322.25
322.76
323.3
323.86
324.41
324.94
325.43
325.95
326.42
326.92
327.43
327.91
328.41
328.94
329.46
330.01
330.59
331.16
331.64
332.16
332.63
333.13
333.66
334.13
334.68
335.28
335.87
336.49
337.11
337.69
338.29
338.89
339.48
340.08
340.66
341.22
341.8
342.38
342.96
343.51
344.07
344.66
345.21
345.76
346.31
346.86
347.4
347.94
348.47
348.98
349.53
350.07
350.62
351.17
351.75
352.3
352.84
353.4
353.99
354.55
355.05
355.54
355.99
356.43
356.85
357.3
357.73
358.19
358.66
359.15
359.6
360.05
360.48
360.95
361.36
361.79
362.24
362.67
363.04
363.43
363.84
364.23
364.61
365.0
365.42
365.82
366.2
366.61
367.04
367.47
367.87
368.31
368.71
369.16
369.59
370.01
370.44
370.88
371.29
371.74
372.15
372.58
373.03
373.44
373.87
374.3
374.77
375.22
375.66
376.12
376.55
377.09
377.64
378.22
378.78
379.36
379.91
380.47
381.03
381.6
382.14
382.66
383.18
383.72
384.27
384.77
385.33
385.85
386.42
387.02
387.56
388.15
388.7
389.29
389.93
390.55
391.19
391.79
392.45
393.08
393.68
394.33
394.94
395.6
396.22
396.88
397.52
398.17
398.87
399.56
400.23
400.98
401.75
402.52
403.24
404.1
404.91
405.79
406.59
407.43
408.29
409.06
409.86
410.7
411.47
412.18
412.92
413.65
414.42
415.09
415.78
416.41
417.09
417.78
418.39
419.03
419.69
420.31
420.98
421.59
422.23
422.93
423.63
424.35
425.05
425.7
426.4
427.12
427.76
428.43
429.08
429.74
430.35
431.02
431.7
432.42
433.13
433.87
434.63
435.37
436.08
436.83
437.61
438.33
439.11
439.82
440.6
441.33
442.02
442.75
443.57
444.33
445.12
445.94
446.68
447.45
448.22
449.0
449.79
450.58
451.37
452.11
452.93
453.75
454.55
455.32
456.12
456.99
457.85
458.57
459.35
460.09
460.85
461.62
462.34
463.1
463.83
464.63
465.49
466.3
467.01
467.74
468.45
469.18
469.91
470.66
471.33
472.04
472.74
473.41
474.04
474.69
475.36
476.01
476.71
477.33
478.06
478.81
479.54
480.25
480.96
481.71
482.46
483.21
483.95
484.67
485.4
