0.96
1.96
2.89
3.91
4.91
5.82
6.7
7.58
8.44
9.4
10.3
11.28
12.22
13.16
14.17
15.09
16.08
17.02
17.91
18.87
19.79
20.7
21.75
22.84
23.85
24.87
26.01
27.0
28.05
29.12
30.1
31.09
32.12
33.2
34.25
35.22
36.22
37.28
38.29
39.26
40.27
41.39
42.42
43.51
44.53
45.62
46.58
47.56
48.54
49.5
50.49
51.48
52.46
53.42
54.25
55.16
56.01
56.87
57.73
58.56
59.45
60.3
61.21
62.11
63.09
64.04
64.96
65.9
66.9
67.87
68.83
69.86
70.79
71.72
72.57
73.5
74.4
75.23
76.08
76.87
77.69
78.5
79.36
80.27
81.14
82.05
82.9
83.89
84.83
85.8
86.77
87.65
88.53
89.47
90.4
91.45
92.39
93.26
94.16
95.12
96.05
96.92
97.84
98.81
99.72
100.61
101.5
102.46
103.38
104.22
105.11
105.87
106.64
107.44
108.31
109.12
110.03
110.83
111.62
112.49
113.27
114.09
114.91
115.71
116.49
117.31
118.09
118.83
119.63
120.41
121.15
121.88
122.56
123.28
124.0
124.68
125.36
126.06
126.78
127.52
128.22
128.93
129.73
130.47
131.21
132.0
132.74
133.58
134.37
135.16
135.97
136.8
137.6
138.36
139.16
139.91
140.7
141.58
142.41
143.28
144.09
144.91
145.76
146.52
147.34
148.13
148.92
149.76
150.53
151.32
152.14
153.02
153.84
154.72
155.57
156.36
157.17
157.99
158.83
159.61
160.42
161.25
162.03
162.81
163.58
164.37
165.23
166.07
166.88
167.79
168.63
169.57
170.42
171.35
172.24
173.14
174.08
175.06
176.0
177.02
177.97
178.97
179.97
180.85
181.82
182.73
183.62
184.58
185.51
186.41
187.37
188.34
189.2
190.11
190.99
191.99
192.95
193.95
194.87
195.87
196.83
197.8
198.72
199.63
200.59
201.49
202.46
203.35
204.29
205.24
206.19
207.07
207.95
208.87
209.78
210.6
211.43
212.34
213.24
214.12
215.02
215.93
216.77
217.68
218.58
219.52
220.47
221.44
222.36
223.3
224.29
225.27
226.26
227.16
228.11
229.04
229.96
230.8
231.67
232.45
233.18
233.92
234.64
235.42
236.09
236.82
237.55
238.26
238.95
239.66
240.39
241.1
241.93
242.76
243.54
244.36
245.15
246.01
246.8
247.65
248.4
249.22
249.98
250.81
251.56
252.33
253.14
253.85
254.63
255.33
256.06
256.79
257.51
258.28
259.0
259.67
260.4
261.08
261.76
262.41
263.11
263.8
264.48
265.13
265.79
266.42
267.06
267.7
268.36
269.03
269.64
270.31
270.99
271.68
272.37
272.93
273.53
274.09
274.64
275.21
275.81
276.38
276.95
277.47
278.01
278.55
279.07
279.61
280.16
280.71
281.27
281.87
282.44
283.08
283.66
284.3
284.89
285.52
286.1
286.71
287.27
287.83
288.39
288.95
289.5
290.06
290.58
291.11
291.68
292.19
292.75
293.32
293.87
294.4
294.94
295.49
296.06
296.62
297.16
297.69
298.21
298.75
299.29
299.84
300.39
300.92
301.48
301.99
302.53
303.09
303.65
304.16
304.71
305.22
305.72
306.24
306.78
307.33
307.84
308.36
308.9
309.47
310.0
310.52
311.06
311.63
312.15
312.65
313.14
313.67
314.14
314.62
315.07
315.54
316.03
316.5
316.98
317.46
317.98
318.47
318.96
319.45
319.95
320.43
320.94
321.48
322.01
322.51
323.02
323.65
324.27
324.9
325.49
326.12
326.73
327.37
327.99
328.63
329.26
329.87
330.49
331.11
331.73
332.39
333.0
333.61
334.23
334.85
335.47
336.08
336.69
337.33
337.95
338.57
339.17
339.79
340.44
341.07
341.69
342.32
342.97
343.57
344.17
344.74
345.29
345.86
346.51
347.13
347.68
348.23
348.78
349.38
349.94
350.5
351.05
351.57
352.12
352.67
353.22
353.75
354.29
354.84
355.39
355.92
356.48
357.05
357.65
358.19
358.81
359.42
360.05
360.59
361.19
361.73
362.31
362.9
363.41
363.93
364.48
364.99
365.48
365.99
366.53
367.04
367.54
368.09
368.59
369.1
369.62
370.16
370.68
371.19
371.71
372.22
372.72
373.22
373.72
374.23
374.76
375.31
375.81
376.39
376.97
377.59
378.21
378.88
379.52
380.13
380.8
381.41
382.07
382.7
383.36
384.0
384.63
385.28
385.9
386.51
387.1
387.66
388.28
388.87
389.43
390.05
390.64
391.21
391.79
392.41
393.06
393.65
394.39
395.15
395.9
396.64
397.43
398.14
398.93
399.63
400.37
401.14
401.88
402.58
403.3
404.03
404.82
405.57
406.39
407.14
407.97
408.77
409.55
410.35
411.11
411.82
412.6
413.32
414.07
414.82
415.58
416.37
417.09
417.87
418.61
419.42
420.23
421.05
421.82
422.61
423.42
424.21
425.1
425.96
426.79
427.65
428.52
429.44
430.29
431.14
432.07
432.94
433.87
434.81
435.82
436.79
437.85
438.83
439.85
440.85
441.72
442.6
443.5
444.47
445.48
446.48
447.42
448.35
449.36
450.28
451.24
452.15
453.07
454.05
455.0
455.93
456.89
457.8
458.79
459.74
460.64
461.61
462.57
463.52
464.49
465.4
466.34
467.34
468.25
469.2
470.01
470.78
471.55
472.34
473.04
473.68
474.37
475.07
475.76
476.4
477.1
477.82
478.5
479.24
479.96
480.69
481.42
482.2
483.0
483.78
484.54
485.32
486.1
486.94
487.76
488.59
489.41
490.2
490.97
491.81
492.57
493.41
494.21
494.97
495.8
