1.78
5.93
10.29
14.45
18.59
22.82
27.0
31.08
35.21
39.25
43.51
47.55
51.42
55.15
58.55
62.3
66.41
69.85
73.19
76.6
80.05
83.8
87.65
91.45
95.12
98.81
102.45
106.26
110.02
114.3
118.58
122.55
126.77
130.93
135.16
139.48
143.76
148.1
152.14
156.36
160.18
164.35
168.63
172.24
175.91
179.44
182.72
186.41
190.11
193.93
197.8
201.48
205.23
208.65
211.66
215.01
218.57
222.35
226.25
229.95
233.17
236.09
238.95
241.93
245.15
248.66
252.6
256.55
260.38
264.14
268.08
271.97
276.03
279.74
283.6
287.26
290.57
293.87
297.16
300.39
303.64
306.78
309.47
311.61
313.66
315.53
317.46
319.45
321.48
323.64
326.12
328.62
331.1
333.61
336.07
338.57
341.08
343.57
345.85
348.22
351.04
355.04
358.53
362.09
365.3
367.55
369.59
371.71
373.72
376.04
379.11
382.7
386.52
390.27
393.87
397.47
401.15
404.81
408.0
411.06
414.05
417.11
420.21
423.18
425.94
428.79
432.06
435.72
439.85
443.49
447.41
451.18
454.99
458.71
462.56
465.39
468.24
471.01
473.68
476.4
479.24
482.19
485.07
487.76
