4.62
8.39
12.23
16.31
20.47
24.34
28.23
32.13
36.02
39.82
43.73
47.64
51.6
55.79
59.78
63.91
67.34
70.76
74.19
77.7
81.3
84.85
88.31
91.69
95.01
98.34
102.14
105.91
109.61
113.18
116.82
120.02
123.27
126.42
129.55
132.6
135.67
139.02
142.49
146.13
149.26
152.51
156.22
159.42
162.46
165.59
169.02
172.48
175.58
178.9
182.33
185.93
189.74
193.82
198.04
201.99
205.63
208.95
212.15
215.26
218.62
222.15
225.26
228.36
231.25
234.0
237.03
240.09
243.26
246.54
249.7
252.67
255.51
258.4
261.05
263.68
266.26
268.8
271.27
273.79
276.38
279.13
281.77
283.85
285.93
287.96
289.9
291.74
293.68
295.5
297.24
298.94
300.52
302.13
303.66
305.2
306.99
308.68
310.23
312.04
313.85
315.73
317.67
319.57
321.51
323.48
325.46
327.62
330.68
333.79
337.02
340.9
345.09
349.34
353.72
357.81
361.74
365.79
369.47
373.07
376.95
380.61
384.26
387.85
392.09
396.3
400.68
404.94
409.33
413.69
