0.78
1.73
2.7
3.65
4.62
5.56
6.48
7.48
8.4
9.38
10.31
11.31
12.24
13.3
14.31
15.3
16.32
17.39
18.37
19.45
20.48
21.47
22.45
23.39
24.34
25.28
26.29
27.29
28.24
29.16
30.17
31.19
32.13
33.04
34.03
35.05
36.02
37.0
37.99
38.91
39.82
40.7
41.69
42.77
43.74
44.75
45.74
46.69
47.64
48.55
49.45
50.23
51.09
51.88
52.73
53.7
54.61
55.58
56.51
57.44
58.37
59.31
60.23
61.19
62.14
63.03
63.92
64.8
65.66
66.48
67.34
68.23
69.03
69.9
70.76
71.6
72.43
73.27
74.11
75.02
75.94
76.82
77.7
78.65
79.52
80.42
81.3
82.17
83.03
83.92
84.85
85.71
86.57
87.45
88.31
89.15
89.97
90.81
91.7
92.52
93.33
94.2
95.01
95.79
96.6
97.39
98.16
98.88
99.63
100.4
101.23
102.16
103.13
104.05
104.98
105.91
106.82
107.7
108.6
109.62
110.59
111.41
112.3
113.18
114.06
114.99
115.87
116.82
117.68
118.58
119.43
120.23
121.01
121.71
122.43
123.27
124.05
124.86
125.66
126.43
127.23
127.99
128.77
129.56
130.31
131.11
131.87
132.6
133.39
134.14
134.9
135.68
136.45
137.28
138.12
139.03
139.88
140.75
141.6
142.49
143.37
144.19
145.1
145.96
146.77
147.71
148.67
149.59
150.49
151.47
152.42
153.33
154.27
155.22
156.09
157.02
157.86
158.62
159.42
160.18
160.92
161.72
162.47
163.2
163.98
164.81
165.6
166.37
167.21
167.97
168.75
169.56
170.34
171.14
171.96
172.85
173.66
174.51
175.42
176.23
177.12
178.02
178.9
179.78
180.59
181.47
182.34
183.35
184.39
185.35
186.38
187.33
188.38
189.36
190.42
191.36
192.39
193.39
194.39
195.35
196.25
197.14
198.04
199.03
200.06
201.01
201.99
202.99
203.85
204.76
205.67
206.47
207.31
208.12
208.96
209.84
210.64
211.43
212.28
213.09
213.84
214.57
215.26
215.96
216.69
217.42
218.2
218.99
219.81
220.63
221.43
222.18
222.96
223.7
224.47
225.26
226.02
226.82
227.58
228.36
229.07
229.76
230.52
231.24
231.9
232.64
233.32
234.01
234.78
235.5
236.3
237.04
237.84
238.57
239.35
240.09
240.84
241.63
242.41
243.26
244.11
244.96
245.73
246.55
247.4
248.19
248.93
249.7
250.47
251.2
251.96
252.67
253.41
254.11
254.83
255.53
256.29
257.0
257.72
258.41
259.07
259.73
260.39
261.05
261.74
262.4
263.03
263.69
264.4
265.02
265.65
266.29
266.95
267.58
268.22
268.8
269.42
270.04
270.66
271.29
271.95
272.57
273.21
273.8
274.41
275.03
275.7
276.38
277.08
277.77
278.43
279.14
279.81
280.54
281.22
281.77
282.34
282.86
283.34
283.86
284.39
284.87
285.39
285.94
286.46
286.99
287.51
287.97
288.43
288.9
289.4
289.9
290.39
290.83
291.3
291.74
292.2
292.68
293.19
293.69
294.16
294.6
295.06
295.5
295.94
296.37
296.81
297.25
297.67
298.09
298.5
298.94
299.38
299.77
300.15
300.53
300.93
301.33
301.75
302.13
302.51
302.89
303.28
303.66
304.04
304.42
304.81
305.21
305.66
306.09
306.56
307.0
307.44
307.92
308.4
308.87
309.33
309.77
310.23
310.7
311.15
311.59
312.04
312.51
312.96
313.39
313.85
314.31
314.8
315.25
315.73
316.23
316.69
317.17
317.67
318.13
318.61
319.11
319.57
320.05
320.53
321.02
321.51
321.97
322.45
322.93
323.49
324.04
324.52
325.0
325.46
325.97
326.6
327.23
327.91
328.54
329.19
329.87
330.68
331.44
332.32
333.25
334.16
335.15
336.08
337.03
337.95
338.92
339.91
340.91
341.93
342.96
344.04
345.1
346.17
347.15
348.06
349.01
350.0
350.96
351.89
352.79
353.73
354.65
355.58
356.53
357.49
358.33
359.24
360.09
360.9
361.75
362.68
363.55
364.38
365.23
366.12
366.96
367.76
368.57
369.49
370.37
371.23
372.18
373.08
373.91
374.68
375.45
376.2
376.96
377.76
378.63
379.54
380.52
381.42
382.35
383.35
384.3
385.22
386.13
387.01
387.92
388.86
389.76
390.63
391.51
392.4
393.21
394.05
394.79
395.53
396.31
397.07
397.79
398.52
399.27
399.96
400.69
401.43
402.13
402.83
403.55
404.19
404.86
405.46
406.04
406.63
407.18
407.71
408.25
408.78
409.34
409.87
410.4
410.98
411.53
412.05
412.62
413.18
413.7
414.28
414.85
415.43
415.98
416.58
417.12
