1.05
2.14
3.09
4.04
5.02
5.96
6.89
7.84
8.82
9.73
10.69
11.6
12.57
13.49
14.49
15.4
16.39
17.31
18.25
19.18
20.12
21.07
21.9
22.79
23.58
24.41
25.22
26.05
26.99
27.9
28.67
29.5
30.36
31.2
31.98
32.78
33.65
34.57
35.42
36.32
37.15
37.95
38.76
39.74
40.62
41.59
42.48
43.4
44.26
45.05
45.89
46.76
47.59
48.42
49.23
50.11
50.94
51.71
52.55
53.46
54.31
55.22
56.11
56.93
57.79
58.65
59.39
60.16
60.94
61.69
62.4
63.1
63.86
64.54
65.29
66.0
66.72
67.44
68.18
68.86
69.62
70.34
71.03
71.84
72.62
73.36
74.11
74.87
75.62
76.42
77.17
77.89
78.63
79.36
80.11
80.8
81.57
82.41
83.16
83.87
84.61
85.38
86.1
86.78
87.53
88.33
89.06
89.75
90.46
91.18
91.92
92.67
93.35
94.05
94.75
95.44
96.11
96.78
97.55
98.27
99.03
99.82
100.58
101.34
102.12
102.87
103.59
104.33
105.12
105.93
106.71
107.56
108.41
109.21
110.16
111.03
111.96
112.8
113.73
114.59
115.51
116.41
117.27
118.24
119.17
120.17
121.27
122.29
123.4
124.43
125.52
126.58
127.71
128.79
129.89
130.94
132.04
133.18
134.2
135.3
136.35
137.32
138.34
139.37
140.26
141.23
142.12
143.18
144.19
145.29
146.43
147.51
148.55
149.68
150.74
151.72
152.67
153.66
154.63
155.57
156.71
157.78
158.84
159.93
161.07
162.15
163.21
164.13
165.04
165.86
166.71
167.58
168.47
169.34
170.15
171.04
171.87
172.83
173.73
174.64
175.5
176.35
177.18
177.96
178.77
179.6
180.38
181.17
181.97
182.7
183.38
184.12
184.86
185.65
186.4
187.14
187.88
188.65
189.4
190.11
190.86
191.64
192.44
193.2
194.01
194.74
195.49
196.23
196.97
197.7
198.38
199.05
199.76
200.39
201.03
201.72
202.44
203.24
203.98
204.73
205.52
206.28
207.03
207.85
208.62
209.42
210.13
210.86
211.57
212.33
213.09
213.85
214.63
215.36
216.15
216.88
217.67
218.39
219.17
219.91
220.68
221.47
222.25
222.98
223.78
224.41
225.08
225.76
226.37
227.06
227.76
228.42
229.13
229.84
230.56
231.25
232.03
232.82
233.58
234.37
235.06
235.78
236.52
237.27
238.02
238.72
239.49
240.18
240.92
241.57
242.28
242.96
243.58
244.23
244.85
245.45
246.07
246.7
247.33
247.96
248.57
249.17
249.8
250.44
251.0
251.56
252.12
252.74
253.3
253.92
254.48
255.06
255.62
256.19
256.76
257.31
257.84
258.41
258.94
259.51
260.01
260.47
260.99
261.46
261.89
262.34
262.79
263.2
263.62
264.05
264.45
264.88
265.29
265.74
266.2
266.66
267.1
267.54
267.97
268.4
268.87
269.43
269.96
270.52
271.07
271.66
272.18
272.66
273.13
273.58
274.04
274.52
274.97
275.41
275.85
276.27
276.71
277.14
277.58
278.04
278.48
278.91
279.36
279.81
280.24
280.66
281.1
281.52
281.96
282.39
282.84
283.32
283.8
284.27
284.89
285.64
286.38
287.07
287.84
288.53
289.39
290.26
291.1
291.94
292.79
293.55
294.39
295.17
295.97
296.79
297.56
298.43
299.23
300.14
300.97
301.88
302.79
303.59
304.47
305.31
306.11
306.99
307.82
308.64
309.45
310.28
311.07
311.99
312.85
313.76
314.57
315.36
316.14
316.98
317.74
318.54
319.38
320.18
320.95
321.81
322.69
323.56
324.36
325.16
325.93
326.76
327.48
328.24
329.04
329.77
330.55
331.36
332.13
332.98
333.76
334.57
335.4
336.2
336.96
337.8
338.57
339.43
340.27
341.08
342.04
343.01
344.03
344.93
345.88
346.79
347.77
348.68
349.56
350.48
351.39
352.22
353.13
353.95
354.84
355.73
356.63
357.6
358.53
359.54
360.45
361.45
362.28
363.13
364.02
364.85
365.77
366.62
367.54
368.48
369.39
370.1
370.87
371.64
372.44
373.24
374.07
374.87
375.65
376.5
377.42
378.44
379.4
380.43
381.38
382.32
383.27
384.2
385.21
386.19
387.17
388.18
389.18
390.14
391.03
391.92
392.81
393.8
394.75
