4.58
8.72
12.57
16.39
20.12
23.57
26.98
30.35
33.65
37.15
40.61
44.26
47.58
51.28
54.68
58.36
62.16
66.26
70.07
73.35
76.41
79.35
82.4
85.38
88.33
91.18
94.58
97.55
100.57
103.59
106.7
110.15
113.72
117.27
121.27
125.52
129.37
133.17
137.3
141.61
145.8
149.99
154.22
158.5
162.68
166.93
170.63
174.32
178.23
182.39
186.14
189.82
194.01
198.36
202.29
206.15
209.76
213.21
216.49
219.75
222.97
226.37
229.84
233.43
237.26
240.77
243.57
246.07
248.57
251.0
253.29
255.62
257.97
259.98
261.87
263.62
265.31
267.09
268.87
271.07
273.13
274.97
276.71
278.47
280.23
281.95
283.8
286.37
289.38
292.81
295.97
299.22
302.41
305.69
309.03
312.34
315.35
318.4
322.1
326.41
330.54
334.56
338.54
342.03
345.9
349.58
353.06
356.62
360.44
364.0
367.53
371.23
374.86
378.43
381.38
384.43
387.41
390.26
392.8
