0.0
0.99
1.98
2.88
3.84
4.74
5.67
6.51
7.44
8.31
9.2
10.04
10.96
11.82
12.7
13.58
14.47
15.36
16.21
17.09
17.93
18.8
19.68
20.49
21.32
22.15
22.97
23.84
24.74
25.61
26.48
27.37
28.24
29.19
30.15
31.06
31.98
32.93
33.79
34.67
35.58
36.53
37.41
38.28
39.17
40.01
40.85
41.7
42.61
43.46
44.31
45.16
46.02
46.86
47.75
48.61
49.49
50.38
51.2
52.07
52.93
53.74
54.59
55.43
56.26
57.11
57.98
58.83
59.67
60.48
61.36
62.19
63.02
63.84
64.79
65.69
66.58
67.45
68.33
69.17
70.05
70.94
71.79
72.62
73.51
74.35
75.24
76.13
77.05
77.87
78.72
79.53
80.36
81.2
82.09
82.96
83.82
84.72
85.63
86.49
87.35
88.2
89.02
89.87
90.77
91.62
92.49
93.31
94.16
94.99
95.82
96.65
97.47
98.3
99.19
100.02
100.82
101.64
102.52
103.34
104.14
104.96
105.88
106.7
107.59
108.43
109.28
110.1
110.97
111.82
112.66
113.52
114.4
115.19
115.99
116.81
117.66
118.5
119.42
120.27
121.15
122.01
122.77
123.57
124.35
125.18
126.02
126.88
127.73
128.55
129.35
130.19
131.05
131.87
132.75
133.63
134.46
135.3
136.06
136.83
137.59
138.42
139.19
139.93
140.71
141.44
142.19
142.95
143.73
144.51
145.23
145.99
146.79
