0.19
1.06
1.98
2.83
3.69
4.54
5.4
6.25
7.18
8.05
8.94
9.79
10.67
11.49
12.31
13.24
14.19
15.1
15.99
16.83
17.7
18.56
19.41
20.27
21.14
22.02
22.89
23.76
24.65
25.56
26.47
27.38
28.34
29.31
30.22
31.06
31.93
32.76
33.57
34.44
35.34
36.18
37.06
37.94
38.78
39.7
40.57
41.44
42.3
43.19
44.11
44.98
45.84
46.72
47.59
48.47
49.33
50.2
51.1
51.96
52.86
53.72
54.58
55.41
56.3
57.15
58.01
58.87
59.74
60.61
61.5
62.38
63.26
64.16
65.05
65.91
66.79
67.71
68.6
69.51
70.48
71.41
72.34
73.2
74.05
74.97
75.87
76.8
77.7
78.61
79.49
80.37
81.24
82.14
83.04
83.92
84.81
85.68
86.61
87.5
88.42
89.28
90.14
91.03
91.9
92.8
93.69
94.58
95.51
96.43
97.35
98.27
99.19
100.25
101.27
102.14
103.07
103.94
104.77
105.6
106.49
107.37
108.26
109.14
110.0
110.9
111.79
112.67
113.57
114.49
115.41
116.33
117.25
118.16
119.1
120.03
120.94
121.86
122.79
123.71
124.6
125.49
126.42
127.34
128.26
129.21
130.13
131.01
131.89
132.84
133.74
134.69
135.64
136.71
137.74
138.67
139.63
140.54
141.53
142.64
143.64
144.6
145.64
146.67
147.62
148.56
149.52
150.51
151.45
152.23
152.99
153.79
154.63
155.41
156.23
156.99
157.83
