0.0
1.08
2.19
3.2
4.17
5.23
6.31
7.38
8.42
9.49
10.44
11.4
12.4
13.4
14.52
15.59
16.72
17.74
18.77
19.67
20.53
21.44
22.4
23.34
24.19
25.07
25.96
26.8
27.68
28.62
29.6
30.56
31.49
32.53
33.52
34.47
35.4
36.4
37.33
38.36
39.3
40.31
41.27
42.27
43.27
44.24
45.25
46.38
47.4
48.52
49.58
50.61
51.51
52.57
53.64
54.63
55.67
56.64
57.56
58.42
59.33
60.18
61.15
62.07
63.08
64.08
65.07
66.1
67.13
68.14
69.12
70.07
71.14
72.13
73.27
74.3
75.19
76.13
77.12
78.03
79.03
79.97
80.99
81.97
83.05
84.12
85.11
86.14
87.19
88.24
89.29
90.29
91.33
92.31
93.25
94.18
95.18
96.14
97.18
98.12
99.06
100.02
100.98
101.94
102.88
103.8
104.72
105.6
106.55
107.52
108.49
109.44
110.42
111.4
112.29
113.22
114.07
115.01
115.96
116.98
117.95
118.91
119.9
120.96
121.99
123.05
123.91
124.75
125.62
126.52
127.52
128.53
129.53
130.57
131.59
132.6
133.7
134.75
135.8
136.8
137.88
138.95
140.0
141.03
142.09
142.96
143.88
144.93
145.96
147.02
148.08
149.03
150.05
151.12
152.18
153.31
154.41
155.45
156.6
157.66
158.66
159.77
160.89
161.91
162.8
163.64
164.46
165.33
166.2
167.05
167.87
168.75
169.56
170.4
171.27
172.22
173.1
173.97
174.79
175.57
