0.0
1.01
1.97
2.87
3.77
4.71
5.6
6.49
7.46
8.37
9.35
10.27
11.21
12.11
13.0
13.93
14.88
15.87
16.85
17.79
18.71
19.67
20.61
21.55
22.47
23.42
24.34
25.27
26.16
27.09
28.04
28.98
29.94
30.91
31.85
32.77
33.71
34.65
35.52
36.46
37.43
38.35
39.32
40.28
41.21
42.14
43.04
44.0
44.94
45.91
46.9
47.88
48.8
49.72
50.68
51.61
52.56
53.56
54.51
55.43
56.42
57.32
58.27
59.21
60.16
61.14
62.14
63.16
64.18
65.11
66.04
67.01
68.02
69.02
70.01
70.99
71.93
72.93
73.91
74.9
75.88
76.89
77.89
78.85
79.82
80.75
81.72
82.71
83.77
84.74
85.68
86.64
87.6
88.64
89.71
90.73
91.76
92.77
93.77
94.74
95.69
96.67
97.63
98.6
99.6
100.58
101.51
102.46
103.43
104.38
105.33
106.27
107.16
108.1
109.02
110.08
111.06
112.0
113.01
113.92
114.83
115.83
116.78
117.73
118.71
119.74
120.68
121.66
122.61
123.61
124.56
125.51
126.47
127.46
128.4
129.38
130.31
131.22
132.13
133.02
134.0
135.05
135.96
136.94
137.87
138.83
139.8
140.79
141.7
142.69
143.67
144.7
145.7
146.74
147.88
148.9
149.91
150.93
151.93
153.02
154.01
154.99
155.99
156.99
158.07
159.2
160.3
161.28
162.37
163.34
164.4
