0.4
1.02
1.63
2.29
2.9
3.5
4.11
4.73
5.33
5.96
6.67
7.34
8.01
8.65
9.31
10.02
10.69
11.33
12.01
12.65
13.28
13.92
14.5
15.09
15.66
16.26
16.78
17.25
17.76
18.26
18.75
19.22
19.7
20.2
20.66
21.14
21.64
22.06
22.52
22.94
23.38
23.82
24.26
24.72
25.15
25.58
26.04
26.47
26.84
27.24
27.64
28.02
28.42
28.79
29.18
29.57
29.96
30.35
30.74
31.15
31.52
31.92
32.31
32.7
33.09
33.5
33.91
34.29
34.71
35.12
35.51
35.92
36.33
36.76
37.16
37.56
37.95
38.35
38.77
39.15
39.56
39.97
40.37
40.76
41.16
41.56
41.95
42.33
42.72
43.1
43.5
43.89
44.28
44.64
45.02
45.4
45.78
46.18
46.57
46.94
47.34
47.73
48.13
48.51
48.89
49.3
49.71
50.13
50.62
51.09
51.59
52.14
52.69
53.21
53.77
54.27
54.76
55.24
55.74
56.27
56.74
57.21
57.67
58.14
58.62
59.12
59.6
60.07
60.54
61.02
61.5
62.0
62.48
62.94
63.41
63.87
64.35
64.84
65.32
65.8
66.26
66.74
67.23
67.71
68.14
68.57
69.02
69.47
69.91
70.33
70.78
71.2
71.63
72.07
72.47
72.87
73.3
73.71
74.13
74.56
74.98
75.4
75.84
76.28
76.69
77.11
77.52
77.94
78.36
78.78
79.21
79.63
80.01
80.37
80.76
81.15
81.51
81.9
82.32
82.73
83.15
83.55
83.98
84.41
84.84
85.27
85.71
86.14
86.58
87.02
87.45
87.89
88.33
88.78
89.22
89.65
90.12
90.55
91.0
91.43
91.85
92.28
92.73
93.15
93.57
94.01
94.44
94.86
95.3
95.74
96.17
96.59
97.02
97.44
97.87
98.33
98.75
99.19
99.63
100.06
100.49
100.92
101.37
101.8
102.25
102.68
103.13
103.58
104.04
104.5
104.93
105.36
105.79
106.21
106.64
107.06
107.5
107.93
108.38
108.85
109.31
109.79
110.26
110.73
111.19
111.65
112.1
112.56
112.99
113.44
113.88
114.32
114.77
115.19
115.65
116.09
116.51
116.97
117.44
117.89
118.36
118.83
119.31
119.83
120.31
120.78
121.27
121.72
122.15
122.6
123.05
123.5
123.98
124.45
124.93
125.38
125.86
126.34
126.82
127.31
127.8
128.26
128.76
129.23
129.73
130.28
130.84
131.4
131.96
132.51
133.04
133.59
134.19
134.8
135.44
136.05
136.63
137.24
137.89
138.51
139.1
139.74
140.34
140.98
141.5
141.97
142.49
142.96
143.38
143.82
144.21
144.61
145.01
145.4
145.79
146.19
146.6
147.02
147.46
147.88
148.29
148.68
149.09
149.51
149.94
150.35
150.77
151.19
151.59
152.0
152.41
152.82
153.24
153.63
154.04
154.46
154.86
155.28
155.71
156.13
156.55
156.97
157.41
157.83
158.25
158.65
159.09
159.5
159.94
160.38
160.85
161.3
161.72
162.17
162.6
163.04
163.49
163.94
164.38
164.8
165.22
165.63
166.02
166.42
166.84
167.23
167.63
168.08
168.51
168.93
169.38
169.81
170.25
170.72
171.16
171.6
172.04
172.47
172.91
173.35
173.79
174.25
174.69
175.11
175.56
175.96
176.35
176.75
177.16
177.56
177.97
178.37
178.77
179.16
179.59
180.04
180.51
180.94
181.41
181.84
182.27
182.68
183.1
183.53
183.94
184.36
184.79
185.21
185.64
186.07
186.48
186.93
187.38
187.83
188.28
188.73
189.19
189.67
190.13
190.56
191.02
191.48
191.92
192.35
192.79
193.2
193.63
194.07
194.53
194.97
195.41
195.99
196.53
197.09
197.64
198.18
198.71
199.27
199.9
200.51
201.12
201.71
202.32
202.95
203.53
204.16
204.75
205.36
205.99
206.57
207.16
207.77
208.39
208.95
209.49
209.98
210.52
211.01
211.5
211.96
212.46
212.92
213.4
213.88
214.39
214.96
215.54
216.1
216.66
217.2
217.78
218.27
218.77
219.25
219.74
220.18
220.59
221.03
221.46
221.86
222.24
222.64
223.05
223.46
223.86
224.24
224.65
225.04
225.44
225.84
226.24
226.66
227.07
227.49
227.91
228.31
228.73
229.15
229.59
230.0
230.41
230.8
231.23
231.65
232.08
232.49
232.89
233.31
233.7
234.11
234.5
234.9
235.27
235.66
236.06
236.45
236.86
237.25
237.63
238.03
238.42
238.82
239.21
239.62
240.02
240.42
240.82
241.22
241.63
242.02
242.41
242.81
243.25
243.68
244.13
244.57
245.03
245.51
246.0
246.51
246.95
247.38
247.79
248.22
248.65
249.06
249.49
249.89
250.31
250.75
251.19
251.61
252.04
252.44
252.86
253.28
253.73
254.16
254.62
255.1
255.54
256.02
256.47
256.92
257.4
257.82
258.24
258.65
259.08
259.48
259.91
260.32
260.74
261.17
261.6
262.04
262.47
262.89
263.32
263.77
264.19
264.61
265.03
265.45
265.88
266.31
266.74
267.18
267.63
268.08
268.52
268.95
269.37
269.79
270.21
270.62
271.04
271.48
271.9
272.31
272.73
273.19
273.61
274.09
274.58
275.07
275.52
275.95
276.38
276.84
277.26
277.72
278.14
278.57
279.0
279.44
279.86
280.31
280.73
281.16
281.59
282.04
282.47
282.93
283.34
283.78
284.2
284.66
285.09
285.53
285.96
286.41
286.85
287.3
287.73
288.16
288.59
289.0
289.44
289.86
290.29
290.72
291.16
291.6
292.07
292.53
292.99
293.43
293.87
294.31
294.74
295.2
295.64
296.08
296.52
296.95
297.36
297.79
298.22
298.67
299.1
299.53
299.94
300.38
300.85
301.32
301.76
302.22
302.68
303.14
303.62
304.05
304.46
304.89
305.34
305.75
306.19
306.61
307.07
307.53
308.0
308.47
308.93
309.39
309.85
310.29
310.76
311.23
311.67
312.16
312.61
313.16
313.73
314.28
314.84
315.37
315.93
316.46
317.01
317.59
318.14
318.69
319.19
319.68
320.17
320.66
321.11
321.54
321.99
322.43
322.85
323.3
323.75
324.18
324.63
325.07
325.49
325.93
326.44
326.92
327.41
327.9
328.45
329.07
329.64
330.24
330.89
331.54
332.29
332.97
333.7
334.45
335.23
336.03
336.79
337.59
338.39
339.08
339.78
340.52
341.17
341.85
342.56
343.22
343.88
344.5
345.09
345.7
346.28
346.88
347.45
348.05
348.65
349.28
349.76
350.23
350.7
351.15
351.63
352.09
352.55
353.01
353.46
353.94
354.36
354.82
355.18
355.54
355.92
356.28
356.67
357.04
357.43
357.81
358.19
358.6
359.04
359.46
359.88
360.3
360.7
361.12
361.54
361.98
362.4
362.82
363.24
363.67
364.1
364.52
364.96
365.41
