1.0
3.5
5.95
8.64
11.33
14.32
17.74
21.71
25.8
29.98
33.06
36.32
39.56
42.71
45.78
48.89
51.58
53.76
55.73
57.66
59.59
61.49
63.4
65.32
67.18
69.02
70.77
72.46
74.12
75.83
77.52
79.2
80.98
82.72
84.41
86.14
87.88
89.64
91.42
93.15
94.75
96.37
98.1
99.84
101.59
103.36
105.13
106.84
108.62
110.5
112.33
114.09
115.87
117.69
119.52
121.28
123.03
124.92
126.81
128.75
130.82
133.03
135.42
137.96
140.32
142.08
143.81
145.4
147.02
148.67
150.34
151.98
153.62
155.26
156.95
158.65
160.37
162.16
163.93
165.62
167.22
168.92
170.71
172.46
174.24
175.95
177.56
179.16
180.91
182.67
184.36
186.06
187.82
189.66
191.47
193.2
194.94
197.08
199.27
201.71
204.62
207.77
211.01
213.73
216.35
218.92
221.03
222.7
224.24
225.82
227.48
229.14
230.79
232.49
234.1
235.66
237.25
238.81
240.41
242.02
243.68
245.5
247.37
249.06
250.74
252.44
254.15
255.9
257.59
259.24
260.84
262.46
264.18
265.87
267.62
269.35
271.03
272.72
274.57
276.37
278.13
279.85
281.58
283.34
285.08
286.84
288.57
290.28
292.07
293.86
295.65
297.35
299.09
300.84
302.67
304.89
307.52
310.75
314.27
317.67
321.53
325.03
328.93
332.78
336.39
339.41
342.54
345.69
349.28
352.99
356.26
359.45
362.81
