3.26
5.57
8.17
10.72
13.24
15.79
18.3
20.4
22.35
24.16
25.96
27.63
29.26
30.88
32.54
34.17
35.76
37.35
39.01
40.56
42.2
43.86
45.48
47.12
48.81
50.51
52.41
54.41
56.39
58.38
60.27
62.24
64.07
65.88
67.55
69.31
70.96
72.65
74.33
76.04
77.77
79.45
81.13
82.82
84.53
86.17
87.92
89.64
91.17
92.6
94.21
95.87
97.62
99.37
101.14
102.95
104.73
106.5
108.25
109.99
111.7
113.43
115.18
117.11
119.11
120.97
122.76
124.46
126.11
127.74
129.56
131.34
133.26
135.2
137.12
138.95
140.64
142.27
143.85
145.33
147.06
148.75
150.44
152.11
153.81
155.45
157.18
158.93
160.68
162.36
163.95
165.63
167.36
169.13
170.89
172.57
174.17
175.76
177.52
179.27
180.98
182.71
184.52
186.3
188.04
189.76
191.42
193.34
195.74
198.39
200.92
203.34
205.86
208.41
210.81
212.8
214.67
216.52
218.29
219.97
221.61
223.25
224.9
226.54
228.16
229.81
231.41
233.01
234.57
236.2
237.87
239.54
241.23
242.86
244.54
246.2
247.9
249.65
251.43
253.19
254.82
256.41
258.08
259.8
261.44
263.15
264.88
266.62
268.34
270.11
271.9
273.63
275.35
277.07
278.79
280.59
282.37
284.05
285.67
287.39
289.14
290.96
292.72
294.48
296.23
298.02
299.94
301.85
303.7
305.54
307.44
309.37
311.33
313.41
315.44
317.6
319.57
321.54
323.53
325.86
328.51
331.25
334.48
337.91
341.63
345.35
348.95
352.15
355.34
357.88
