0.45
1.02
1.56
2.13
2.71
3.27
3.85
4.44
5.0
5.56
6.21
6.89
7.5
8.16
8.83
9.5
10.14
10.76
11.41
12.03
12.65
13.25
13.88
14.5
15.04
15.6
16.18
16.71
17.29
17.81
18.3
18.83
19.37
19.87
20.4
20.95
21.46
21.9
22.38
22.82
23.28
23.73
24.17
24.61
25.06
25.52
25.96
26.41
26.8
27.21
27.62
28.03
28.44
28.86
29.26
29.69
30.1
30.5
30.89
31.3
31.72
32.11
32.54
32.94
33.35
33.76
34.17
34.58
34.98
35.39
35.77
36.16
36.57
36.95
37.36
37.78
38.19
38.59
39.01
39.41
39.79
40.17
40.56
40.95
41.34
41.73
42.11
42.48
42.85
43.25
43.65
44.06
44.46
44.86
45.27
45.7
46.1
46.51
46.92
47.34
47.74
48.15
48.58
48.99
49.46
49.92
50.42
50.9
51.38
51.91
52.38
52.9
53.38
53.89
54.41
54.93
55.43
55.92
56.4
56.89
57.41
57.9
58.38
58.84
59.3
59.77
60.28
60.8
61.3
61.79
62.24
62.7
63.18
63.64
64.08
64.52
64.99
65.44
65.88
66.32
66.73
67.14
67.59
68.06
68.51
68.92
69.31
69.72
70.15
70.55
70.96
71.37
71.79
72.23
72.66
73.07
73.5
73.93
74.33
74.75
75.18
75.61
76.04
76.46
76.9
77.36
77.8
78.24
78.68
79.08
79.52
79.93
80.34
80.73
81.14
81.56
81.99
82.4
82.82
83.25
83.66
84.08
84.52
84.94
85.36
85.77
86.18
86.6
87.03
87.46
87.92
88.35
88.79
89.22
89.64
90.07
90.52
90.95
91.4
91.87
92.3
92.72
93.14
93.59
94.01
94.42
94.85
95.25
95.67
96.11
96.52
96.96
97.38
97.81
98.23
98.69
99.12
99.56
99.99
100.45
100.88
101.33
101.77
102.21
102.64
103.08
103.52
103.95
104.4
104.85
105.31
105.78
106.27
106.71
107.15
107.6
108.02
108.46
108.9
109.34
109.77
110.19
110.62
111.05
111.48
111.91
112.35
112.78
113.21
113.64
114.07
114.49
114.94
115.4
115.87
116.32
116.79
117.24
117.71
118.19
118.66
119.14
119.6
120.06
120.51
120.97
121.43
121.89
122.34
122.89
123.39
123.92
124.46
124.99
125.55
126.12
126.69
127.26
127.79
128.37
128.98
129.56
130.12
130.69
131.34
131.98
132.61
133.22
133.87
134.51
135.2
135.85
136.5
137.12
137.78
138.42
138.96
139.39
139.81
140.21
140.65
141.06
141.46
141.87
142.28
142.69
143.09
143.5
143.93
144.39
144.85
145.33
145.79
146.22
146.63
147.07
147.5
147.91
148.34
148.76
149.19
149.61
150.03
150.44
150.85
151.28
151.69
152.11
152.55
152.96
153.39
153.81
154.22
154.65
155.06
155.45
155.88
156.31
156.73
157.19
157.63
158.07
158.51
158.93
159.37
159.81
160.27
160.68
161.11
161.53
161.95
162.37
162.76
163.15
163.57
163.96
164.36
164.8
165.22
165.63
166.06
166.49
166.92
167.37
167.84
168.27
168.7
169.13
169.55
169.99
170.45
170.89
171.3
171.73
172.15
172.56
172.97
173.37
173.78
174.18
174.59
174.97
175.38
175.77
176.2
176.6
177.01
177.42
177.8
178.2
178.64
179.04
179.47
179.92
180.34
180.77
181.19
181.62
182.05
182.48
182.89
183.29
183.7
184.11
184.52
184.97
185.42
185.86
186.3
186.73
187.16
187.6
188.04
188.46
188.91
189.33
189.77
190.18
190.6
191.01
191.43
191.87
192.36
192.82
193.28
193.75
194.22
194.69
195.17
195.67
196.15
196.6
197.04
197.5
197.95
198.4
198.85
199.3
199.73
200.2
200.63
201.1
201.55
201.98
202.43
202.9
203.34
203.77
204.18
204.61
205.04
205.5
205.99
206.48
206.96
207.47
207.93
208.42
208.91
209.39
209.85
210.33
210.82
211.34
211.83
212.29
212.79
213.27
213.73
214.23
214.67
215.13
215.59
216.05
216.53
216.97
217.45
217.9
218.3
218.73
219.15
219.58
219.98
220.41
220.83
221.22
221.62
222.04
222.45
222.84
223.26
223.66
224.08
224.49
224.9
225.31
225.73
226.13
226.54
226.94
227.35
227.76
228.17
228.58
229.01
229.42
229.81
230.22
230.63
231.01
231.42
231.82
232.22
232.63
233.01
233.4
233.78
234.18
234.58
234.98
235.39
235.8
236.2
236.63
237.06
237.46
237.87
238.27
238.68
239.09
239.54
240.01
240.45
240.83
241.23
241.63
242.05
242.44
242.86
243.29
243.7
244.12
244.55
244.95
245.38
245.79
246.21
246.63
247.07
247.47
247.9
248.34
248.78
249.23
249.65
250.09
250.55
251.01
251.44
251.9
252.36
252.81
253.24
253.69
254.16
254.58
255.04
255.48
255.91
256.34
256.8
257.23
257.65
258.09
258.51
258.93
259.36
259.81
260.24
260.64
261.05
261.45
261.87
262.31
262.73
263.16
263.61
264.04
264.47
264.89
265.31
265.75
266.19
266.63
267.09
267.53
267.95
268.35
268.79
269.19
269.6
270.02
270.42
270.82
271.27
271.68
272.12
272.54
272.97
273.41
273.84
274.27
274.7
275.13
275.57
275.99
276.42
276.84
277.29
277.7
278.13
278.56
279.02
279.46
279.92
280.35
280.81
281.25
281.69
282.14
282.58
283.01
283.43
283.85
284.28
284.71
285.15
285.6
286.07
286.51
286.96
287.39
287.84
288.28
288.71
289.15
289.58
290.02
290.48
290.96
291.42
291.85
292.29
292.73
293.17
293.62
294.05
294.48
294.91
295.36
295.79
296.23
296.67
297.13
297.57
298.03
298.5
298.96
299.44
299.92
300.42
300.89
301.37
301.85
302.3
302.78
303.25
303.7
304.15
304.64
305.1
305.58
306.03
306.5
306.97
307.45
307.92
308.42
308.88
309.38
309.86
310.32
310.82
311.34
311.88
312.41
312.92
313.42
313.91
314.42
314.94
315.45
316.0
316.58
317.11
317.61
318.12
318.58
319.07
319.57
320.08
320.54
321.07
321.55
322.04
322.57
323.07
323.54
324.12
324.66
325.19
325.87
326.51
327.17
327.85
328.51
329.22
329.88
330.67
331.5
332.41
333.27
334.11
335.08
336.07
336.97
337.92
338.89
339.82
340.76
341.65
342.58
343.52
344.47
345.37
346.33
347.24
348.14
348.96
349.73
350.56
351.36
352.15
352.96
353.77
354.67
355.55
356.39
357.24
358.09
358.95
359.77
