0.95
3.91
6.75
9.13
11.5
13.9
16.2
18.54
20.55
22.29
23.79
25.19
26.48
27.73
28.96
30.21
31.47
32.75
34.0
35.25
36.54
37.84
39.27
40.51
41.74
42.95
44.19
45.41
46.68
47.92
49.28
50.68
52.05
53.39
54.75
56.07
57.4
58.72
60.1
61.46
62.83
64.18
65.58
66.88
68.13
69.39
70.66
71.94
73.21
74.5
75.85
77.29
78.75
80.12
81.39
82.63
83.84
85.12
86.51
87.87
89.18
90.48
91.78
93.08
94.36
95.67
97.0
98.3
99.65
101.01
102.31
103.58
104.87
106.21
107.5
108.83
110.15
111.47
112.79
114.22
115.56
116.88
118.16
119.51
120.9
122.36
123.79
125.23
126.73
128.34
129.97
131.64
133.4
134.84
136.13
137.42
138.76
140.05
141.32
142.59
143.87
145.16
146.44
147.72
149.01
150.34
151.71
153.09
154.47
155.81
157.2
158.52
159.83
161.21
162.6
163.97
165.37
166.72
168.1
169.4
170.69
171.98
173.27
174.56
175.86
177.17
178.48
179.7
180.95
182.3
183.66
184.98
186.3
187.58
188.81
190.05
191.52
193.06
194.79
196.38
197.69
199.0
200.26
201.48
202.73
204.02
205.54
207.02
208.46
209.92
211.3
212.6
213.92
215.17
216.43
217.67
218.9
220.17
221.47
222.76
224.04
225.32
226.58
227.82
229.04
230.28
231.54
232.78
234.03
235.31
236.68
238.02
239.25
240.5
241.76
243.03
244.31
245.6
246.89
248.21
249.54
250.77
252.0
253.24
254.49
255.74
256.96
258.21
259.52
260.76
262.06
263.35
264.62
265.79
267.0
268.29
269.59
270.9
272.2
273.5
274.9
276.25
277.61
278.89
280.17
281.51
282.82
284.16
285.44
286.65
287.98
289.29
290.61
291.92
293.15
294.38
295.66
296.91
298.2
299.52
300.87
302.28
303.79
305.2
306.55
307.79
309.16
310.61
312.0
313.37
314.75
316.21
317.69
319.09
320.45
321.8
323.17
324.5
325.84
327.1
328.26
329.52
330.84
332.31
333.9
335.7
337.49
339.1
340.63
342.05
343.36
344.64
345.88
347.16
348.4
349.68
350.95
352.22
