0.44
0.96
1.42
1.91
2.41
2.9
3.39
3.92
4.42
4.93
5.48
6.0
6.5
7.01
7.56
8.1
8.63
9.14
9.63
10.11
10.55
11.03
11.49
11.9
12.31
12.7
13.12
13.52
13.93
14.37
14.79
15.19
15.67
16.13
16.63
17.1
17.58
18.05
18.55
19.04
19.54
20.03
20.49
20.97
21.45
21.95
22.43
22.9
23.35
23.81
24.27
24.75
25.21
25.65
26.06
26.49
26.92
27.32
27.73
28.14
28.54
28.96
29.38
29.81
30.24
30.66
31.08
31.48
31.91
32.33
32.77
33.2
33.59
34.0
34.43
34.84
35.24
35.68
36.12
36.55
36.96
37.39
37.85
38.33
38.81
39.27
39.69
40.1
40.52
40.92
41.33
41.74
42.14
42.55
42.95
43.37
43.79
44.19
44.6
45.01
45.42
45.84
46.27
46.68
47.1
47.52
47.93
48.4
48.83
49.29
49.75
50.22
50.69
51.14
51.58
52.05
52.5
52.93
53.4
53.84
54.29
54.75
55.2
55.63
56.07
56.52
56.95
57.41
57.85
58.27
58.73
59.17
59.63
60.11
60.57
61.01
61.47
61.95
62.4
62.84
63.3
63.74
64.19
64.67
65.13
65.59
66.02
66.45
66.88
67.31
67.73
68.14
68.57
68.98
69.39
69.8
70.22
70.66
71.1
71.52
71.95
72.36
72.78
73.21
73.64
74.05
74.51
74.97
75.4
75.86
76.32
76.77
77.21
77.64
78.06
78.47
78.88
79.32
79.73
80.12
80.55
80.96
81.4
81.82
82.23
82.64
83.04
83.44
83.85
84.28
84.68
85.12
85.55
85.99
86.4
86.81
87.23
87.66
88.09
88.53
88.96
89.4
89.82
90.25
90.7
91.13
91.55
91.99
92.41
92.84
93.3
93.73
94.16
94.57
95.0
95.43
95.89
96.32
96.77
97.19
97.63
98.08
98.52
98.97
99.37
99.77
100.18
100.59
101.01
101.46
101.89
102.32
102.73
103.14
103.59
104.01
104.46
104.88
105.33
105.76
106.22
106.65
107.08
107.51
107.94
108.38
108.84
109.27
109.71
110.16
110.59
111.04
111.47
111.9
112.35
112.81
113.25
113.69
114.18
114.65
115.1
115.57
116.03
116.44
116.88
117.3
117.73
118.17
118.59
119.04
119.52
119.98
120.42
120.89
121.38
121.84
122.34
122.81
123.32
123.8
124.28
124.76
125.25
125.74
126.25
126.8
127.3
127.83
128.35
128.87
129.38
129.83
130.3
130.77
131.24
131.71
132.2
132.67
133.14
133.57
133.98
134.41
134.85
135.28
135.7
136.14
136.57
136.99
137.42
137.86
138.31
138.76
139.21
139.62
140.06
140.5
140.91
141.33
141.76
142.18
142.6
143.01
143.44
143.87
144.31
144.74
145.17
145.59
146.02
146.45
146.88
147.31
147.73
148.16
148.59
149.02
149.48
149.92
150.35
150.81
151.26
151.72
152.2
152.65
153.12
153.56
154.02
154.47
154.93
155.38
155.82
156.28
156.73
157.21
157.66
158.1
158.53
158.98
159.4
159.84
160.32
160.77
161.22
161.68
162.15
162.6
163.07
163.53
163.98
164.46
164.93
165.37
165.83
166.27
166.73
167.19
167.64
168.1
168.54
168.97
169.4
169.84
170.27
170.7
171.14
171.57
171.98
172.43
172.85
173.28
173.72
174.14
174.56
175.01
175.43
175.86
176.3
176.72
177.17
177.61
178.04
178.49
178.92
179.33
179.71
180.11
180.51
180.95
181.4
181.87
182.31
182.76
183.2
183.67
184.1
184.56
184.99
185.43
185.86
186.3
186.73
187.15
187.59
188.01
188.41
188.79
189.2
189.6
190.03
190.51
191.03
191.53
192.01
192.59
193.14
193.66
194.24
194.79
195.39
195.92
196.38
196.86
197.32
197.77
198.19
198.6
199.01
199.44
199.84
200.27
200.67
201.08
201.49
201.89
202.3
202.74
203.14
203.56
204.03
204.55
205.03
205.55
206.04
206.53
207.12
207.68
208.24
208.78
209.35
209.94
210.4
210.85
211.32
211.77
212.22
212.64
213.07
213.49
213.93
214.35
214.77
215.18
215.6
216.01
216.44
216.86
217.28
217.68
218.1
218.51
218.91
219.33
219.75
220.18
220.62
221.03
221.48
221.91
222.33
222.77
223.19
223.61
224.04
224.47
224.9
225.33
225.74
226.15
226.58
227.0
227.41
227.83
228.23
228.64
229.05
229.46
229.88
230.29
230.71
231.12
231.55
231.96
232.37
232.79
233.21
233.62
234.03
234.45
234.88
235.32
235.76
236.21
236.69
237.15
237.59
238.02
238.44
238.85
239.26
239.68
240.1
240.51
240.92
241.34
241.77
242.2
242.61
243.04
243.47
243.89
244.32
244.75
245.17
245.61
246.04
246.46
246.9
247.35
247.78
248.22
248.68
249.12
249.54
249.97
250.36
250.78
251.2
251.61
252.01
252.42
252.84
253.25
253.67
254.11
254.5
254.91
255.34
255.75
256.16
256.56
256.96
257.38
257.79
258.21
258.66
259.11
259.53
259.94
260.36
260.77
261.2
261.64
262.07
262.51
262.94
263.36
263.78
264.22
264.63
265.04
265.41
265.8
266.21
266.58
267.01
267.45
267.87
268.3
268.74
269.16
269.6
270.03
270.47
270.91
271.34
271.77
272.21
272.65
273.08
273.51
273.97
274.44
274.91
275.36
275.82
276.26
276.7
277.15
277.61
278.03
278.46
278.89
279.34
279.75
280.18
280.58
280.96
281.36
281.77
282.19
282.63
283.05
283.49
283.92
284.38
284.81
285.24
285.68
286.15
286.64
287.09
287.53
287.99
288.42
288.87
289.29
289.73
290.17
290.62
291.07
291.51
291.93
292.4
292.89
293.37
293.84
294.32
294.82
295.25
295.67
296.09
296.49
296.92
297.33
297.77
298.21
298.63
299.06
299.53
299.98
300.41
300.87
301.32
301.8
302.29
302.82
303.31
303.8
304.27
304.73
305.21
305.69
306.2
306.74
307.25
307.75
308.24
308.71
309.18
309.66
310.15
310.61
311.1
311.56
312.01
312.48
312.94
313.38
313.86
314.3
314.76
315.24
315.74
316.21
316.72
317.2
317.69
318.18
318.69
319.18
319.64
320.12
320.62
321.1
321.58
322.04
322.53
323.02
323.48
323.98
324.46
324.93
325.41
325.86
326.28
326.67
327.1
327.5
327.88
328.28
328.68
329.09
329.52
329.94
330.39
330.85
331.33
331.82
332.32
332.83
333.31
333.8
334.26
334.74
335.22
335.7
336.2
336.66
337.14
337.64
338.13
338.63
339.1
339.63
340.12
340.6
341.13
341.61
342.06
342.54
342.95
343.37
343.79
344.21
344.64
345.07
345.47
345.89
346.31
346.75
347.17
347.58
347.99
348.41
348.83
349.26
349.68
350.1
350.52
350.95
351.38
351.81
352.21
352.65
353.05
353.48
353.91
354.32
