0.4
1.07
1.72
2.39
3.1
3.75
4.43
5.15
5.77
6.43
7.11
7.79
8.45
9.07
9.75
10.42
11.08
11.75
12.4
13.03
13.69
14.37
15.04
15.67
16.33
17.03
17.67
18.28
18.93
19.56
20.2
20.87
21.48
22.12
22.81
23.5
24.14
24.84
25.5
26.2
26.8
27.22
27.6
27.98
28.36
28.72
29.1
29.48
29.86
30.23
30.61
30.98
31.36
31.72
32.11
32.49
32.85
33.23
33.63
34.01
34.38
34.75
35.16
35.55
35.94
36.31
36.71
37.11
37.49
37.9
38.3
38.69
39.08
39.47
39.85
40.21
40.59
40.98
41.36
41.74
42.15
42.58
42.99
43.4
43.79
44.17
44.56
44.93
45.32
45.7
46.08
46.47
46.83
47.23
47.63
48.05
48.48
48.9
49.3
49.72
50.14
50.61
51.06
51.54
52.01
52.51
52.99
53.47
53.93
54.41
54.89
55.39
55.85
56.35
56.82
57.28
57.76
58.23
58.68
59.15
59.59
60.05
60.51
60.98
61.45
61.94
62.4
62.89
63.42
63.92
64.4
64.92
65.38
65.82
66.22
66.62
66.99
67.39
67.8
68.21
68.63
69.04
69.43
69.82
70.24
70.61
71.02
71.41
71.79
72.18
72.56
72.96
73.38
73.8
74.2
74.62
75.01
75.42
75.83
76.25
76.67
77.12
77.55
77.96
78.4
78.84
79.25
79.67
80.09
80.49
80.89
81.32
81.73
82.13
82.55
82.96
83.39
83.8
84.22
84.66
85.08
85.5
85.91
86.33
86.76
87.21
87.64
88.06
88.44
88.84
89.24
89.66
90.04
90.45
90.86
91.26
91.64
92.04
92.46
92.84
93.23
93.61
94.0
94.39
94.8
95.19
95.57
95.96
96.34
96.73
97.09
97.48
97.86
98.25
98.65
99.03
99.42
99.8
100.2
100.62
101.03
101.42
101.83
102.26
102.65
103.08
103.48
103.89
104.3
104.72
105.12
105.53
105.94
106.36
106.77
107.18
107.6
108.0
108.43
108.84
109.24
109.66
110.05
110.45
110.84
111.24
111.65
112.1
112.51
112.94
113.39
113.82
114.25
114.65
115.07
115.49
115.94
116.37
116.79
117.22
117.65
118.11
118.57
119.01
119.49
120.0
120.54
121.07
121.61
122.17
122.71
123.26
123.73
124.25
124.73
125.26
125.73
126.23
126.73
127.24
127.79
128.32
128.89
129.42
129.97
130.49
131.05
131.56
132.03
132.51
132.99
133.46
133.86
134.22
134.6
134.99
135.37
135.76
136.17
136.56
136.95
137.34
137.71
138.1
138.5
138.89
139.27
139.68
140.07
140.46
140.85
141.25
141.64
142.03
142.44
142.82
143.2
143.6
143.98
144.37
144.77
145.16
145.56
145.95
146.32
146.73
147.12
147.49
147.9
148.3
148.69
149.08
149.46
149.85
150.26
150.66
151.06
151.47
151.87
152.28
152.68
153.11
153.52
153.94
154.35
154.76
155.16
155.59
155.98
156.38
156.79
157.19
157.57
157.96
158.34
158.76
159.15
159.54
159.96
160.37
160.77
161.17
161.59
162.0
162.42
162.85
163.28
163.69
164.1
164.5
164.91
165.33
165.77
166.18
166.57
166.98
167.37
167.77
168.15
168.56
168.94
169.33
169.72
170.09
170.47
170.87
171.25
171.63
172.04
172.43
172.82
173.23
173.62
174.01
174.43
174.81
175.21
175.61
176.01
176.44
176.85
177.25
177.63
178.03
178.45
178.87
179.32
179.77
180.18
180.61
181.01
181.43
181.86
182.29
182.7
183.13
183.55
183.97
184.4
184.87
185.33
185.77
186.23
186.71
187.21
187.69
188.15
188.63
189.19
189.8
190.42
190.99
191.62
192.21
192.82
193.47
194.12
194.81
195.49
196.13
196.8
197.48
198.17
198.89
199.62
200.35
201.06
201.75
202.51
203.22
203.88
204.51
205.19
205.83
206.52
207.15
207.81
208.5
209.15
209.79
210.48
211.1
211.54
211.96
212.41
212.82
213.21
213.6
214.0
214.39
214.75
215.14
215.52
215.9
216.27
216.66
217.05
217.42
217.79
218.19
218.58
218.96
219.34
219.74
220.13
220.52
220.9
221.29
221.68
222.08
222.46
222.85
223.26
223.65
224.04
224.42
224.81
225.19
225.58
225.98
226.38
226.76
227.13
227.49
227.85
228.24
228.62
229.01
229.42
229.81
230.2
230.57
230.95
231.34
231.71
232.09
232.47
232.87
233.28
233.71
234.16
234.61
234.98
235.37
235.76
236.15
236.54
236.95
237.31
237.71
238.09
238.45
238.84
239.22
239.6
240.03
240.43
240.84
241.27
241.68
242.09
242.5
242.92
243.33
243.77
244.21
244.64
245.07
245.5
245.94
246.39
246.86
247.31
247.72
248.17
248.59
248.99
249.41
249.85
250.25
250.69
251.11
251.51
251.95
252.35
252.78
253.23
253.65
254.06
254.48
254.9
255.31
255.75
256.15
256.56
256.97
257.36
257.75
258.15
258.57
258.95
259.37
259.77
260.15
260.55
260.97
261.34
261.72
262.12
262.48
262.87
263.24
263.61
263.98
264.33
264.7
265.07
265.44
265.83
266.19
266.56
266.92
267.31
267.66
268.04
268.4
268.8
269.17
269.57
269.97
270.39
270.79
271.2
271.61
272.04
272.42
272.84
273.23
273.6
274.01
274.4
274.78
275.16
275.55
275.94
276.37
276.76
277.17
277.59
278.0
278.4
278.82
279.23
279.63
280.02
280.4
280.78
281.14
281.53
281.94
282.36
282.76
283.17
283.58
284.0
284.41
284.79
285.19
285.57
285.96
286.36
286.8
287.26
287.7
288.17
288.6
289.07
289.52
289.97
290.4
290.84
291.27
291.71
292.16
292.64
293.1
293.54
294.11
294.64
295.21
295.77
296.32
296.91
297.49
298.03
298.63
299.19
299.77
300.35
300.96
301.51
302.11
302.66
303.22
303.81
304.42
305.03
305.67
306.25
306.81
307.28
307.72
308.18
308.64
309.11
309.57
309.99
310.44
310.89
311.31
311.75
312.16
312.59
313.08
313.56
314.13
314.7
315.24
315.81
316.35
316.94
317.55
318.19
318.84
319.52
320.28
321.09
321.88
322.63
323.42
324.24
325.0
325.75
326.48
327.25
327.97
328.74
329.46
330.17
330.82
331.54
332.16
332.82
333.54
334.24
334.99
335.7
336.38
337.1
337.79
338.53
339.33
340.1
341.0
341.86
342.59
343.35
344.09
344.8
345.58
346.32
347.03
347.82
348.62
349.41
350.2
350.9
351.64
352.39
353.12
