1.06
3.76
6.42
9.07
11.8
14.76
17.69
20.2
22.8
25.49
28.41
31.35
34.38
37.48
40.57
43.58
46.64
49.09
51.53
53.46
55.37
57.27
59.14
60.98
62.9
64.92
66.61
68.2
69.82
71.41
72.96
74.62
76.25
77.88
79.52
81.22
82.94
84.66
86.33
88.05
89.65
91.25
92.88
94.57
96.14
97.67
99.21
100.71
102.17
103.67
105.33
106.98
108.62
110.24
111.82
113.64
115.47
117.21
119.01
121.07
123.25
125.25
127.24
129.42
131.55
133.48
134.99
136.55
138.09
139.67
141.25
142.81
144.37
145.94
147.5
149.07
150.66
152.28
153.94
155.59
157.19
158.76
160.37
161.99
163.69
165.33
166.98
168.56
170.09
171.63
173.22
174.8
176.43
178.01
179.76
181.43
183.13
184.87
186.7
188.62
190.98
193.46
196.13
198.89
201.75
204.55
207.08
209.78
211.94
213.59
215.13
216.65
218.18
219.73
221.28
222.85
224.42
225.97
227.48
229.01
230.57
232.08
233.71
235.46
237.15
238.83
240.43
242.08
243.77
245.5
247.3
248.99
250.69
252.35
254.05
255.75
257.36
258.94
260.54
262.21
263.89
265.43
266.91
268.4
269.97
271.61
273.23
274.78
276.51
278.19
279.83
281.52
283.17
284.79
286.35
288.17
289.97
291.69
293.54
295.77
298.02
300.04
302.1
304.41
306.81
308.63
310.44
312.16
314.12
316.64
319.52
322.64
325.75
328.72
331.53
333.95
336.37
339.33
342.59
345.57
348.62
351.63
