1.0
3.53
6.01
8.34
11.01
13.7
16.33
18.59
20.62
22.57
24.43
26.3
28.14
29.95
31.55
33.18
34.8
36.38
38.04
39.66
41.25
42.79
44.46
46.02
47.57
49.14
50.91
52.98
54.91
56.77
58.69
60.53
62.38
64.32
66.12
67.85
69.52
71.16
72.82
74.5
76.17
77.79
79.47
81.05
82.67
84.36
85.98
87.61
89.27
90.89
92.45
94.01
95.47
97.09
98.66
100.24
101.75
103.33
105.03
106.74
108.41
110.07
111.69
113.29
115.08
116.93
118.79
120.59
122.58
124.55
126.62
128.74
130.99
133.22
135.46
137.35
139.02
140.66
142.48
144.15
145.75
147.33
148.94
150.52
152.03
153.69
155.35
156.99
158.61
160.19
161.71
163.34
165.0
166.65
168.29
169.89
171.45
173.03
174.52
176.06
177.59
179.2
180.86
182.53
184.24
185.98
187.96
189.88
192.05
194.45
197.27
200.2
203.26
206.61
209.67
212.23
214.61
216.52
218.07
219.7
221.31
222.94
224.57
226.17
227.71
229.25
230.77
232.31
233.86
235.39
237.01
238.55
240.16
241.79
243.45
245.07
246.69
248.2
249.71
251.24
252.85
254.45
256.05
257.65
259.29
260.89
262.48
264.07
265.6
267.07
268.63
270.18
271.74
273.28
274.81
276.36
277.96
279.5
281.17
282.79
284.38
286.02
287.56
289.07
291.0
292.92
294.74
296.58
298.36
300.23
302.13
304.07
305.98
307.94
309.85
311.71
313.54
315.47
317.87
320.9
323.88
326.84
329.79
332.77
335.18
337.58
340.09
342.66
345.45
348.48
351.47
