0.4
1.0
1.61
2.25
2.9
3.59
4.21
4.89
5.47
6.01
6.58
7.16
7.73
8.34
8.97
9.65
10.27
10.84
11.41
12.0
12.58
13.15
13.7
14.27
14.83
15.41
15.99
16.57
17.17
17.76
18.31
18.92
19.47
20.08
20.62
21.19
21.82
22.47
23.13
23.77
24.44
25.09
25.71
26.3
26.86
27.45
28.0
28.6
29.14
29.56
29.96
30.35
30.74
31.16
31.55
31.94
32.34
32.76
33.18
33.59
34.0
34.41
34.8
35.2
35.59
35.98
36.38
36.77
37.19
37.61
38.04
38.45
38.85
39.27
39.66
40.07
40.48
40.91
41.36
41.79
42.21
42.59
42.96
43.36
43.73
44.12
44.49
44.87
45.26
45.64
46.03
46.41
46.81
47.19
47.58
47.96
48.35
48.74
49.14
49.54
49.98
50.38
50.91
51.45
51.95
52.45
52.98
53.48
53.95
54.42
54.92
55.38
55.84
56.33
56.78
57.25
57.74
58.23
58.69
59.18
59.64
60.08
60.54
61.0
61.45
61.93
62.38
62.85
63.34
63.85
64.33
64.77
65.24
65.7
66.13
66.56
66.99
67.41
67.86
68.29
68.71
69.13
69.53
69.95
70.36
70.76
71.17
71.59
71.99
72.41
72.82
73.23
73.65
74.08
74.51
74.93
75.33
75.75
76.17
76.57
76.99
77.42
77.85
78.25
78.65
79.06
79.48
79.89
80.29
80.68
81.07
81.47
81.88
82.31
82.7
83.11
83.53
83.94
84.36
84.77
85.18
85.58
85.98
86.39
86.8
87.22
87.62
88.03
88.45
88.87
89.27
89.68
90.08
90.5
90.9
91.29
91.67
92.06
92.45
92.83
93.25
93.63
94.04
94.45
94.85
95.26
95.67
96.08
96.48
96.89
97.29
97.7
98.08
98.48
98.86
99.24
99.64
100.04
100.42
100.84
101.23
101.65
102.06
102.5
102.92
103.34
103.74
104.19
104.62
105.04
105.48
105.9
106.33
106.74
107.18
107.6
108.02
108.42
108.83
109.26
109.66
110.07
110.48
110.89
111.29
111.7
112.09
112.49
112.88
113.3
113.74
114.17
114.63
115.09
115.54
115.97
116.43
116.91
117.41
117.89
118.37
118.8
119.25
119.72
120.17
120.6
121.06
121.56
122.07
122.58
123.07
123.57
124.07
124.55
125.08
125.6
126.12
126.64
127.15
127.7
128.24
128.74
129.3
129.84
130.43
130.99
131.54
132.08
132.67
133.2
133.76
134.33
134.88
135.47
136.02
136.55
136.95
137.36
137.79
138.18
138.59
139.02
139.43
139.84
140.25
140.67
141.13
141.57
142.02
142.49
142.93
143.33
143.75
144.16
144.54
144.95
145.35
145.75
146.15
146.55
146.94
147.34
147.74
148.14
148.56
148.95
149.34
149.74
150.12
150.52
150.91
151.29
151.68
152.04
152.43
152.84
153.26
153.69
154.12
154.53
154.94
155.36
155.77
156.18
156.59
156.99
157.39
157.8
158.21
158.61
158.99
159.4
159.8
160.19
160.57
160.94
161.32
161.72
162.12
162.53
162.93
163.35
163.78
164.18
164.59
165.0
165.41
165.82
166.24
166.65
167.06
167.48
167.87
168.29
168.7
169.09
169.48
169.89
170.28
170.69
171.08
171.46
171.85
172.26
172.63
173.03
173.42
173.81
174.18
174.53
174.9
175.27
175.66
176.06
176.45
176.84
177.22
177.59
177.98
178.36
178.77
179.21
179.62
180.04
180.44
180.87
181.27
181.68
182.09
182.54
182.96
183.4
183.82
184.24
184.65
185.09
185.51
185.98
186.5
186.96
187.46
187.97
188.44
188.91
189.4
189.88
190.4
190.95
191.5
192.05
192.67
193.27
193.84
194.45
195.13
195.82
196.49
197.06
197.59
198.18
198.72
199.3
199.84
200.39
200.96
201.53
202.11
202.69
203.26
203.81
204.37
204.93
205.49
206.08
206.61
207.15
207.74
208.3
208.83
209.39
209.98
210.54
211.08
211.66
212.21
212.75
213.3
213.82
214.2
214.6
214.98
215.37
215.78
216.16
216.52
216.93
217.31
217.7
218.08
218.49
218.91
219.3
219.73
220.14
220.52
220.94
221.32
221.74
222.14
222.52
222.94
223.35
223.75
224.18
224.58
224.98
225.4
225.79
226.17
226.58
226.96
227.34
227.72
228.12
228.49
228.88
229.25
229.63
230.0
230.39
230.77
231.16
231.54
231.92
232.32
232.71
233.09
233.48
233.87
234.25
234.62
234.99
235.4
235.8
236.21
236.61
237.0
237.38
237.77
238.15
238.56
238.95
239.34
239.74
240.16
240.56
240.98
241.4
241.8
242.21
242.64
243.05
243.46
243.87
244.26
244.68
245.08
245.5
245.92
246.31
246.69
247.06
247.45
247.81
248.2
248.58
248.95
249.33
249.72
250.09
250.47
250.85
251.24
251.66
252.05
252.44
252.86
253.25
253.64
254.06
254.45
254.85
255.25
255.65
256.05
256.44
256.84
257.26
257.66
258.06
258.48
258.9
259.3
259.69
260.08
260.48
260.89
261.3
261.7
262.1
262.49
262.88
263.28
263.68
264.07
264.46
264.86
265.22
265.61
265.98
266.33
266.71
267.07
267.46
267.84
268.22
268.63
269.01
269.41
269.78
270.18
270.56
270.96
271.35
271.74
272.13
272.51
272.9
273.28
273.66
274.06
274.42
274.82
275.2
275.57
275.96
276.34
276.71
277.11
277.5
277.9
278.32
278.72
279.11
279.51
279.9
280.34
280.76
281.18
281.58
282.01
282.41
282.8
283.18
283.57
283.98
284.39
284.81
285.22
285.63
286.02
286.4
286.78
287.17
287.56
287.94
288.32
288.68
289.08
289.58
290.05
290.52
291.01
291.48
291.96
292.45
292.93
293.37
293.84
294.29
294.75
295.23
295.69
296.13
296.59
297.13
297.68
298.23
298.76
299.26
299.77
300.29
300.82
301.37
301.92
302.44
302.99
303.55
304.08
304.65
305.25
305.82
306.39
306.94
307.42
307.94
308.44
308.92
309.39
309.86
310.33
310.78
311.25
311.72
312.19
312.67
313.13
313.57
313.99
314.44
314.92
315.46
316.06
316.61
317.18
317.87
318.62
319.42
320.18
320.91
321.68
322.44
323.17
323.9
324.68
325.39
326.13
326.85
327.56
328.31
329.08
329.79
330.48
331.08
331.65
332.22
332.78
333.33
333.91
334.55
335.15
335.75
336.38
336.96
337.58
338.2
338.82
339.46
340.09
340.7
341.3
342.02
342.66
343.38
344.06
344.7
345.45
346.2
346.96
347.71
348.49
349.26
350.01
350.75
351.47
352.2
352.94
