2.49
5.48
8.19
11.11
14.26
17.45
21.28
25.0
28.87
32.27
35.52
38.8
42.37
46.02
49.63
53.18
56.14
58.95
61.96
64.51
66.97
69.35
71.78
74.34
77.15
80.03
82.86
85.61
88.69
92.26
95.68
98.93
102.04
105.32
108.29
111.04
113.71
116.57
119.32
122.03
124.97
127.87
130.87
134.16
137.47
140.91
143.99
147.2
150.14
153.02
155.67
158.24
160.74
163.4
166.28
168.92
171.49
174.23
177.05
180.25
183.72
187.0
190.17
193.4
196.59
199.71
203.24
206.72
210.73
214.38
217.95
221.63
225.34
229.34
233.63
237.54
241.18
245.25
249.38
253.7
258.0
261.84
265.21
268.84
272.03
275.16
278.57
282.04
285.78
289.71
293.92
298.15
301.94
305.68
309.58
313.61
317.79
