0.62
1.39
2.1
2.91
3.73
4.45
5.16
5.87
6.56
7.32
8.0
8.72
9.55
10.32
11.11
11.88
12.63
13.43
14.27
15.02
15.77
16.55
17.35
18.11
18.83
19.6
20.37
21.19
22.04
22.81
23.68
24.49
25.42
26.32
27.13
27.99
28.87
29.74
30.62
31.48
32.28
33.14
33.93
34.77
35.61
36.23
36.65
37.09
37.52
37.94
38.37
38.8
39.22
39.66
40.1
40.54
40.98
41.43
41.89
42.37
42.81
43.27
43.74
44.19
44.65
45.11
45.59
46.03
46.49
46.92
47.39
47.82
48.27
48.72
49.17
49.64
50.07
50.52
50.99
51.44
51.89
52.32
52.73
53.18
53.59
54.04
54.39
54.72
55.07
55.42
55.77
56.14
56.48
56.82
57.19
57.53
57.87
58.24
58.62
59.01
59.42
59.81
60.19
60.55
60.91
61.25
61.6
61.96
62.27
62.62
62.95
63.27
63.59
63.89
64.2
64.51
64.83
65.14
65.44
65.75
66.05
66.36
66.66
66.96
67.26
67.55
67.85
68.15
68.45
68.76
69.06
69.35
69.65
69.96
70.28
70.58
70.9
71.2
71.51
71.82
72.14
72.45
72.76
73.07
73.38
73.68
73.99
74.35
74.68
75.01
75.36
75.72
76.09
76.45
76.8
77.15
77.52
77.87
78.23
78.59
78.97
79.32
79.68
80.03
80.4
80.75
81.1
81.43
81.78
82.15
82.48
82.85
83.18
83.53
83.88
84.23
84.58
84.91
85.24
85.62
86.07
86.5
86.93
87.35
87.81
88.25
88.69
89.16
89.59
90.04
90.49
90.96
91.4
91.83
92.26
92.72
93.14
93.6
94.03
94.45
94.87
95.29
95.69
96.11
96.54
96.97
97.39
97.78
98.15
98.54
98.92
99.28
99.67
100.05
100.42
100.81
101.22
101.63
102.04
102.46
102.86
103.29
103.7
104.09
104.52
104.9
105.3
105.7
106.12
106.52
106.87
107.22
107.59
107.93
108.29
108.65
108.99
109.34
109.67
110.01
110.35
110.69
111.05
111.39
111.72
112.07
112.4
112.73
113.08
113.4
113.72
114.06
114.41
114.77
115.14
115.5
115.85
116.23
116.57
116.91
117.28
117.61
117.94
118.3
118.64
118.96
119.32
119.65
119.98
120.34
120.68
121.0
121.34
121.68
122.03
122.39
122.73
123.1
123.46
123.84
124.2
124.57
124.97
125.33
125.72
126.1
126.46
126.8
127.17
127.52
127.88
128.23
128.59
128.93
129.29
129.66
130.04
130.43
130.85
131.25
131.65
132.03
132.44
132.87
133.29
133.7
134.15
134.56
135.01
135.42
135.86
136.29
136.71
137.09
137.49
137.89
138.32
138.77
139.19
139.61
140.04
140.49
140.91
141.31
141.69
142.07
142.45
142.84
143.22
143.62
144.03
144.44
144.87
145.28
145.66
146.05
146.42
146.8
147.2
147.57
147.94
148.33
148.72
149.09
149.45
149.8
150.14
150.49
150.83
151.2
151.59
151.94
152.33
152.7
153.03
153.36
153.69
154.03
154.36
154.69
155.01
155.35
155.67
155.99
156.31
156.63
156.95
157.28
157.6
157.92
158.24
158.55
158.87
159.2
159.51
159.85
160.21
160.63
161.03
161.43
161.81
162.23
162.61
163.03
163.4
163.76
164.12
164.49
164.86
165.25
165.62
165.96
166.29
166.62
166.93
167.25
167.58
167.91
168.26
168.59
168.92
169.25
169.57
169.89
170.23
170.56
170.88
171.2
171.51
171.83
172.15
172.47
172.8
173.12
173.44
173.82
174.23
174.67
175.07
175.51
175.92
176.32
176.72
177.14
177.57
178.03
178.47
178.89
179.34
179.79
180.26
180.69
181.12
181.49
181.9
182.29
182.68
183.06
183.44
183.83
184.22
184.62
185.02
185.4
185.79
186.17
186.58
186.99
187.38
187.75
188.15
188.53
188.92
189.35
189.77
190.18
190.71
191.27
191.79
192.32
192.86
193.41
193.96
194.48
194.99
195.52
196.06
196.59
197.11
197.67
198.17
198.73
199.25
199.74
200.25
200.76
201.3
201.78
202.29
202.77
203.27
203.79
204.3
204.77
205.3
205.79
206.29
206.75
207.25
207.71
208.19
208.67
209.21
209.71
210.23
210.73
211.19
211.65
212.12
212.59
213.06
213.52
213.95
214.39
214.82
215.26
215.71
216.17
216.63
217.07
217.51
217.96
218.43
218.88
219.33
219.78
220.21
220.67
221.15
221.61
222.06
222.51
222.98
223.43
223.89
224.37
224.88
225.34
225.9
226.5
227.04
227.64
228.18
228.75
229.35
229.87
230.43
230.99
231.51
232.05
232.55
233.1
233.63
234.18
234.74
235.34
235.9
236.58
237.22
237.88
238.49
239.1
239.71
240.3
240.91
241.53
242.16
242.74
243.33
243.91
244.51
245.07
245.66
246.22
246.82
247.38
248.05
248.74
249.38
250.07
250.81
251.47
252.2
252.88
253.55
254.28
254.96
255.67
256.43
257.24
258.0
258.89
259.73
260.58
261.43
262.31
263.16
264.0
264.88
265.72
266.59
267.48
268.4
269.21
270.1
270.9
271.7
272.44
273.22
273.98
274.78
275.63
276.46
277.22
278.04
278.79
279.6
280.37
281.2
281.99
282.74
283.55
284.35
285.03
285.68
286.37
287.04
287.76
288.41
289.04
289.71
290.36
291.03
291.71
292.35
292.87
293.42
293.94
294.48
295.03
295.59
296.13
296.66
297.16
297.67
298.16
298.68
299.22
299.79
300.31
300.83
301.33
301.87
302.37
302.89
303.42
303.88
304.32
304.8
305.24
305.7
306.18
306.63
307.08
307.54
308.0
308.57
309.13
309.65
310.21
310.8
311.36
311.92
312.46
313.03
313.63
314.26
314.83
315.46
316.05
316.66
317.24
317.8
318.37
318.97
