3.33
5.71
8.16
10.74
13.14
15.55
18.1
20.41
23.0
25.45
27.79
29.7
31.62
33.63
35.64
37.87
40.14
42.55
44.92
47.28
49.75
51.92
54.17
56.54
58.74
60.83
62.86
64.96
66.99
69.04
71.22
73.42
75.67
77.91
80.14
82.38
84.49
86.38
88.62
91.15
93.71
96.26
98.9
101.73
104.05
105.46
106.6
107.7
108.8
109.86
110.91
111.95
112.97
114.01
115.04
116.06
117.08
118.11
119.14
120.17
121.2
122.3
123.41
124.57
125.62
126.65
127.67
128.73
129.87
131.03
132.24
133.4
134.59
135.75
136.86
137.94
139.06
140.19
141.31
142.44
143.59
144.7
145.82
146.94
148.01
149.13
150.23
151.33
152.43
153.53
154.6
155.66
156.75
157.96
159.16
160.37
161.61
162.85
164.12
165.38
166.63
167.76
168.83
169.9
171.04
172.22
173.57
175.58
178.09
180.67
183.15
185.59
188.22
190.62
193.0
195.43
198.13
200.38
202.31
204.44
206.57
208.9
211.22
213.53
216.07
218.5
220.85
223.26
225.61
227.83
230.04
232.1
234.15
236.31
238.69
241.12
243.28
245.5
247.76
249.95
252.22
254.78
257.26
259.95
262.57
265.2
267.84
270.59
273.27
275.88
278.4
280.86
283.82
286.76
289.48
292.34
295.43
298.09
300.99
304.11
307.23
