0.35
1.08
1.79
2.56
3.33
4.16
4.97
5.72
6.49
7.31
8.16
9.0
9.88
10.75
11.6
12.35
13.14
13.92
14.74
15.56
16.39
17.25
18.11
18.93
19.64
20.36
21.12
21.82
22.54
23.34
24.17
24.94
25.67
26.43
27.15
27.79
28.42
29.07
29.7
30.34
31.0
31.63
32.32
32.95
33.63
34.27
34.94
35.65
36.4
37.17
37.88
38.64
39.42
40.12
40.9
41.7
42.54
43.31
44.1
44.93
45.72
46.48
47.3
48.11
48.81
49.54
50.3
51.11
51.88
52.64
53.38
54.17
54.92
55.72
56.55
57.26
58.02
58.75
59.46
60.17
60.84
61.54
62.21
62.87
63.57
64.23
64.88
65.5
66.17
66.81
67.52
68.22
69.02
69.76
70.48
71.23
71.94
72.69
73.43
74.15
74.92
75.68
76.41
77.17
77.91
78.64
79.39
80.15
80.89
81.67
82.39
83.12
83.89
84.69
85.52
86.38
87.12
87.84
88.63
89.45
90.32
91.15
92.01
92.84
93.71
94.57
95.39
96.27
97.12
97.91
98.65
99.45
100.23
100.98
101.74
102.34
102.9
103.47
104.06
104.52
104.99
105.47
105.87
106.22
106.61
106.98
107.33
107.71
108.07
108.43
108.8
109.16
109.5
109.87
110.21
110.55
110.91
111.25
111.6
111.95
112.3
112.64
112.98
113.33
113.67
114.02
114.36
114.71
115.05
115.38
115.73
116.07
116.42
116.74
117.09
117.44
117.78
118.12
118.46
118.8
119.15
119.5
119.83
120.18
120.53
120.86
121.21
121.54
121.86
122.17
122.49
122.83
123.18
123.53
123.9
124.25
124.59
124.95
125.29
125.63
125.99
126.32
126.66
126.99
127.33
127.68
128.03
128.37
128.73
129.08
129.48
129.88
130.27
130.64
131.03
131.43
131.83
132.25
132.65
133.03
133.41
133.8
134.19
134.6
134.97
135.36
135.76
136.14
136.5
136.86
137.21
137.57
137.95
138.3
138.68
139.08
139.45
139.83
140.2
140.59
140.97
141.34
141.69
142.06
142.45
142.82
143.22
143.59
143.96
144.34
144.71
145.08
145.46
145.83
146.2
146.58
146.95
147.31
147.67
148.02
148.41
148.78
149.14
149.52
149.89
150.24
150.62
150.98
151.34
151.71
152.06
152.43
152.8
153.18
153.54
153.9
154.26
154.61
154.96
155.31
155.67
156.03
156.39
156.75
157.13
157.54
157.97
158.38
158.78
159.16
159.57
159.97
160.38
160.78
161.19
161.62
162.03
162.44
162.86
163.27
163.69
164.12
164.54
164.95
165.39
165.81
166.23
166.63
167.01
167.39
167.76
168.13
168.49
168.84
169.2
169.56
169.91
170.28
170.66
171.06
171.44
171.8
172.22
172.64
173.06
173.58
174.16
174.81
175.59
176.33
177.18
178.1
178.93
179.81
180.68
181.56
182.33
183.16
183.93
184.79
185.59
186.44
187.31
188.23
189.0
189.82
190.62
191.44
192.2
193.01
193.81
194.65
195.44
196.21
196.98
197.69
198.36
199.02
199.71
200.38
201.01
201.68
202.33
203.06
203.72
204.44
205.12
205.82
206.59
207.38
208.15
208.91
209.71
210.51
211.22
212.01
212.74
213.54
214.38
215.2
216.08
216.88
217.74
218.51
219.32
220.12
220.85
221.56
222.28
222.99
223.71
224.46
225.18
225.96
226.71
227.42
228.2
228.95
229.64
230.39
231.08
231.78
232.45
233.14
233.83
234.53
235.18
235.89
236.52
237.19
237.84
238.53
239.2
239.94
240.7
241.48
242.2
242.93
243.67
244.4
245.13
245.89
246.67
247.39
248.13
248.88
249.6
250.34
251.08
251.85
252.61
253.37
254.06
254.79
255.62
256.47
257.26
258.12
259.02
259.95
260.8
261.68
262.58
263.44
264.31
265.21
266.12
266.95
267.85
268.71
269.66
270.6
271.51
272.37
273.28
274.14
274.99
275.88
276.71
277.54
278.4
279.23
280.05
280.87
281.81
282.73
283.82
284.88
285.81
286.77
287.71
288.63
289.48
290.48
291.4
292.35
293.15
293.98
294.89
295.78
296.71
297.55
298.41
299.17
299.94
300.65
301.33
302.04
302.72
303.4
304.12
304.79
305.38
306.02
306.6
307.24
307.82
308.46
309.05
