0.28
1.01
1.7
2.44
3.22
3.97
4.75
5.53
6.27
7.05
7.87
8.63
9.43
10.22
11.01
11.76
12.52
13.26
14.04
14.79
15.55
16.33
17.14
17.94
18.68
19.49
20.28
21.02
21.8
22.58
23.37
24.16
24.99
25.69
26.38
27.09
27.8
28.48
29.18
29.88
30.65
31.36
32.12
32.81
33.48
34.18
34.66
35.17
35.68
36.16
36.61
37.05
37.49
37.91
38.37
38.81
39.23
39.66
40.08
40.48
40.9
41.34
41.76
42.2
42.66
43.1
43.56
43.99
44.39
44.81
45.22
45.62
46.02
46.42
46.8
47.2
47.61
48.03
48.44
48.86
49.27
49.67
50.08
50.49
50.91
51.32
51.76
52.2
52.66
53.1
53.5
53.89
54.29
54.68
55.11
55.53
55.94
56.36
56.78
57.19
57.61
58.04
58.46
58.9
59.32
59.75
60.2
60.62
61.02
61.42
61.83
62.24
62.67
63.02
63.37
63.72
64.08
64.43
64.76
65.11
65.45
65.79
66.14
66.48
66.83
67.18
67.53
67.87
68.22
68.58
68.97
69.34
69.71
70.06
70.43
70.81
71.2
71.59
71.97
72.33
72.72
73.13
73.55
73.95
74.38
74.77
75.16
75.55
75.93
76.32
76.7
77.09
77.48
77.85
78.24
78.63
79.02
79.43
79.85
80.26
80.68
81.1
81.54
81.95
82.35
82.74
83.13
83.52
83.93
84.31
84.71
85.11
85.51
85.93
86.36
86.77
87.2
87.61
88.02
88.42
88.81
89.21
89.63
90.02
90.39
90.78
91.17
91.57
91.97
92.39
92.79
93.17
93.6
93.99
94.4
94.84
95.3
95.78
96.24
96.68
97.1
97.55
97.98
98.38
98.8
99.22
99.65
100.07
100.49
100.9
101.34
101.78
102.22
102.67
103.11
103.53
103.98
104.43
104.87
105.3
105.74
106.2
106.66
107.13
107.59
108.05
108.48
108.9
109.32
109.75
110.19
110.6
110.99
111.35
111.73
112.13
112.51
112.88
113.26
113.64
114.02
114.41
114.79
115.17
115.54
115.92
116.3
116.67
117.06
117.43
117.81
118.21
118.57
118.95
119.32
119.69
120.06
120.42
120.78
121.13
121.49
121.85
122.21
122.57
122.93
123.29
123.66
124.01
124.37
124.73
125.09
125.45
125.82
126.17
126.52
126.89
127.24
127.6
127.96
128.3
128.65
129.01
129.35
129.74
130.12
130.49
130.89
131.25
131.63
132.03
132.41
132.77
133.15
133.53
133.91
134.29
134.66
135.03
135.4
135.78
136.14
136.51
136.88
137.24
137.64
138.06
138.51
138.95
139.39
139.81
140.23
140.62
141.01
141.41
141.82
142.22
142.64
143.06
143.47
143.89
144.3
144.73
145.13
145.54
145.93
146.34
146.75
147.14
147.53
147.91
148.31
148.71
149.12
149.54
149.95
150.33
150.73
151.11
151.52
151.91
152.3
152.69
153.06
153.46
153.84
154.23
154.64
155.02
155.4
155.8
156.2
156.58
156.96
157.34
157.73
158.12
158.5
158.89
159.28
159.67
160.06
160.44
160.83
161.22
161.6
161.99
162.37
162.76
163.14
163.54
163.93
164.31
164.7
165.07
165.44
165.83
166.23
166.64
167.05
167.45
167.84
168.23
168.64
169.06
169.47
169.87
170.29
170.73
171.16
171.62
172.06
172.47
172.88
173.3
173.71
174.13
174.52
174.93
175.35
175.74
176.14
176.54
176.96
177.32
177.71
178.07
178.42
178.79
179.16
179.52
179.89
180.27
180.65
181.0
181.38
181.78
182.2
182.6
183.0
183.39
183.78
184.19
184.6
185.0
185.4
185.76
186.14
186.52
186.92
187.34
187.74
188.13
188.52
188.93
189.34
189.73
190.13
190.52
190.89
191.29
191.67
192.06
192.45
192.84
193.21
193.6
193.99
194.38
194.77
195.16
195.56
195.95
196.34
196.77
197.24
197.71
198.17
198.63
199.07
199.53
199.97
200.41
200.89
201.33
201.81
202.27
202.71
203.17
203.65
204.1
204.57
205.03
205.47
205.94
206.37
206.78
207.18
207.59
207.99
208.43
208.93
209.4
209.91
210.45
211.01
211.54
212.03
212.51
212.97
213.45
213.93
214.43
214.9
215.39
215.87
216.32
216.78
217.24
217.7
218.13
218.57
219.02
219.44
219.88
220.34
220.77
221.23
221.7
222.17
222.62
223.06
223.45
223.88
224.27
224.68
225.09
225.51
225.93
226.33
226.71
227.12
227.53
227.92
228.36
228.77
229.18
229.61
230.03
230.46
230.9
231.36
231.8
232.27
232.71
233.17
233.6
234.01
234.45
234.87
235.3
235.74
236.16
236.57
237.01
237.41
237.81
238.22
238.63
239.04
239.47
239.88
240.28
240.69
241.09
241.47
241.88
242.23
242.58
242.92
243.28
243.63
243.97
244.32
244.67
245.01
245.37
245.71
246.06
246.42
246.78
247.11
247.47
247.84
248.24
248.62
249.0
249.36
249.74
250.12
250.5
250.9
251.28
251.64
252.02
252.45
252.87
253.27
253.71
254.1
254.48
254.88
255.26
255.65
256.04
256.43
256.82
257.2
257.61
257.98
258.37
258.76
259.16
259.57
259.97
260.39
260.83
261.25
261.65
262.04
262.44
262.84
263.22
263.6
264.01
264.41
264.8
265.23
265.64
266.06
266.48
266.89
267.3
267.71
268.09
268.49
268.93
269.38
269.85
270.3
270.73
271.14
271.58
272.01
272.39
272.81
273.19
273.6
274.01
274.38
274.74
275.1
275.47
275.88
276.29
276.71
277.13
277.54
277.99
278.4
278.83
279.28
279.71
280.12
280.54
280.97
281.38
281.82
282.24
282.64
283.08
283.51
283.92
284.36
284.8
285.22
285.65
286.06
286.47
286.91
287.33
287.74
288.14
288.56
288.95
289.38
289.82
290.23
290.67
291.1
291.52
291.98
292.44
292.87
293.35
293.84
294.33
294.81
295.27
295.69
296.12
296.52
296.94
297.36
297.81
298.23
298.67
299.09
299.51
299.94
300.42
300.89
301.38
301.86
302.36
302.85
303.33
303.79
304.23
304.71
305.15
305.63
306.07
306.54
306.97
307.39
307.82
308.26
308.7
309.14
309.6
310.04
310.46
310.87
311.28
311.7
312.15
312.58
313.04
313.52
313.98
314.44
314.9
315.35
315.79
316.23
316.7
317.18
317.67
318.16
318.62
319.12
319.58
