3.21
5.52
7.86
10.21
12.51
14.78
17.13
19.49
21.82
24.14
26.51
28.42
30.64
32.99
35.17
37.06
38.36
39.65
40.89
42.19
43.55
44.96
46.4
47.61
48.86
50.08
51.31
52.65
53.89
55.1
56.36
57.6
58.89
60.19
61.42
62.67
63.72
64.76
65.78
66.82
67.86
68.96
70.04
71.19
72.52
73.88
75.15
76.31
77.47
78.63
79.85
81.08
82.34
83.51
84.71
85.92
87.19
88.42
89.66
91.11
92.39
93.6
94.84
96.24
97.55
98.79
100.06
101.33
102.66
103.98
105.29
106.64
108.04
109.4
110.8
112.12
113.25
114.39
115.54
116.67
117.81
118.94
120.05
121.12
122.2
123.28
124.36
125.44
126.52
127.59
128.64
129.73
130.87
131.89
132.96
134.1
135.21
136.32
137.42
138.6
139.8
141.01
142.21
143.46
144.72
145.92
147.13
148.3
149.54
150.73
151.9
153.05
154.23
155.4
156.58
157.72
158.88
160.05
161.22
162.36
163.53
164.69
165.82
167.04
168.22
169.46
170.72
172.04
173.29
174.51
175.73
176.94
178.23
180.26
182.59
184.99
187.34
189.72
192.05
194.38
196.74
199.62
202.65
205.4
207.98
210.83
213.87
216.75
219.43
222.16
224.66
227.11
229.32
231.62
234.0
236.57
239.0
241.3
243.27
245.36
247.46
249.73
252.01
254.47
256.81
259.15
261.64
264.0
266.47
268.92
271.57
274.02
276.7
279.28
281.82
284.35
286.9
289.37
291.97
294.71
297.34
299.94
303.14
306.28
309.09
311.68
314.49
317.66
