0.44
1.04
1.64
2.21
2.81
3.41
4.06
4.7
5.3
5.93
6.59
7.2
7.72
8.3
8.82
9.42
9.98
10.63
11.28
11.92
12.55
13.15
13.76
14.38
15.0
15.58
16.2
16.79
17.34
17.93
18.57
19.26
19.89
20.52
21.2
21.81
22.47
23.09
23.76
24.4
25.01
25.66
26.28
26.89
27.53
28.16
28.85
29.46
30.15
30.83
31.51
32.2
32.93
33.57
34.13
34.73
35.27
35.85
36.42
37.03
37.61
38.17
38.8
39.39
40.01
40.64
41.31
41.95
42.55
43.21
43.78
44.41
45.01
45.59
46.2
46.79
47.38
48.0
48.57
49.11
49.66
50.18
50.72
51.29
51.86
52.43
53.01
53.61
54.17
54.74
55.33
55.95
56.53
57.08
57.64
58.2
58.78
59.33
59.92
60.51
61.11
61.71
62.23
62.74
63.28
63.86
64.49
65.13
65.72
66.34
66.99
67.59
68.21
68.85
69.44
70.02
70.64
71.29
71.91
72.52
73.12
73.75
74.41
75.04
75.64
76.28
76.98
77.62
78.27
78.95
79.59
80.2
80.84
81.52
82.18
82.8
83.45
84.08
84.65
85.2
85.78
86.32
86.86
87.38
87.96
88.59
89.25
89.88
90.54
91.23
91.89
92.52
93.13
93.73
94.29
94.87
95.48
96.04
96.64
97.27
97.86
98.5
99.1
99.68
100.3
100.91
101.47
102.09
102.66
103.22
103.8
104.4
105.05
105.67
106.33
106.96
107.51
108.08
108.66
109.19
109.75
110.33
110.92
111.55
112.12
112.73
113.35
113.93
114.54
115.14
115.67
116.23
116.79
117.33
117.89
118.44
119.03
119.57
120.14
120.74
121.27
121.79
122.3
122.83
123.41
123.96
124.48
125.03
125.58
126.14
126.71
127.22
127.76
128.33
128.83
129.39
129.89
130.44
130.97
131.58
132.16
132.71
133.36
133.97
134.57
135.21
135.81
136.43
137.08
137.67
138.32
138.92
139.55
140.15
