0.45
1.04
1.61
2.22
2.8
3.39
4.08
4.74
5.33
5.95
6.55
7.13
7.73
8.34
8.92
9.55
10.14
10.75
11.36
12.03
12.64
13.31
13.89
14.51
15.08
15.69
16.29
16.92
17.59
18.25
18.87
19.51
20.19
20.8
21.45
22.11
22.73
23.36
24.02
24.64
25.24
25.84
26.47
27.09
27.69
28.28
28.99
29.74
30.44
31.09
31.79
32.48
33.1
33.73
34.4
35.04
35.68
36.29
36.94
37.6
38.21
38.85
39.46
40.12
40.73
41.35
41.98
42.64
43.25
43.88
44.48
45.12
45.71
46.34
46.93
47.52
48.07
48.65
49.25
49.87
50.52
51.14
51.73
52.36
53.02
53.7
54.32
54.99
55.74
56.47
57.17
57.93
58.73
59.47
60.18
60.83
61.53
62.24
62.92
63.61
64.41
65.14
65.95
66.7
67.43
68.2
68.93
69.64
70.33
71.05
71.79
72.46
73.16
73.86
74.52
75.18
75.83
76.47
77.09
77.73
78.4
79.05
79.73
80.36
80.98
81.6
82.2
82.85
83.46
84.04
84.65
85.29
85.87
86.49
87.13
87.85
88.52
89.17
89.84
90.47
91.07
91.71
92.36
93.01
93.64
94.24
94.88
95.53
96.13
96.79
97.45
98.16
98.82
99.48
100.17
100.88
101.58
102.18
102.77
103.4
104.05
104.8
105.5
106.28
106.99
107.75
108.54
109.26
110.03
110.71
111.46
112.17
112.79
113.46
114.09
114.71
115.35
116.01
116.65
117.31
117.97
118.58
119.24
119.94
120.6
121.23
121.9
122.55
123.21
123.81
124.46
125.08
125.7
126.36
126.98
127.59
128.25
128.87
129.54
130.18
130.8
131.45
132.07
132.71
133.43
134.11
134.83
135.53
136.21
136.95
137.64
138.3
138.94
139.56
140.17
140.83
141.45
142.07
142.7
143.34
144.01
144.63
145.29
145.93
146.57
147.18
147.82
148.47
149.13
149.74
