0.38
0.98
1.58
2.21
2.81
3.4
4.03
4.7
5.33
5.95
6.62
7.23
7.82
8.44
9.09
9.7
10.3
10.95
11.59
12.27
12.93
13.55
14.23
14.85
15.48
16.12
16.79
17.42
18.06
18.69
19.4
20.11
20.77
21.47
22.13
22.84
23.46
24.16
24.78
25.47
26.1
26.8
27.42
28.04
28.64
29.24
29.88
30.48
31.13
31.75
32.34
32.98
33.51
34.06
34.62
35.18
35.76
36.44
37.1
37.76
38.35
38.96
39.58
40.19
40.79
41.41
42.02
42.71
43.39
44.1
44.73
45.4
46.1
46.72
47.35
48.0
48.65
49.33
49.99
50.65
51.3
51.86
52.43
53.04
53.59
54.17
54.81
55.39
56.0
56.61
57.25
57.83
58.45
59.1
59.78
60.41
61.04
61.66
62.29
62.96
63.66
64.3
65.05
65.74
66.49
67.17
67.89
68.54
69.2
69.89
70.56
71.19
71.85
72.48
73.17
73.82
74.46
75.08
75.76
76.38
77.03
77.63
78.27
78.94
79.64
80.33
81.03
81.74
82.38
83.04
83.72
84.41
85.1
85.74
86.39
87.04
87.63
88.25
88.86
89.48
90.06
90.7
91.37
92.01
92.68
93.35
94.02
94.72
95.38
96.06
96.68
97.32
97.96
98.63
99.24
99.83
100.44
101.07
101.8
102.5
103.26
103.97
104.58
105.19
105.81
106.48
107.15
107.84
108.54
109.19
109.89
110.54
111.19
111.91
112.58
113.17
113.77
114.34
114.93
115.52
116.12
116.73
117.34
117.97
118.61
119.23
119.84
120.43
121.04
121.67
122.23
122.75
123.32
123.85
124.4
124.95
125.51
126.11
126.69
127.3
127.95
128.57
129.23
129.87
130.48
131.15
131.77
132.43
133.07
133.71
134.32
134.98
135.63
136.34
136.98
137.75
138.52
139.23
140.01
140.75
141.58
142.38
143.14
143.98
144.74
145.54
