0.43
1.04
1.64
2.27
2.91
3.5
4.1
4.73
5.33
5.92
6.55
7.15
7.72
8.33
8.99
9.66
10.28
10.95
11.49
12.0
12.55
13.09
13.63
14.18
14.77
15.38
15.96
16.52
17.12
17.68
18.26
18.91
19.57
20.18
20.83
21.47
22.13
22.73
23.27
23.8
24.36
24.96
25.54
26.13
26.75
27.36
27.96
28.57
29.2
29.83
30.46
31.08
31.7
32.29
32.93
33.51
34.14
34.75
35.38
36.04
36.64
37.23
37.84
38.46
39.17
39.89
40.62
41.29
42.01
42.77
43.49
44.2
44.79
45.35
45.96
46.54
47.13
47.73
48.28
48.89
49.45
50.05
50.62
51.17
51.73
52.31
52.89
53.45
54.03
54.62
55.19
55.75
56.33
56.86
57.38
57.91
58.42
58.96
59.51
60.05
60.61
61.2
61.77
62.32
62.88
63.47
64.05
64.64
65.22
65.76
66.31
66.87
67.52
68.13
68.79
69.4
70.04
70.68
71.37
71.99
72.65
73.21
73.8
74.38
74.98
75.56
76.12
76.7
77.27
77.86
78.56
79.22
79.93
80.62
81.28
81.96
82.68
83.32
83.98
84.58
85.19
85.76
86.36
86.91
87.5
88.06
88.65
89.22
89.82
90.43
91.0
91.61
92.19
92.8
93.39
94.04
94.64
95.28
95.89
96.49
97.14
97.8
98.51
99.18
99.87
100.48
101.08
101.71
102.37
102.97
103.62
104.25
104.84
105.46
106.11
106.7
107.32
107.95
108.59
109.17
109.79
110.39
110.99
111.57
112.17
112.77
113.38
114.02
114.6
115.23
115.85
116.46
117.04
117.66
118.3
118.93
119.51
120.08
120.68
121.27
121.87
122.43
122.97
123.52
124.09
124.63
125.21
125.78
126.32
126.9
127.45
127.98
128.52
129.03
129.51
130.03
130.55
130.97
131.39
131.82
132.26
132.7
133.12
133.56
133.98
134.4
134.87
135.3
135.77
136.22
136.65
137.1
137.55
138.02
138.45
138.92
139.35
139.8
140.25
