0.32
0.79
1.3
1.82
2.31
2.8
3.29
3.77
4.29
4.77
5.27
5.76
6.26
6.75
7.24
7.74
8.25
8.73
9.24
9.72
10.23
10.7
11.22
11.7
12.15
12.64
13.1
13.56
14.03
14.59
15.1
15.65
16.2
16.68
17.18
17.68
18.18
18.7
19.2
19.7
20.17
20.66
21.14
21.6
22.12
22.63
23.15
23.65
24.19
24.71
25.28
25.79
26.34
26.88
27.43
27.95
28.5
29.03
29.56
30.1
30.63
31.2
31.73
32.29
32.84
33.39
33.98
34.52
35.05
35.62
36.15
36.68
37.23
37.77
38.28
38.81
39.36
39.91
40.46
41.0
41.63
42.21
42.85
43.46
44.0
44.57
45.12
45.68
46.24
46.81
47.36
47.95
48.49
49.07
49.64
50.2
50.73
51.3
51.86
52.47
53.05
53.62
54.17
54.73
55.28
55.82
56.36
56.87
57.4
57.93
58.46
58.98
59.51
60.06
60.59
61.12
61.65
62.16
62.7
63.27
63.86
64.42
64.96
65.51
66.03
66.54
67.07
67.64
68.17
68.72
69.23
69.79
70.33
70.85
71.36
71.88
72.41
72.96
73.51
74.08
74.6
75.15
75.68
76.21
76.75
77.28
77.81
78.32
78.84
79.36
79.9
80.45
81.01
81.54
82.12
82.67
83.2
83.74
84.3
84.86
85.39
85.95
86.48
87.05
87.6
88.13
88.7
89.24
89.77
90.3
90.86
91.43
91.99
92.53
93.09
93.65
94.15
94.69
95.23
95.77
96.36
96.9
97.49
98.05
98.62
99.17
99.74
100.3
100.87
101.4
101.96
102.54
103.09
103.65
104.19
104.74
105.34
105.91
106.46
107.02
107.61
108.16
108.76
109.37
109.99
110.56
111.11
111.65
112.2
112.76
113.34
113.89
114.46
115.0
115.57
116.14
116.73
117.33
117.94
118.53
119.07
119.64
120.19
120.76
121.33
121.87
122.39
122.91
123.44
123.97
124.51
125.06
125.59
126.11
126.63
127.15
127.66
128.19
128.73
129.27
129.84
130.39
130.94
131.48
131.99
132.48
133.0
133.55
134.08
134.65
135.22
135.81
136.4
136.98
137.53
138.12
138.64
139.2
139.73
140.24
140.78
141.31
141.87
142.43
142.99
143.51
144.07
144.65
145.27
145.83
146.45
147.0
147.59
148.14
148.7
149.25
149.78
150.32
150.87
151.4
151.94
152.47
153.01
153.55
154.09
154.62
155.18
155.72
156.26
156.77
157.29
157.86
158.39
158.95
159.52
160.07
160.64
161.23
161.79
162.34
162.89
163.46
164.01
164.55
165.1
165.65
166.18
166.67
167.2
167.72
168.24
168.75
169.27
169.8
170.32
170.85
171.37
171.89
172.39
172.93
173.43
173.95
174.49
175.01
175.53
176.05
176.58
177.1
177.63
178.19
178.7
179.23
179.74
180.27
180.82
181.35
181.89
182.43
183.01
183.53
184.11
184.66
185.18
185.74
186.31
186.83
187.37
187.87
188.42
188.95
189.46
190.01
190.55
191.08
191.58
192.11
192.66
193.17
193.68
194.17
194.69
195.2
195.7
196.21
196.69
197.19
197.68
198.2
198.69
199.19
199.74
200.23
200.8
201.32
201.86
202.39
202.96
203.48
204.03
204.58
205.14
205.66
206.21
206.78
207.34
207.89
208.42
208.98
209.49
210.05
210.56
211.09
211.65
212.18
212.72
213.25
213.83
214.38
214.95
215.48
216.05
216.58
217.1
217.64
218.17
218.7
219.29
219.89
220.47
221.01
221.55
222.06
222.62
223.15
223.72
224.25
224.82
225.33
225.87
226.38
226.9
227.39
227.88
228.38
228.91
229.44
229.95
230.44
230.96
231.46
231.97
232.44
232.95
233.44
234.02
234.63
235.2
235.74
236.23
236.77
237.27
237.77
238.24
238.74
239.25
239.77
240.29
240.83
241.35
241.87
242.37
242.89
243.41
243.93
244.44
244.96
245.49
246.02
246.59
247.11
247.64
248.2
248.75
249.28
249.83
250.37
250.89
251.41
251.95
252.52
253.04
253.57
254.11
254.67
255.22
255.76
256.29
256.81
257.33
257.87
258.38
258.9
259.43
259.93
260.49
261.04
261.58
262.1
262.63
263.18
263.75
264.31
264.86
265.42
265.95
266.52
267.05
267.6
268.18
268.72
269.27
269.81
270.35
270.87
271.39
271.92
272.48
272.95
273.44
273.9
274.39
274.86
275.33
275.79
276.25
276.72
277.19
277.66
278.14
278.62
279.11
279.6
280.14
280.65
281.16
281.65
282.15
282.67
283.17
283.68
284.22
284.7
285.22
285.74
286.26
286.75
287.25
287.76
288.3
288.85
289.41
289.93
290.48
291.0
291.52
292.04
292.61
293.13
293.67
294.22
294.74
295.28
295.82
296.33
296.89
297.42
297.93
298.45
299.0
299.51
300.06
300.59
301.13
301.66
302.19
302.73
303.29
303.81
304.37
304.89
305.44
305.98
306.52
307.04
307.56
308.11
308.63
309.15
309.69
310.22
310.78
311.32
311.85
312.38
312.94
313.49
314.02
314.55
315.08
315.63
316.16
316.69
317.24
317.77
318.3
318.82
319.34
319.88
320.41
320.91
321.43
321.95
322.49
323.03
323.59
324.12
324.65
325.19
325.73
326.27
