2.3
4.29
6.26
8.25
10.23
12.14
14.0
15.74
17.68
19.71
21.86
23.91
26.06
28.21
30.36
32.56
34.79
36.96
39.08
41.26
43.45
45.68
47.94
50.2
52.49
54.73
56.87
58.98
61.11
63.27
65.5
67.64
69.79
71.88
74.09
76.21
78.32
80.45
82.67
84.86
87.04
89.24
91.42
93.64
95.77
98.04
100.3
102.53
104.75
107.0
109.37
111.64
113.89
116.14
118.53
120.76
122.91
125.06
127.14
129.27
131.48
133.55
135.8
138.1
140.24
142.42
144.64
147.0
149.25
151.4
153.55
155.71
157.86
160.06
162.34
164.55
166.66
168.75
170.84
172.93
175.0
177.09
179.23
181.35
183.53
185.74
187.86
190.0
192.11
194.17
196.2
198.19
200.23
202.39
204.58
206.77
208.98
211.08
213.24
215.47
217.64
219.89
222.05
224.24
226.37
228.38
230.44
232.43
234.4
236.3
238.21
240.1
242.11
244.17
246.17
248.19
250.36
252.52
254.66
256.81
258.89
261.03
263.17
265.41
267.59
269.8
271.91
273.89
275.78
277.65
279.58
281.49
283.54
285.59
287.74
289.92
292.03
294.21
296.32
298.45
300.59
302.73
304.87
307.03
309.14
311.31
313.48
315.62
317.77
319.87
321.94
324.11
326.25
