2.38
4.32
6.29
8.2
10.1
12.0
13.95
15.89
17.71
19.49
21.35
23.24
25.07
26.91
28.72
30.5
32.18
34.03
35.92
37.74
39.63
41.58
43.56
45.47
47.42
49.33
51.15
53.0
54.79
56.6
58.36
60.14
61.95
63.9
65.86
67.8
69.76
71.67
73.56
75.56
77.57
79.62
81.55
83.57
85.58
87.64
89.58
91.53
93.47
95.37
97.41
99.36
101.17
103.07
105.08
107.13
109.1
111.2
113.1
115.05
116.99
118.91
120.79
122.67
124.7
126.68
128.71
130.73
132.82
134.96
137.01
139.05
141.08
143.17
145.34
147.64
150.19
152.65
154.83
156.96
158.77
160.65
162.58
164.57
166.51
168.54
170.79
172.84
174.79
176.82
178.77
180.73
182.57
184.38
186.2
188.07
190.01
191.84
193.58
195.41
197.34
199.36
201.48
203.57
205.77
207.94
210.12
212.18
214.07
216.09
218.23
220.53
222.85
225.04
227.25
229.17
231.18
233.03
234.91
236.77
238.61
240.43
242.2
243.96
245.86
248.05
250.24
252.42
254.51
256.57
258.58
260.37
262.18
264.1
266.04
267.94
269.84
271.73
273.72
275.77
277.82
279.76
281.78
283.79
285.9
287.84
289.85
291.85
293.76
295.76
297.66
299.44
301.27
303.2
305.19
307.23
