0.0
0.48
0.96
1.42
1.9
2.39
2.88
3.36
3.85
4.33
4.82
5.31
5.81
6.29
6.76
7.25
7.72
8.2
8.68
9.16
9.63
10.11
10.56
11.04
11.5
12.01
12.48
13.0
13.49
13.98
14.46
14.96
15.43
15.92
16.4
16.89
17.39
17.9
18.38
18.83
19.28
19.74
20.2
20.68
21.14
21.6
22.04
22.52
23.0
23.5
23.97
24.41
24.86
25.31
25.77
26.21
26.67
27.13
27.6
28.03
28.5
28.95
29.39
29.84
30.28
30.73
31.19
31.63
32.09
32.55
32.98
33.45
33.92
34.4
34.86
35.33
35.81
36.27
36.75
37.25
37.73
38.21
38.68
39.16
39.63
40.11
40.6
41.09
41.59
42.08
42.58
43.07
43.56
44.03
44.51
44.99
45.48
45.98
46.46
46.94
47.42
47.92
48.4
48.89
49.4
49.87
50.34
50.79
51.26
51.73
52.21
52.67
53.15
53.61
54.1
54.57
55.04
55.52
56.02
56.48
56.96
57.41
57.88
58.38
58.93
59.42
59.95
60.49
61.0
61.48
61.95
62.43
62.94
63.4
63.91
64.38
64.89
65.39
65.87
66.35
66.84
67.32
67.81
68.3
68.82
69.29
69.76
70.26
70.73
71.2
71.68
72.17
72.63
73.09
73.57
74.06
74.55
75.05
75.56
76.06
76.58
77.07
77.58
78.1
78.62
79.14
79.63
80.1
80.59
81.09
81.57
82.07
82.59
83.07
83.58
84.07
84.54
85.03
85.58
86.1
86.59
87.11
87.65
88.18
88.65
89.13
89.58
90.05
90.54
91.04
91.54
92.03
92.53
93.01
93.48
93.93
94.42
94.87
95.37
95.86
96.37
96.91
97.42
97.89
98.37
98.87
99.36
99.82
100.29
100.72
101.17
101.63
102.1
102.58
103.07
103.56
104.08
104.57
105.08
105.59
106.11
106.61
107.14
107.61
108.11
108.61
109.11
109.63
110.18
110.67
111.21
111.68
112.16
112.64
113.11
113.59
114.07
114.55
115.06
115.55
116.04
116.51
116.99
117.47
117.94
118.43
118.92
119.37
119.84
120.32
120.8
121.27
121.72
122.19
122.67
123.13
123.67
124.17
124.71
125.22
125.67
126.14
126.63
127.08
127.55
128.02
128.5
128.96
129.45
129.9
130.39
130.88
131.39
131.85
132.37
132.83
133.35
133.89
134.42
134.97
135.5
136.01
136.5
137.02
137.52
138.03
138.53
139.05
139.56
140.07
140.57
141.07
141.58
142.1
142.61
143.17
143.7
144.23
144.76
145.34
145.88
146.42
147.05
147.65
148.26
148.89
149.54
150.23
150.86
151.51
152.09
152.66
153.2
153.76
154.31
154.84
155.37
155.91
156.45
156.96
157.48
157.98
158.49
158.99
159.52
160.1
160.65
161.13
161.61
162.09
162.59
163.08
163.59
164.08
164.57
165.05
165.54
166.04
166.52
167.01
167.55
168.03
168.58
169.16
169.7
170.24
170.79
171.31
171.81
172.32
172.85
173.32
173.81
174.29
174.79
175.27
175.79
176.29
176.83
177.32
177.8
178.27
178.78
179.25
179.76
180.25
180.74
181.22
181.65
182.1
182.57
183.02
183.45
183.9
184.38
184.84
185.3
185.74
186.2
186.66
187.14
187.6
188.08
188.56
189.04
189.54
190.02
190.48
190.94
191.38
191.86
192.37
192.94
193.51
194.04
194.63
195.18
195.72
196.25
196.82
197.34
197.82
198.35
198.84
199.37
199.88
200.43
200.92
201.47
201.99
202.51
203.04
203.57
204.11
204.68
205.23
205.77
206.33
206.88
207.4
207.95
208.51
209.07
209.6
210.13
210.64
211.17
211.67
212.19
212.67
213.12
213.6
214.08
214.61
215.1
215.58
216.1
216.58
217.07
217.57
218.01
218.48
218.94
219.41
219.85
220.31
220.77
221.25
221.69
222.15
222.61
223.09
223.54
224.02
224.52
225.03
225.52
225.98
226.47
226.96
227.47
227.97
228.45
228.93
229.41
229.91
230.42
230.94
231.42
231.86
232.33
232.8
233.28
233.73
234.2
234.69
235.15
235.61
236.1
236.55
237.01
237.47
237.92
238.4
238.86
239.32
239.8
240.28
240.78
241.26
241.73
242.16
242.63
243.07
243.51
243.96
244.41
244.87
245.34
245.87
246.4
246.95
247.52
248.06
248.62
249.17
249.71
250.25
250.8
251.35
251.9
252.43
252.94
253.47
253.97
254.51
255.04
255.53
256.07
256.58
257.09
257.64
258.11
258.58
259.05
259.51
259.95
260.38
260.82
261.26
261.71
262.14
262.55
262.98
263.44
263.88
264.31
264.74
265.21
265.66
266.1
266.54
267.03
267.48
267.95
268.44
268.91
269.37
269.84
270.34
270.81
271.27
271.74
272.23
272.73
273.22
273.73
274.24
274.75
275.25
275.78
276.28
276.82
277.33
277.83
278.3
278.81
279.28
279.77
280.28
280.79
281.29
281.79
282.28
282.75
283.26
283.8
284.32
284.83
285.33
285.89
286.42
286.93
287.41
287.87
288.35
288.84
289.35
289.86
290.36
290.86
291.35
291.85
292.32
292.81
293.3
293.78
294.27
294.76
295.28
295.77
296.24
296.71
297.19
297.67
298.15
298.58
298.99
299.42
299.88
300.34
300.8
301.27
301.77
302.25
302.73
303.21
303.69
304.21
304.68
305.2
305.68
306.19
306.7
307.24
307.77
