1.02
2.91
4.83
6.71
8.62
10.53
12.45
14.39
16.26
18.17
20.09
22.03
24.04
26.11
28.16
30.16
32.15
34.17
36.19
38.23
40.25
42.43
44.52
46.64
48.68
50.81
52.84
54.91
56.93
58.97
61.08
63.31
65.35
67.38
69.42
71.42
73.49
75.57
77.68
79.89
82.07
84.21
86.33
88.46
90.5
92.5
94.47
96.45
98.46
100.66
102.83
105.05
107.29
109.51
111.74
114.19
116.33
118.41
120.57
122.69
124.86
127.03
129.13
131.41
133.8
135.98
138.15
140.26
142.52
144.74
146.96
149.13
151.31
153.51
155.91
158.55
160.83
162.93
165.02
167.1
169.15
171.28
173.36
175.49
177.58
179.78
181.99
184.09
186.3
188.49
190.56
192.65
194.74
196.86
199.03
201.21
203.32
205.39
207.42
209.6
211.76
213.97
216.16
218.28
220.36
222.35
224.3
226.28
228.34
230.41
232.37
234.31
236.26
238.18
240.12
242.18
244.2
246.3
248.37
250.39
252.46
254.6
256.66
258.83
261.06
263.16
265.27
267.35
269.33
271.25
273.19
275.16
277.2
279.18
281.19
283.22
285.27
287.37
289.6
291.83
294.01
296.2
298.37
300.5
302.56
304.52
306.47
308.51
310.66
312.8
314.98
317.11
319.21
321.41
323.69
