0.36
0.82
1.28
1.76
2.22
2.67
3.14
3.61
4.09
4.57
5.08
5.56
6.03
6.5
6.96
7.43
7.9
8.39
8.88
9.35
9.84
10.29
10.77
11.28
11.79
12.33
12.86
13.36
13.89
14.42
14.97
15.51
16.01
16.49
16.99
17.47
17.94
18.42
18.88
19.36
19.83
20.33
20.8
21.31
21.78
22.27
22.79
23.28
23.8
24.3
24.77
25.3
25.78
26.26
26.74
27.2
27.68
28.17
28.67
29.17
29.67
30.17
30.67
31.19
31.67
32.15
32.67
33.15
33.68
34.18
34.68
35.2
35.7
36.19
36.7
37.21
37.74
38.23
38.74
39.25
39.75
40.26
40.81
41.36
41.89
42.44
42.95
43.47
44.01
44.53
45.06
45.6
46.13
46.65
47.16
47.65
48.17
48.68
49.22
49.76
50.27
50.81
51.34
51.84
52.34
52.85
53.36
53.91
54.43
54.92
55.43
55.94
56.44
56.93
57.46
57.98
58.47
58.98
59.51
59.99
60.51
61.08
61.68
62.24
62.8
63.32
63.82
64.32
64.85
65.35
65.86
66.36
66.87
67.38
67.9
68.41
68.93
69.43
69.91
70.42
70.91
71.42
71.93
72.43
72.96
73.49
73.99
74.5
75.03
75.57
76.07
76.58
77.13
77.68
78.23
78.76
79.34
79.89
80.44
80.99
81.54
82.07
82.61
83.13
83.67
84.21
84.73
85.26
85.81
86.34
86.88
87.42
87.96
88.46
88.98
89.46
89.98
90.5
91.01
91.5
92.02
92.5
93.0
93.47
93.98
94.48
94.99
95.48
95.95
96.46
96.95
97.44
97.94
98.47
99.02
99.56
100.1
100.66
101.23
101.76
102.28
102.83
103.4
103.95
104.48
105.05
105.65
106.22
106.75
107.3
107.85
108.4
108.95
109.52
110.09
110.63
111.19
111.74
112.36
113.01
113.62
114.2
114.71
115.25
115.79
116.33
116.87
117.38
117.9
118.41
118.94
119.49
120.01
120.58
121.11
121.64
122.17
122.7
123.24
123.77
124.32
124.87
125.41
125.95
126.49
127.04
127.55
128.05
128.6
129.14
129.68
130.26
130.82
131.41
132.01
132.63
133.22
133.8
134.36
134.93
135.46
135.99
136.56
137.08
137.63
138.15
138.7
139.21
139.76
140.26
140.84
141.4
141.96
142.53
143.08
143.63
144.18
144.74
145.3
145.84
146.41
146.96
147.51
148.05
148.6
149.13
149.67
150.22
150.76
151.31
151.88
152.42
152.95
153.51
154.08
154.64
155.29
155.92
156.55
157.19
157.86
158.5
159.13
159.74
160.3
160.83
161.34
161.86
162.41
162.93
163.46
163.98
164.5
165.02
165.55
166.06
166.59
167.1
167.61
168.12
168.65
169.16
169.69
170.21
170.72
171.28
171.8
172.34
172.85
173.37
173.88
174.42
174.95
175.48
176.02
176.56
177.09
177.59
178.13
178.69
179.23
179.79
180.36
180.89
181.45
181.99
182.52
183.05
183.57
184.1
184.66
185.19
185.75
186.31
186.87
187.41
187.94
188.49
189.02
189.54
190.07
190.57
191.1
191.61
192.13
192.66
193.18
193.68
194.2
194.74
195.27
195.79
196.34
196.85
197.38
197.95
198.51
199.04
199.59
200.13
200.69
201.22
201.73
202.25
202.81
203.32
203.86
204.38
204.89
205.39
205.89
206.4
206.91
207.44
207.99
208.52
209.09
209.61
210.17
210.68
211.25
211.77
212.35
212.89
213.44
213.98
214.54
215.07
215.65
216.17
216.73
217.26
217.78
218.29
218.79
219.31
219.86
220.37
220.86
221.35
221.85
222.35
222.84
223.34
223.82
224.31
224.79
225.28
225.78
226.29
226.81
227.31
227.83
228.34
228.88
229.38
229.92
230.44
230.95
231.43
231.89
232.37
232.85
233.35
233.83
234.29
234.77
235.25
235.77
236.26
236.73
237.22
237.69
238.18
238.64
239.14
239.61
240.13
240.6
241.13
241.66
242.19
242.7
243.18
243.69
244.21
244.76
245.27
245.78
246.3
246.84
247.34
247.86
248.38
248.87
249.39
249.89
250.4
250.9
251.41
251.93
252.47
253.0
253.54
254.08
254.6
255.11
255.63
256.16
256.67
257.2
257.75
258.32
258.84
259.4
259.97
260.52
261.06
261.58
262.11
262.64
263.17
263.69
264.22
264.76
265.27
265.79
266.32
266.83
267.35
267.85
268.35
268.84
269.34
269.85
270.39
270.9
271.38
271.89
272.43
272.94
273.41
273.9
274.39
274.9
275.4
275.89
276.4
276.93
277.45
277.96
278.47
279.01
279.58
280.12
280.63
281.18
281.68
282.17
282.7
283.23
283.73
284.23
284.75
285.28
285.78
286.28
286.82
287.38
287.93
288.48
289.06
289.6
290.15
290.72
291.29
291.84
292.36
292.91
293.48
294.02
294.57
295.11
295.67
296.21
296.75
297.31
297.82
298.37
298.9
299.43
299.98
300.5
301.03
301.57
302.08
302.56
303.05
303.52
304.03
304.52
305.01
305.5
305.98
306.48
306.98
307.51
308.03
308.52
309.07
309.61
310.12
310.66
311.22
311.73
312.27
312.81
313.35
313.91
314.44
314.99
315.53
316.05
316.57
317.11
317.63
318.15
318.68
319.22
319.77
320.3
320.86
321.42
321.98
322.5
323.08
323.7
324.3
324.87
325.48
326.08
326.7
327.3
327.87
328.5
