2.36
4.39
6.43
8.44
10.45
12.37
14.14
15.89
17.77
19.75
21.68
23.66
25.64
27.66
29.69
31.61
33.58
35.3
37.18
39.19
41.22
43.35
45.35
47.28
49.19
51.14
53.16
55.09
57.0
58.89
60.97
63.13
65.12
67.17
69.19
71.28
73.35
75.39
77.57
79.62
81.69
83.64
85.64
87.6
89.61
91.67
93.67
95.8
97.85
99.88
101.92
103.96
106.04
108.25
110.46
112.87
114.88
116.87
118.88
120.87
122.86
124.92
126.99
129.25
131.55
133.84
136.4
138.69
140.89
143.01
145.16
147.34
149.6
151.92
154.27
156.86
159.37
161.7
163.96
165.98
168.04
170.12
172.19
174.25
176.36
178.46
180.51
182.46
184.43
186.44
188.44
190.4
192.45
194.63
196.97
199.32
201.92
204.61
207.25
209.66
212.17
214.58
216.76
218.98
221.16
223.25
225.2
227.28
229.37
231.47
233.44
235.42
237.39
239.38
241.29
243.29
245.29
247.29
249.31
251.27
253.43
255.51
257.63
259.75
261.88
264.07
266.22
268.3
270.31
272.18
274.12
276.09
278.12
280.17
282.36
284.46
286.55
288.65
290.84
292.91
294.92
296.97
299.04
301.1
303.18
305.26
307.31
309.5
311.63
313.7
315.77
317.87
319.9
322.06
324.23
326.46
