0.0
0.51
1.05
1.57
2.11
2.65
3.14
3.66
4.15
4.65
5.17
5.68
6.19
6.7
7.17
7.67
8.19
8.7
9.2
9.69
10.19
10.68
11.18
11.67
12.12
12.59
13.03
13.51
13.97
14.41
14.87
15.35
15.83
16.31
16.8
17.28
17.78
18.29
18.76
19.27
19.75
20.27
20.76
21.21
21.69
22.15
22.64
23.15
23.66
24.18
24.65
25.16
25.65
26.18
26.66
27.19
27.67
28.21
28.69
29.22
29.7
30.19
30.67
31.15
31.62
32.1
32.61
33.1
33.59
34.11
34.64
35.21
35.72
36.2
36.69
37.19
37.69
38.19
38.68
39.2
39.73
40.23
40.72
41.23
41.75
42.31
42.84
43.36
43.87
44.38
44.85
45.36
45.83
46.33
46.79
47.28
47.75
48.24
48.71
49.2
49.69
50.16
50.63
51.15
51.68
52.16
52.7
53.16
53.66
54.16
54.62
55.1
55.57
56.05
56.52
56.99
57.44
57.91
58.39
58.9
59.39
59.87
60.41
60.99
61.54
62.08
62.62
63.13
63.63
64.12
64.6
65.12
65.62
66.14
66.66
67.18
67.69
68.19
68.69
69.19
69.68
70.18
70.73
71.29
71.82
72.34
72.86
73.35
73.85
74.36
74.9
75.45
76.03
76.55
77.06
77.58
78.1
78.63
79.13
79.63
80.13
80.65
81.18
81.69
82.17
82.65
83.14
83.65
84.17
84.67
85.19
85.65
86.14
86.61
87.09
87.6
88.12
88.62
89.13
89.62
90.12
90.63
91.18
91.68
92.19
92.67
93.19
93.68
94.2
94.72
95.25
95.8
96.32
96.81
97.33
97.86
98.39
98.9
99.38
99.89
100.42
100.93
101.43
101.93
102.46
102.97
103.46
103.97
104.52
105.03
105.54
106.05
106.6
107.17
107.71
108.25
108.84
109.37
109.93
110.47
111.05
111.72
112.36
112.88
113.39
113.88
114.37
114.89
115.38
115.89
116.38
116.88
117.38
117.85
118.36
118.89
119.38
119.89
120.39
120.88
121.36
121.87
122.36
122.87
123.38
123.89
124.4
124.93
125.42
125.9
126.44
127.0
127.55
128.13
128.69
129.26
129.84
130.42
130.96
131.56
132.12
132.72
133.26
133.79
134.31
134.81
135.34
135.86
136.42
137.02
137.58
138.13
138.7
139.25
139.79
140.35
140.9
141.43
141.96
142.48
143.01
143.55
144.07
144.62
145.16
145.71
146.25
146.8
147.35
147.89
148.44
149.03
149.61
150.2
150.76
151.35
151.93
152.54
153.14
153.7
154.29
154.92
155.57
156.2
156.87
157.48
158.15
158.79
159.38
159.95
160.55
161.15
161.71
162.29
162.85
163.43
163.97
164.49
165.0
165.48
165.99
166.51
167.01
167.53
168.04
168.57
169.09
169.59
170.13
170.66
171.18
171.69
172.19
172.7
173.21
173.74
174.26
174.78
175.33
175.84
176.37
176.92
177.43
177.97
178.47
178.98
179.48
179.99
180.51
181.01
181.49
181.97
182.47
182.97
183.45
183.94
184.44
184.95
185.45
185.94
186.45
186.96
187.44
187.95
188.45
188.95
189.43
189.93
190.41
190.9
191.4
191.92
192.46
192.96
193.48
194.09
194.64
195.25
195.8
196.38
196.98
197.56
198.12
198.74
199.33
199.97
200.59
201.21
201.92
202.55
203.25
203.91
204.5
205.05
205.66
206.22
206.8
207.37
207.95
208.56
209.11
209.67
210.26
210.9
211.56
212.17
212.75
213.38
213.97
214.59
215.28
215.98
216.66
217.27
217.94
218.47
219.0
219.53
220.07
220.63
221.17
221.7
222.23
222.75
223.26
223.79
224.26
224.74
225.21
225.71
226.24
226.78
227.29
227.79
228.33
228.85
229.37
229.89
230.42
230.9
231.44
231.92
232.45
232.92
233.45
233.93
234.43
234.93
235.43
235.93
236.42
236.94
237.4
237.9
238.38
238.88
239.39
239.85
240.35
240.81
241.29
241.82
242.34
242.83
243.3
243.81
244.31
244.83
245.3
245.81
246.3
246.81
247.3
247.82
248.31
248.81
249.32
249.81
250.31
250.77
251.27
251.79
252.35
252.89
253.43
253.95
254.46
254.97
255.51
256.03
256.56
257.08
257.63
258.19
258.7
259.24
259.78
260.29
260.82
261.37
261.89
262.43
262.95
263.53
264.08
264.64
265.17
265.7
266.23
266.78
267.28
267.8
268.31
268.84
269.34
269.86
270.37
270.87
271.39
271.94
272.42
272.91
273.4
273.88
274.38
274.87
275.35
275.84
276.34
276.84
277.32
277.78
278.26
278.75
279.25
279.77
280.26
280.8
281.32
281.86
282.37
282.92
283.43
283.95
284.47
284.98
285.5
286.03
286.56
287.07
287.6
288.14
288.66
289.21
289.76
290.31
290.85
291.37
291.9
292.43
292.92
293.42
293.92
294.42
294.93
295.44
295.95
296.47
296.98
297.5
298.0
298.53
299.04
299.56
300.07
300.6
301.1
301.61
302.14
302.68
303.19
303.71
304.22
304.75
305.27
305.79
306.3
306.79
307.32
307.84
308.4
308.93
309.51
310.06
310.58
311.12
311.64
312.2
312.71
313.23
313.71
314.23
314.73
315.27
315.78
316.34
316.85
317.37
317.88
318.38
318.88
319.39
319.91
320.46
321.0
321.53
322.07
322.63
323.14
323.69
324.24
324.82
325.48
326.12
326.77
