0.37
0.85
1.3
1.76
2.22
2.68
3.14
3.6
4.07
4.55
5.01
5.48
5.94
6.4
6.88
7.34
7.83
8.27
8.75
9.18
9.63
10.06
10.51
10.94
11.37
11.83
12.25
12.69
13.13
13.58
14.04
14.5
14.97
15.44
15.88
16.35
16.81
17.3
17.77
18.27
18.75
19.24
19.73
20.23
20.75
21.28
21.78
22.25
22.75
23.22
23.72
24.2
24.69
25.15
25.64
26.13
26.65
27.12
27.61
28.11
28.6
29.09
29.56
30.05
30.56
31.03
31.55
32.04
32.53
33.01
33.48
33.98
34.47
34.95
35.42
35.9
36.38
36.88
37.35
37.83
38.26
38.73
39.18
39.63
40.06
40.58
41.06
41.54
42.02
42.49
42.98
43.45
43.93
44.39
44.88
45.36
45.84
46.32
46.79
47.26
47.71
48.16
48.61
49.06
49.51
49.97
50.45
50.91
51.37
51.83
52.27
52.75
53.23
53.69
54.19
54.66
55.15
55.61
56.09
56.57
57.07
57.54
58.05
58.52
59.01
59.53
60.0
60.48
60.98
61.46
61.97
62.46
62.95
63.48
63.99
64.51
64.98
65.47
65.95
66.44
66.95
67.47
67.94
68.44
68.89
69.36
69.85
70.3
70.81
71.3
71.77
72.26
72.77
73.3
73.82
74.32
74.82
75.33
75.83
76.36
76.88
77.37
77.86
78.34
78.84
79.31
79.78
80.24
80.74
81.21
81.71
82.18
82.69
83.21
83.73
84.22
84.74
85.27
85.78
86.27
86.75
87.25
87.78
88.26
88.77
89.31
89.85
90.39
90.95
91.49
91.99
92.5
93.03
93.59
94.11
94.63
95.14
95.65
96.17
96.68
97.16
97.65
98.17
98.7
99.19
99.71
100.23
100.7
101.19
101.68
102.2
102.71
103.22
103.75
104.25
104.76
105.24
105.76
106.29
106.86
107.38
107.93
108.44
108.94
109.41
109.89
110.36
110.84
111.32
111.78
112.26
112.75
113.23
113.72
114.2
114.67
115.14
115.6
116.07
116.53
117.01
117.48
117.94
118.43
118.89
119.35
119.82
120.29
120.78
121.25
121.7
122.21
122.69
123.2
123.7
124.25
124.75
125.28
125.76
126.28
126.77
127.25
127.74
128.19
128.68
129.13
129.6
130.07
130.56
131.01
131.5
132.01
132.52
133.02
133.49
134.0
134.49
134.99
135.5
135.99
136.47
136.97
137.47
137.96
138.46
138.95
139.43
139.92
140.4
140.91
141.4
141.91
142.43
142.97
143.5
144.09
144.72
145.31
145.85
146.41
146.93
147.49
148.0
148.55
149.05
149.57
150.09
150.61
151.13
151.64
152.15
152.66
153.18
153.67
154.14
154.62
155.1
155.58
156.05
156.51
156.98
157.46
157.92
158.38
158.85
159.32
159.8
160.27
160.77
161.24
161.71
162.18
162.67
163.13
163.61
164.08
164.57
165.03
165.53
165.99
166.48
166.97
167.46
167.94
168.41
168.9
169.38
169.84
170.3
170.78
171.25
171.72
172.2
172.73
173.23
173.73
174.19
174.68
175.15
175.62
176.09
176.57
177.05
177.5
177.97
178.45
178.93
179.37
179.83
180.3
180.76
181.22
181.7
182.22
182.7
183.19
183.72
184.22
184.77
185.26
185.79
186.35
186.87
187.37
187.88
188.4
188.91
189.41
189.88
190.34
190.81
191.28
191.76
192.26
192.77
193.25
193.78
194.27
194.77
195.28
195.8
196.3
196.83
197.34
197.83
198.32
198.81
199.29
199.77
200.24
200.69
201.16
201.65
202.12
202.59
203.04
203.54
204.03
204.52
205.0
205.48
205.95
206.41
206.9
207.39
207.93
208.46
208.97
209.48
209.97
210.44
210.95
211.42
211.93
212.37
212.84
213.29
213.75
214.21
214.69
215.13
215.61
216.07
216.51
216.97
217.47
217.95
218.43
218.89
219.37
219.87
220.36
220.89
221.38
221.87
222.37
222.86
223.38
223.9
224.44
224.94
225.41
225.92
226.39
226.89
227.38
227.88
228.34
228.84
229.32
229.83
230.31
230.79
231.26
231.75
232.23
232.7
233.15
233.63
234.11
234.59
235.07
235.55
236.01
236.44
236.91
237.35
237.79
238.24
238.69
239.18
239.65
240.1
240.58
241.11
241.65
242.19
242.72
243.24
243.78
244.29
244.81
245.34
245.86
246.36
246.88
247.4
247.93
248.44
248.94
249.45
249.97
250.48
250.96
251.49
251.96
252.46
252.97
253.44
253.88
254.35
254.79
255.24
255.68
256.15
256.6
257.07
257.51
257.98
258.47
258.92
259.41
259.88
260.33
260.8
261.29
261.75
262.24
262.75
263.22
263.7
264.2
264.69
265.15
265.63
266.15
266.64
267.11
267.59
268.08
268.57
269.07
269.6
270.09
270.58
271.06
271.57
272.05
272.52
272.98
273.44
273.91
274.38
274.86
275.32
275.78
276.29
276.8
277.3
277.8
278.31
278.83
279.33
279.8
280.29
280.81
281.29
281.8
282.33
282.86
283.37
283.89
284.43
284.93
285.46
285.98
286.52
287.07
287.6
288.11
288.6
289.12
289.6
290.07
290.56
291.06
291.54
292.03
292.53
293.03
293.52
293.99
294.47
294.94
295.41
295.89
296.4
296.87
297.4
297.91
298.42
298.94
299.44
299.98
300.48
301.05
301.57
302.13
302.67
303.21
