1.75
3.59
5.48
7.34
9.17
10.93
12.68
14.5
16.34
18.26
20.22
22.25
24.19
26.12
28.11
30.04
32.03
33.98
35.88
37.83
40.05
42.01
43.92
45.83
47.71
49.5
51.36
53.22
55.14
57.06
59.02
60.97
62.95
64.97
66.89
68.73
70.53
72.36
74.31
76.35
78.33
80.24
82.17
84.2
86.27
88.16
89.94
91.74
93.59
95.64
97.65
99.7
101.67
103.75
105.75
107.92
109.89
111.78
113.72
115.6
117.47
119.35
121.26
123.19
125.27
127.24
129.12
131.0
133.01
134.98
136.96
138.95
140.91
142.97
145.3
147.64
149.82
151.9
153.9
155.8
157.68
159.47
161.24
163.12
165.03
166.96
168.89
170.77
172.72
174.67
176.56
178.45
180.3
182.22
184.22
186.35
188.4
190.33
192.26
194.27
196.29
198.32
200.19
201.95
203.81
205.71
207.59
209.47
211.42
213.53
215.73
217.95
220.08
222.11
224.17
226.39
228.33
230.31
232.22
234.1
236.03
238.03
240.05
242.19
244.29
246.35
248.44
250.47
252.53
254.34
256.15
257.97
259.87
261.74
263.69
265.62
267.59
269.58
271.56
273.44
275.31
277.29
279.33
281.28
283.37
285.45
287.59
289.59
291.52
293.51
295.41
297.39
299.43
301.56
