1.56
3.63
5.69
7.73
9.82
11.87
14.19
16.54
18.61
20.65
22.67
24.66
26.64
28.63
30.61
32.61
34.57
36.55
38.47
40.38
42.19
44.2
46.31
48.37
50.46
52.79
55.2
57.6
59.78
61.9
64.02
66.09
68.15
70.13
72.1
74.02
75.95
77.95
79.99
81.98
84.02
86.02
88.18
90.38
92.5
94.7
96.91
98.98
101.01
103.0
105.01
107.03
109.13
111.42
113.93
116.08
118.13
120.23
122.25
124.34
126.37
128.51
130.96
133.4
135.57
137.7
139.77
141.91
144.07
146.21
148.37
150.59
152.98
155.26
157.99
160.47
162.94
165.29
167.43
169.51
171.58
173.71
175.97
178.09
180.16
182.22
184.16
186.26
188.35
190.39
192.32
194.29
196.38
198.64
200.89
203.23
205.51
207.69
209.93
212.25
214.56
216.88
219.39
221.73
223.85
225.88
227.92
230.01
232.11
234.06
236.06
238.09
240.12
242.19
244.24
246.27
248.32
250.41
252.42
254.42
256.38
258.64
260.9
263.2
265.55
267.91
270.2
272.39
274.4
276.39
278.49
280.79
282.9
284.87
286.84
288.89
290.99
293.02
295.08
297.13
299.27
301.47
303.65
305.83
308.01
310.1
312.03
314.0
315.98
317.89
319.87
321.98
324.38
