0.47
1.0
1.57
2.1
2.63
3.13
3.63
4.14
4.65
5.17
5.69
6.2
6.72
7.22
7.74
8.27
8.78
9.3
9.83
10.34
10.84
11.34
11.86
12.48
13.04
13.63
14.24
14.81
15.37
15.98
16.55
17.11
17.59
18.11
18.61
19.13
19.64
20.17
20.65
21.17
21.68
22.16
22.67
23.18
23.68
24.16
24.67
25.16
25.65
26.14
26.64
27.14
27.64
28.13
28.64
29.12
29.63
30.13
30.61
31.13
31.61
32.14
32.61
33.1
33.59
34.08
34.58
35.09
35.58
36.07
36.56
37.04
37.53
38.02
38.56
39.07
39.57
40.12
40.63
41.14
41.67
42.2
42.7
43.2
43.69
44.21
44.71
45.25
45.77
46.31
46.83
47.35
47.85
48.38
48.9
49.41
49.92
50.47
51.01
51.6
52.2
52.79
53.42
54.02
54.6
55.21
55.81
56.4
57.0
57.61
58.22
58.75
59.27
59.79
60.35
60.86
61.38
61.91
62.45
62.99
63.52
64.03
64.54
65.07
65.55
66.09
66.58
67.1
67.62
68.16
68.65
69.17
69.65
70.13
70.63
71.15
71.64
72.11
72.6
73.07
73.56
74.03
74.51
74.98
75.48
75.96
76.46
76.96
77.46
77.96
78.48
78.97
79.47
80.0
80.5
80.98
81.48
81.99
82.51
83.02
83.54
84.03
84.53
85.02
85.51
86.03
86.56
87.09
87.63
88.19
88.74
89.3
89.83
90.39
90.91
91.45
91.97
92.51
93.04
93.59
94.15
94.71
95.24
95.81
96.34
96.91
97.44
97.94
98.46
98.98
99.49
100.04
100.54
101.01
101.5
101.98
102.5
103.01
103.5
104.02
104.53
105.02
105.51
105.99
106.52
107.04
107.55
108.09
108.62
109.13
109.64
110.18
110.73
111.23
111.76
112.32
112.84
113.37
113.94
114.49
115.02
115.55
116.08
116.59
117.12
117.64
118.14
118.67
119.2
119.7
120.24
120.74
121.25
121.75
122.26
122.78
123.32
123.83
124.34
124.85
125.38
125.88
126.38
126.89
127.43
127.94
128.51
129.08
129.7
130.28
130.84
131.44
132.02
132.58
133.14
133.72
134.26
134.81
135.34
135.85
136.38
136.91
137.46
137.98
138.51
139.0
139.52
140.04
140.58
141.11
141.64
142.18
142.72
143.27
143.81
144.33
144.87
145.4
145.94
146.47
147.01
147.55
148.09
148.65
149.18
149.73
150.3
150.88
151.45
152.05
152.63
153.26
153.9
154.61
155.27
155.93
156.59
157.28
157.99
158.68
159.4
160.12
160.8
161.42
162.02
162.67
163.25
163.86
164.43
165.02
165.57
166.09
166.63
167.18
167.7
168.22
168.75
169.27
169.79
170.3
170.82
171.33
171.88
172.39
172.89
173.43
173.93
174.41
174.92
175.43
175.98
176.5
177.06
177.59
178.1
178.63
179.14
179.65
180.17
180.69
181.18
181.69
182.22
182.73
183.21
183.69
184.17
184.7
185.18
185.71
186.27
186.8
187.3
187.82
188.36
188.85
189.36
189.87
190.4
190.89
191.37
191.84
192.33
192.81
193.3
193.78
194.29
194.77
195.27
195.74
196.27
196.84
197.37
197.95
198.48
199.05
199.6
200.2
200.75
201.35
201.91
202.53
203.16
203.76
204.38
204.95
205.51
206.06
206.62
207.16
207.7
208.21
208.79
209.33
209.94
210.5
211.07
211.65
212.26
212.81
213.4
213.98
214.57
215.13
215.73
216.3
216.89
217.54
218.14
218.78
219.43
220.02
220.62
221.2
221.74
222.26
222.79
223.34
223.86
224.42
224.92
225.4
225.89
226.38
226.9
227.43
227.93
228.48
228.99
229.52
230.02
230.52
231.04
231.59
232.14
232.73
233.29
233.85
234.4
234.94
235.52
236.06
236.57
237.08
237.59
238.09
238.59
239.13
239.62
240.13
240.63
241.14
241.67
242.2
242.7
243.2
243.72
244.24
244.75
245.25
245.77
246.28
246.79
247.29
247.82
248.32
248.84
249.36
249.87
250.42
250.92
251.43
251.97
252.54
253.07
253.58
254.08
254.56
255.04
255.53
256.03
256.51
257.03
257.52
258.05
258.64
259.17
259.73
260.31
260.91
261.48
262.05
262.63
263.21
263.8
264.41
264.99
265.55
266.15
266.73
267.32
267.92
268.51
269.1
269.66
270.21
270.76
271.26
271.76
272.27
272.78
273.28
273.8
274.3
274.8
275.3
275.81
276.29
276.78
277.27
277.77
278.26
278.74
279.22
279.73
280.28
280.81
281.36
281.92
282.41
282.91
283.4
283.92
284.39
284.89
285.38
285.87
286.36
286.86
287.37
287.89
288.4
288.9
289.44
289.93
290.45
290.99
291.5
291.99
292.51
293.02
293.56
294.08
294.59
295.09
295.61
296.1
296.62
297.13
297.65
298.18
298.72
299.28
299.84
300.39
300.92
301.47
302.02
302.57
303.1
303.65
304.2
304.76
305.3
305.84
306.38
306.93
307.46
308.02
308.52
309.04
309.58
310.11
310.57
311.07
311.57
312.04
312.51
312.99
313.5
314.01
314.5
315.0
315.51
315.99
316.46
316.95
317.41
317.9
318.38
318.85
319.37
319.87
320.4
320.93
321.48
321.98
322.52
323.08
323.76
324.39
