2.34
4.5
6.6
8.67
10.78
13.02
15.38
17.61
19.61
21.56
23.52
25.47
27.47
29.44
31.43
33.43
35.43
37.35
39.34
41.36
43.43
45.45
47.43
49.39
51.28
53.17
55.11
56.93
58.86
60.83
62.73
64.68
66.65
68.65
70.73
72.73
74.7
76.71
78.8
80.8
82.79
84.79
86.77
88.95
91.1
93.09
95.06
97.07
99.07
101.06
103.06
105.08
107.26
109.47
111.9
113.93
115.84
117.74
119.67
121.69
123.72
125.73
127.83
129.9
131.92
133.95
136.03
138.27
140.41
142.41
144.44
146.58
148.82
150.85
152.79
154.56
156.36
158.47
160.47
162.42
164.35
166.3
168.26
170.3
172.52
174.55
176.53
178.48
180.49
182.44
184.51
186.38
188.28
190.27
192.24
194.24
196.44
198.73
201.07
203.11
205.15
207.25
209.36
211.46
213.64
215.71
217.69
219.57
221.58
223.62
225.51
227.37
229.17
231.08
233.02
234.95
236.89
238.85
240.81
242.8
244.93
246.96
248.83
250.72
252.42
254.4
256.47
258.43
260.43
262.41
264.2
265.96
267.77
269.52
271.53
273.51
275.46
277.42
279.51
281.48
283.47
285.47
287.5
289.59
291.81
293.85
295.82
297.86
299.86
301.8
303.74
305.69
307.64
309.65
311.85
314.18
