0.17
0.73
1.28
1.82
2.36
2.88
3.42
3.95
4.51
5.05
5.57
6.07
6.61
7.11
7.62
8.14
8.68
9.2
9.74
10.25
10.78
11.31
11.85
12.39
12.87
13.35
13.83
14.35
14.84
15.38
15.93
16.48
17.06
17.61
18.09
18.63
19.13
19.61
20.13
20.63
21.1
21.56
22.02
22.51
23.01
23.52
24.02
24.5
25.01
25.48
26.0
26.48
27.01
27.48
28.0
28.47
28.99
29.45
29.94
30.45
30.94
31.43
31.96
32.46
32.94
33.43
33.96
34.45
34.94
35.43
35.91
36.39
36.87
37.36
37.84
38.33
38.85
39.35
39.82
40.32
40.87
41.37
41.89
42.41
42.92
43.44
43.93
44.44
44.93
45.45
45.94
46.44
46.95
47.43
47.9
48.41
48.9
49.43
49.97
50.56
51.16
51.74
52.22
52.71
53.18
53.68
54.15
54.64
55.12
55.56
56.02
56.49
56.94
57.41
57.89
58.39
58.86
59.38
59.86
60.32
60.82
61.28
61.77
62.24
62.74
63.23
63.7
64.19
64.69
65.17
65.68
66.15
66.66
67.17
67.67
68.16
68.66
69.16
69.66
70.2
70.78
71.26
71.74
72.24
72.74
73.22
73.7
74.21
74.71
75.19
75.69
76.21
76.72
77.24
77.76
78.3
78.81
79.28
79.8
80.31
80.8
81.3
81.79
82.29
82.8
83.3
83.78
84.3
84.8
85.28
85.79
86.28
86.77
87.31
87.86
88.43
88.96
89.5
90.08
90.63
91.1
91.61
92.1
92.61
93.1
93.58
94.07
94.56
95.07
95.55
96.08
96.56
97.07
97.6
98.09
98.57
99.08
99.6
100.08
100.58
101.07
101.59
102.07
102.56
103.08
103.61
104.1
104.58
105.09
105.64
106.16
106.72
107.27
107.84
108.4
108.95
109.48
110.07
110.73
111.36
111.91
112.4
112.91
113.43
113.93
114.41
114.89
115.37
115.85
116.31
116.77
117.26
117.75
118.23
118.71
119.19
119.68
120.16
120.64
121.14
121.69
122.2
122.71
123.22
123.73
124.25
124.73
125.23
125.74
126.23
126.78
127.28
127.84
128.34
128.86
129.37
129.91
130.42
130.95
131.44
131.93
132.44
132.93
133.46
133.95
134.46
134.94
135.47
136.04
136.58
137.12
137.68
138.28
138.87
139.37
139.9
140.42
140.9
141.39
141.89
142.42
142.93
143.43
143.92
144.44
144.95
145.45
145.98
146.59
147.2
147.75
148.26
148.82
149.35
149.88
150.42
150.98
151.53
152.07
152.58
153.13
153.7
154.26
154.79
155.32
155.84
156.37
156.89
157.42
157.95
158.48
158.99
159.5
160.0
160.48
160.95
161.43
161.93
162.41
162.88
163.38
163.86
164.36
164.87
165.35
165.85
166.32
166.77
167.24
167.75
168.27
168.76
169.26
169.75
170.3
170.88
171.41
171.95
172.53
173.06
173.57
174.08
174.56
175.05
175.54
176.05
176.53
177.05
177.52
178.01
178.49
179.0
179.49
179.97
180.5
180.99
181.46
181.95
182.45
182.96
183.44
183.96
184.51
185.0
185.46
185.92
186.38
186.85
187.32
187.79
188.28
188.75
189.24
189.78
190.27
190.79
191.28
191.76
192.25
192.74
193.22
193.76
194.26
194.81
195.33
195.82
196.34
196.89
197.41
197.91
198.42
198.94
199.49
200.01
200.5
201.06
201.56
202.11
202.63
203.17
203.67
204.14
204.65
205.15
205.7
206.22
206.74
207.26
207.81
208.33
208.84
209.36
209.91
210.41
210.88
211.38
211.88
212.38
212.88
213.4
213.93
214.43
214.94
215.45
215.95
216.47
216.98
217.49
217.93
218.4
218.86
219.32
219.82
220.32
220.8
221.34
221.83
222.34
222.85
223.37
223.84
224.34
224.84
225.38
225.95
226.47
227.02
227.57
228.07
228.63
229.16
229.63
230.14
230.6
231.09
231.6
232.09
232.54
233.02
233.48
233.95
234.46
234.96
235.44
235.91
236.41
236.9
237.41
237.87
238.38
238.85
239.37
239.83
240.33
240.81
241.3
241.8
242.31
242.8
243.29
243.8
244.37
244.94
245.49
245.99
246.48
246.96
247.44
247.91
248.38
248.84
249.33
249.8
250.31
250.85
251.35
251.86
252.35
252.88
253.38
253.9
254.4
254.93
255.44
255.96
256.48
256.96
257.45
257.95
258.44
258.95
259.44
259.96
260.44
260.95
261.43
261.89
262.31
262.76
263.18
263.62
264.02
264.45
264.87
265.3
265.74
266.2
266.66
267.1
267.56
268.08
268.57
269.06
269.53
270.01
270.5
271.03
271.54
272.06
272.56
273.05
273.52
274.01
274.48
274.97
275.46
275.96
276.46
276.95
277.43
277.93
278.44
278.96
279.51
280.03
280.54
281.01
281.49
281.99
282.5
283.0
283.48
283.98
284.49
285.0
285.48
286.01
286.5
286.99
287.5
287.99
288.5
289.02
289.59
290.14
290.68
291.22
291.77
292.34
292.86
293.38
293.85
294.36
294.84
295.32
295.82
296.34
296.85
297.32
297.85
298.35
298.85
299.37
299.87
300.35
300.85
301.33
301.81
302.3
302.77
303.27
303.74
304.22
304.72
305.23
305.7
306.18
306.68
307.16
307.65
308.12
308.6
309.11
309.66
310.19
310.72
311.3
311.86
312.43
312.96
313.58
314.23
314.9
