1.0
2.07
3.1
4.14
5.07
6.08
7.07
8.05
9.04
10.15
11.18
12.14
13.14
14.18
15.3
16.33
17.34
18.28
19.21
20.34
21.43
22.46
23.55
24.66
25.75
26.88
27.95
29.03
29.97
30.94
31.88
32.58
33.32
34.03
34.73
35.39
36.1
36.79
37.49
38.22
38.9
39.61
40.36
41.07
41.77
42.47
43.13
43.82
44.56
45.3
46.0
46.66
47.33
48.03
48.77
49.52
50.22
50.9
51.51
52.14
52.77
53.39
54.02
54.68
55.31
55.92
56.61
57.38
58.09
58.81
59.59
60.35
61.11
61.88
62.64
63.4
64.49
65.55
66.53
67.6
68.7
69.78
70.9
71.67
72.47
73.21
73.97
74.75
75.45
76.11
76.76
77.45
78.1
78.75
79.42
80.17
80.96
81.71
82.44
83.17
83.96
84.71
85.38
86.08
86.82
87.57
88.35
89.08
89.86
90.66
91.42
92.03
92.68
93.34
94.0
94.7
95.35
95.98
96.67
97.34
98.0
98.72
99.39
100.09
100.77
101.41
102.05
102.73
103.36
103.96
104.6
105.19
105.77
106.4
107.03
107.63
108.27
108.87
109.45
110.02
110.64
111.29
111.98
112.71
113.49
114.27
115.01
115.68
116.41
117.06
117.69
118.4
119.03
119.73
120.47
121.16
121.79
122.45
123.14
123.79
124.43
125.11
125.81
126.45
127.09
127.77
128.42
129.07
129.67
130.3
130.91
131.59
132.24
132.9
133.51
134.17
134.86
135.58
136.26
136.89
137.51
138.16
138.86
139.52
140.21
140.89
141.61
142.23
142.84
143.48
144.09
144.72
145.42
146.08
146.77
147.52
148.24
148.96
149.64
150.38
151.1
151.77
152.45
153.08
153.75
154.4
155.07
155.74
156.47
157.25
158.0
158.7
159.35
159.99
160.7
161.42
162.15
162.85
163.47
164.12
164.75
165.41
166.06
166.67
167.34
167.95
168.68
169.38
170.18
170.95
171.68
172.47
173.24
173.99
174.77
175.6
176.6
177.55
178.58
179.58
180.65
181.74
182.86
183.63
184.42
185.2
185.94
186.68
187.42
188.18
188.97
189.75
190.5
191.25
191.95
192.73
193.44
194.17
194.95
195.65
196.39
197.17
197.89
198.63
199.26
199.9
200.56
201.21
201.82
202.55
203.23
203.92
204.62
205.34
206.02
206.72
207.5
208.28
209.05
209.71
210.42
211.24
212.02
212.79
213.55
214.39
215.26
216.12
216.98
217.72
218.44
219.19
220.01
220.77
221.57
222.25
222.97
223.78
224.57
225.45
226.54
227.66
228.56
229.51
230.51
231.41
232.37
233.34
234.29
