0.0
1.05
2.07
3.19
4.24
5.16
6.13
7.07
8.05
9.08
10.07
11.0
11.96
12.8
13.67
14.56
15.46
16.37
17.3
18.17
19.1
20.12
21.09
22.11
23.24
24.28
25.34
26.42
27.36
28.34
29.33
30.16
31.03
31.91
32.6
33.3
34.05
34.73
35.4
36.09
36.7
37.29
37.84
38.42
39.0
39.6
40.16
40.75
41.34
41.97
42.54
43.15
43.75
44.4
45.24
46.08
46.85
47.81
48.74
49.64
50.6
51.61
52.52
53.44
54.39
55.44
56.44
57.49
58.47
59.52
60.46
61.39
62.24
63.17
64.17
65.16
66.12
67.14
68.18
69.25
70.29
71.41
72.52
73.42
74.42
75.37
76.27
77.26
78.14
79.1
79.96
80.91
81.79
82.67
83.59
84.48
85.46
86.34
87.31
88.15
88.99
89.88
90.73
91.67
92.66
93.54
94.42
95.35
96.48
97.45
98.36
99.31
100.22
101.16
102.12
103.13
104.05
104.96
105.91
106.68
107.57
108.44
109.29
110.21
111.04
111.97
112.82
113.94
115.0
116.09
117.23
118.32
119.3
120.32
121.38
122.35
123.4
124.48
125.51
126.41
127.35
128.24
129.12
130.15
131.24
132.37
133.35
134.42
135.35
136.32
137.37
138.43
139.47
140.46
141.36
142.24
143.18
143.87
144.57
145.26
146.0
146.76
147.49
148.23
148.97
149.75
150.49
151.29
152.07
152.81
153.57
154.54
155.5
156.34
157.25
158.18
159.14
160.07
160.94
161.87
162.71
163.74
164.89
165.96
166.99
168.08
169.21
170.28
171.37
172.43
173.53
174.6
175.45
176.33
177.36
178.33
179.43
180.45
181.52
182.63
183.46
184.26
185.02
185.86
186.66
187.44
188.31
189.15
190.02
190.82
191.67
192.52
193.37
194.27
195.04
195.89
196.68
197.43
198.22
199.05
199.67
200.33
200.91
201.48
202.08
202.65
203.22
203.82
204.37
204.95
205.56
206.2
206.83
207.48
208.15
208.86
209.49
210.19
210.8
211.44
212.08
212.8
213.45
214.19
214.93
215.65
216.34
217.1
217.88
218.72
219.6
220.46
221.35
222.17
223.1
224.25
225.31
226.42
227.45
228.53
229.61
230.67
231.75
232.85
