0.99
2.05
3.04
3.99
4.95
5.93
6.96
7.91
9.0
10.09
11.17
12.16
13.12
14.13
15.14
16.06
17.13
18.1
19.2
20.24
21.36
22.46
23.51
24.6
25.69
26.84
27.87
28.96
30.11
31.2
32.17
33.14
34.24
35.37
36.46
37.49
38.6
39.73
40.75
41.84
42.97
44.08
45.09
46.19
47.0
47.89
48.79
49.74
50.6
51.56
52.56
53.48
54.4
55.45
56.44
57.53
58.59
59.55
60.53
61.51
62.52
63.48
64.44
65.43
66.56
67.57
68.59
69.67
70.8
71.87
73.0
73.99
75.09
76.15
77.2
78.19
79.32
80.33
81.44
82.53
83.53
84.59
85.67
86.76
87.71
88.72
89.74
90.85
91.89
93.0
94.03
94.95
95.92
96.8
97.74
98.62
99.56
100.45
101.39
102.24
103.16
104.02
104.92
105.81
106.67
107.51
108.37
109.16
109.93
110.77
111.67
112.54
113.36
114.3
115.15
116.08
117.02
117.93
118.98
119.93
120.99
122.03
122.97
123.98
124.93
125.91
126.87
127.72
128.46
129.16
129.82
130.52
131.2
131.95
132.62
133.37
134.11
134.81
135.54
136.35
137.08
137.86
138.66
139.58
140.43
141.16
141.85
142.58
143.22
143.82
144.45
145.15
145.89
146.68
147.39
148.15
148.84
149.59
150.3
151.07
151.8
152.49
153.28
154.11
154.86
155.75
156.61
157.72
158.82
159.89
160.97
162.06
163.21
164.19
165.27
166.22
167.23
168.2
169.2
170.12
171.14
172.19
173.27
174.25
175.36
176.46
177.55
178.61
179.74
180.79
181.88
182.97
184.12
185.21
186.12
187.12
188.08
189.02
190.01
190.94
191.9
192.86
193.9
194.87
195.8
196.77
197.66
198.65
199.54
200.53
201.58
202.64
203.78
204.8
205.91
206.96
208.09
209.12
210.21
211.21
212.15
213.16
214.12
215.15
216.21
217.03
217.79
218.62
219.41
220.21
220.96
221.78
222.54
223.35
224.18
224.95
225.85
226.79
227.72
228.63
229.5
230.4
231.39
232.31
233.27
234.28
235.19
