1.01
2.06
3.02
4.04
5.11
6.11
7.19
8.33
9.34
10.35
11.41
12.41
13.36
14.32
15.28
16.26
17.2
18.23
19.29
20.37
21.32
22.29
23.25
24.38
25.37
26.34
27.35
28.33
29.31
30.24
31.2
32.17
33.11
34.12
35.03
35.9
36.9
37.95
38.91
39.83
40.76
41.75
42.8
43.88
44.84
45.74
46.66
47.55
48.45
49.48
50.49
51.53
52.52
53.47
54.43
55.47
56.48
57.51
58.52
59.53
60.49
61.43
62.37
63.31
64.27
65.33
66.41
67.39
68.26
69.14
70.01
70.89
71.77
72.77
73.72
74.74
75.82
76.74
77.68
78.69
79.78
80.89
81.87
82.92
83.85
84.86
85.82
86.78
87.73
88.73
89.72
90.59
91.41
92.3
93.14
94.01
94.77
95.61
96.41
97.16
97.98
98.75
99.53
100.35
101.09
101.88
102.64
103.36
104.03
104.76
105.34
105.98
106.58
107.18
107.79
108.44
109.05
109.68
110.26
110.88
111.48
112.12
112.7
113.35
113.98
114.63
115.31
115.94
116.57
117.19
117.83
118.42
119.05
119.63
120.26
120.84
121.47
122.05
122.67
123.28
123.93
124.54
125.18
125.88
126.52
127.12
127.76
128.36
128.92
129.52
130.1
130.69
131.29
131.91
132.52
133.11
133.71
134.34
134.94
135.55
136.21
136.88
137.49
138.16
138.81
139.44
140.11
140.79
141.58
142.33
143.11
143.96
144.93
145.93
146.91
147.88
148.86
149.85
150.78
151.72
152.67
153.62
154.61
155.5
156.46
157.39
158.29
159.17
160.02
160.93
161.83
162.83
163.8
164.64
165.55
166.41
167.26
168.1
168.93
169.82
170.67
171.56
172.52
173.4
174.31
175.1
175.88
176.68
177.41
178.19
179.06
179.98
180.79
181.55
182.33
183.13
183.91
184.67
185.47
186.25
186.99
187.73
188.53
189.37
190.19
190.91
191.61
192.31
192.99
193.67
194.45
195.18
195.99
196.79
197.51
198.26
198.99
199.78
200.52
201.29
202.09
202.86
203.67
204.5
205.32
206.15
206.99
207.77
208.6
209.35
210.13
210.91
211.71
212.54
213.37
214.15
214.96
215.79
216.56
217.32
218.12
218.92
219.76
220.54
221.3
222.09
222.91
223.7
224.46
225.2
225.96
226.68
227.45
228.2
229.05
229.91
230.67
231.38
232.07
232.77
233.46
234.21
234.88
235.57
236.28
236.94
237.69
238.39
239.11
239.89
240.61
241.29
241.92
242.57
243.28
243.95
244.68
245.35
246.05
246.72
247.41
248.15
248.81
249.54
250.21
250.89
251.5
252.11
252.72
253.37
253.96
254.61
255.26
255.87
256.52
257.18
257.79
258.38
259.02
259.6
260.23
260.84
261.42
262.03
262.62
263.19
263.78
264.39
264.96
265.54
266.16
266.81
267.43
268.04
268.66
269.29
269.86
270.49
271.06
271.68
272.29
272.88
273.48
274.06
274.69
275.31
276.01
276.66
277.33
277.97
278.58
279.23
279.85
280.5
281.09
281.69
282.32
282.93
283.57
284.26
284.88
285.53
286.23
286.88
287.56
288.16
288.8
289.45
290.05
290.7
291.34
291.96
292.55
293.15
293.79
294.4
295.0
295.56
296.12
296.65
297.21
297.83
298.4
299.03
299.62
300.24
300.87
301.54
302.17
302.79
303.4
304.14
304.81
305.55
306.27
306.99
307.73
308.44
309.15
309.89
310.58
311.29
312.07
312.8
313.51
314.47
315.4
316.29
317.27
318.21
319.18
320.18
321.1
322.05
323.12
324.07
325.1
326.18
327.16
328.1
329.0
329.98
330.91
331.81
332.72
333.68
334.61
335.5
336.41
337.28
338.21
339.07
339.99
340.88
