2.39
6.56
10.77
14.7
18.65
22.28
26.33
30.23
34.12
37.94
41.74
45.4
49.02
53.1
57.1
61.05
64.84
68.26
71.77
75.81
79.78
83.84
87.72
91.41
94.67
97.49
100.13
102.82
105.34
107.76
110.07
112.13
114.28
116.57
119.04
121.46
123.92
126.51
128.91
131.29
133.7
136.2
138.79
141.58
144.92
148.85
152.66
156.46
160.01
163.79
167.32
170.66
174.3
177.4
180.78
183.91
187.0
190.18
192.98
195.98
198.98
202.08
205.31
208.59
211.7
214.96
218.07
221.3
224.45
227.44
230.66
233.46
236.25
239.11
241.91
244.4
246.88
249.53
252.11
254.58
257.17
259.59
262.02
264.38
266.8
269.32
271.82
274.26
276.65
279.23
281.69
284.24
286.87
289.44
291.95
294.39
296.65
299.02
301.53
304.13
306.98
309.88
312.79
315.72
318.81
322.51
326.17
328.99
331.81
334.43
336.91
