0.73
1.55
2.35
3.11
3.91
4.75
5.51
6.3
7.09
7.87
8.72
9.55
10.3
11.12
11.92
12.68
13.47
14.25
15.06
15.87
16.64
17.42
18.26
19.02
19.82
20.65
21.4
22.1
22.84
23.59
24.38
25.09
25.86
26.59
27.39
28.21
29.06
29.88
30.65
31.41
32.23
32.99
33.76
34.58
35.37
36.18
36.99
37.78
38.61
39.41
40.2
41.08
41.86
42.69
43.56
44.35
45.19
46.08
46.88
47.75
48.56
49.36
50.23
50.99
51.79
52.62
53.43
54.2
55.0
55.82
56.6
57.42
58.22
59.03
59.83
60.68
61.53
62.39
63.14
63.94
64.76
65.51
66.31
67.13
67.96
68.75
69.54
70.39
71.27
72.05
72.88
73.75
74.55
75.32
76.11
76.92
77.74
78.51
79.32
80.14
80.95
81.76
82.6
83.43
84.14
84.9
85.69
86.48
87.25
88.05
88.89
89.66
90.51
91.39
92.2
93.16
94.2
95.14
96.22
97.21
98.08
98.98
99.92
100.84
101.82
102.88
103.89
104.98
105.98
107.03
108.13
109.24
110.3
111.42
112.54
113.62
114.7
115.8
116.76
117.72
118.66
119.59
120.6
121.51
122.52
123.43
124.41
125.46
126.46
127.47
128.49
129.58
130.6
131.64
132.66
133.62
134.62
135.53
136.51
137.48
138.4
139.41
140.45
141.44
142.39
143.38
144.33
145.29
146.22
147.18
148.04
148.96
149.86
150.78
151.63
152.49
153.24
153.93
154.65
155.34
156.03
156.68
157.4
158.05
158.75
159.4
160.26
161.07
161.88
162.74
163.43
164.1
164.72
165.34
166.0
166.62
167.24
167.87
168.55
169.19
169.87
170.51
171.18
171.86
172.55
173.33
174.08
174.83
175.55
176.27
177.02
177.8
178.56
179.27
180.03
180.83
181.55
182.32
183.05
183.89
184.73
185.6
186.44
187.22
188.0
188.84
189.64
190.4
191.22
192.0
192.88
193.76
194.7
195.59
196.37
197.21
198.06
198.85
199.6
200.36
201.11
201.89
202.63
203.39
204.17
204.91
205.67
206.47
207.21
207.92
208.64
209.41
210.1
210.86
211.56
212.33
213.02
213.76
214.47
215.11
215.79
216.56
217.34
218.1
218.83
219.6
220.38
221.09
221.85
222.73
223.6
224.57
225.57
226.55
227.5
228.49
229.43
230.34
231.38
232.4
233.44
234.37
235.25
236.21
237.16
238.14
239.06
239.98
240.95
241.93
242.88
243.79
244.77
245.7
246.63
247.63
248.51
249.48
250.26
251.09
251.88
252.73
253.63
254.74
255.85
256.89
257.93
259.03
260.11
261.24
262.32
263.43
264.36
265.25
266.07
266.81
267.59
268.39
269.15
269.96
270.74
271.49
272.43
273.48
274.49
275.55
276.57
277.56
278.54
279.49
280.44
281.4
282.35
283.28
284.34
285.31
286.31
287.24
288.12
289.08
290.01
290.95
291.89
292.81
293.77
294.73
295.68
296.6
297.6
298.5
299.33
300.11
300.89
301.65
302.4
303.15
303.99
304.78
305.62
306.39
307.23
308.03
308.88
309.72
310.55
311.33
312.16
312.92
313.71
314.44
315.19
315.96
316.73
317.51
318.23
319.01
319.84
320.6
321.42
322.26
323.1
323.98
324.86
325.66
326.55
327.37
328.28
329.27
330.14
331.11
332.0
332.93
333.8
334.63
335.37
336.11
336.84
337.53
338.25
338.96
339.72
340.47
341.22
341.99
342.72
343.56
344.36
345.16
345.92
346.75
347.52
348.32
349.1
350.01
351.08
352.15
353.29
354.28
355.29
356.37
357.34
358.35
359.32
360.33
361.3
362.37
363.36
364.33
365.32
366.3
367.33
368.27
369.36
370.43
371.54
372.63
373.61
374.66
375.64
376.71
377.8
378.77
379.63
380.52
381.43
382.33
383.2
384.04
384.78
385.54
386.3
387.1
387.86
388.73
389.55
390.51
391.6
392.63
393.72
394.79
395.86
396.82
397.83
398.74
399.72
400.62
401.53
402.46
403.28
404.17
404.97
405.86
406.71
407.64
408.54
409.53
410.46
411.45
412.4
413.35
414.22
415.13
415.91
416.71
417.53
418.37
419.26
420.09
420.86
421.56
422.28
423.01
423.8
424.54
425.31
426.11
426.89
427.63
