1.93
5.11
8.28
11.51
14.65
17.81
20.86
23.62
26.54
29.49
32.58
35.78
38.99
42.38
45.49
48.53
51.39
54.22
57.37
60.64
63.93
66.86
69.96
73.22
76.5
79.7
82.9
86.06
89.25
92.65
96.26
99.9
103.88
108.12
111.84
115.79
120.06
124.4
128.25
131.63
134.61
137.62
140.66
143.58
146.65
149.85
153.24
156.03
158.74
161.87
164.72
167.23
169.87
172.54
175.55
178.68
182.32
186.04
190.01
193.26
196.38
199.59
202.63
205.66
208.65
211.52
214.49
217.69
221.48
225.56
229.42
233.46
237.53
241.43
245.34
248.8
251.87
254.72
257.57
260.44
263.57
266.77
269.96
273.47
277.55
281.39
285.3
289.07
292.8
296.6
300.09
303.15
306.38
309.72
313.03
315.95
319.02
322.25
325.65
329.26
332.92
336.09
338.95
341.98
345.68
349.56
353.52
357.33
361.29
365.31
369.35
373.6
377.79
381.43
385.04
388.72
392.62
396.81
400.61
404.16
407.63
411.45
415.13
418.72
422.48
