3.65
7.71
11.72
14.9
17.8
20.79
23.98
27.2
30.31
33.35
36.42
39.47
42.84
46.57
50.7
54.97
59.29
63.56
67.67
71.16
74.3
77.59
80.66
83.8
86.92
89.89
93.15
96.25
99.47
102.84
106.27
109.48
112.49
115.54
118.64
121.13
123.53
125.94
128.34
130.73
132.99
135.22
137.59
139.99
142.28
144.6
146.96
149.29
151.64
153.84
156.12
158.85
161.2
163.49
165.76
168.21
170.99
174.09
177.09
180.26
183.35
186.37
189.27
192.18
195.03
197.81
200.9
203.83
206.62
209.54
213.28
217.35
221.4
225.53
229.85
233.96
238.06
241.83
245.62
249.71
253.48
257.27
260.77
264.59
268.71
272.75
276.84
280.81
285.22
289.44
293.33
297.44
301.49
305.5
309.13
312.27
315.28
317.72
320.02
322.29
324.54
326.94
329.44
331.87
334.25
336.89
339.86
342.93
345.68
348.27
350.94
353.7
356.43
359.21
361.94
364.95
368.07
371.12
373.89
376.7
379.67
382.65
385.42
388.31
391.7
395.6
399.44
403.51
407.76
