0.63
1.42
2.14
2.88
3.66
4.46
5.29
6.06
6.86
7.7
8.39
9.14
9.89
10.58
11.37
12.17
12.99
13.74
14.53
15.37
16.25
17.07
17.8
18.55
19.33
20.08
20.8
21.56
22.36
23.2
23.98
24.79
25.56
26.36
27.2
27.98
28.76
29.55
30.33
31.13
31.85
32.59
33.37
34.07
34.84
35.62
36.42
37.15
37.93
38.72
39.53
40.45
41.28
42.18
42.99
43.84
44.72
45.54
46.58
47.62
48.57
49.66
50.71
51.72
52.78
53.89
54.93
56.04
57.12
58.2
59.3
60.38
61.52
62.58
63.54
64.55
65.31
66.09
66.82
67.6
68.37
69.17
70.0
70.76
71.55
72.37
73.13
73.95
74.72
75.53
76.21
76.95
77.63
78.39
79.14
79.94
80.67
81.42
82.18
82.98
83.81
84.59
85.42
86.17
86.92
87.73
88.48
89.26
90.08
90.85
91.63
92.37
93.16
93.92
94.69
95.51
96.25
97.07
97.84
98.59
99.48
100.36
101.27
102.07
102.84
103.67
104.36
105.06
105.77
106.53
107.24
107.96
108.74
109.48
110.21
111.0
111.71
112.5
113.29
114.05
114.79
115.56
116.34
117.13
117.87
118.65
119.52
120.35
121.14
121.98
122.78
123.55
124.37
125.18
125.95
126.79
127.58
128.35
128.98
129.57
130.13
130.74
131.33
131.87
132.43
132.99
133.56
134.09
134.63
135.22
135.79
136.41
136.98
137.59
138.2
138.81
139.38
139.99
140.61
141.17
141.75
142.29
142.85
143.4
143.99
144.61
145.19
145.79
146.35
146.97
147.53
148.13
148.73
149.31
149.92
150.54
151.07
151.65
152.17
152.74
153.27
153.85
154.4
154.97
155.51
156.13
156.8
157.55
158.21
158.86
159.47
160.05
160.63
161.2
161.76
162.33
162.9
163.49
164.06
164.63
165.19
165.77
166.34
166.96
167.54
168.22
168.88
169.53
170.29
171.0
171.75
172.49
173.3
174.09
174.81
175.6
176.33
177.1
177.85
178.64
179.43
180.27
181.04
181.81
182.58
183.36
184.16
184.92
185.62
186.37
187.12
187.82
188.56
189.28
190.02
190.7
191.46
192.18
192.9
193.58
194.34
195.04
195.73
196.42
197.14
197.82
198.52
199.28
200.06
200.9
201.77
202.43
203.16
203.84
204.56
205.22
205.91
206.6
207.32
208.07
208.75
209.55
210.31
211.1
211.85
212.62
213.47
214.42
215.32
216.32
217.36
218.37
219.36
220.42
221.42
222.43
223.48
224.5
225.54
226.69
227.73
228.87
229.86
230.87
231.88
232.96
233.97
234.98
236.01
237.11
238.06
239.01
239.99
240.89
241.84
242.93
244.0
245.01
246.01
247.07
248.18
249.3
250.32
251.39
252.49
253.49
254.64
255.67
256.78
257.85
258.96
260.01
261.14
262.17
263.19
264.23
265.32
266.42
267.52
268.64
269.68
270.72
271.72
272.76
273.78
274.88
275.87
276.84
277.81
278.74
279.75
280.83
281.94
283.04
284.09
285.23
286.27
287.3
288.4
289.45
290.42
291.37
292.34
293.33
294.22
295.08
295.94
296.89
297.83
298.74
299.77
300.87
301.92
302.99
304.14
305.19
306.26
307.37
308.42
309.47
310.49
311.35
312.28
313.19
314.05
315.0
315.9
316.82
317.66
318.51
319.26
320.03
320.8
321.53
322.3
323.02
323.66
324.33
325.04
325.7
326.3
326.95
327.59
328.22
328.81
329.45
330.08
330.69
331.27
331.89
332.59
333.25
333.86
334.47
335.06
335.7
336.28
336.9
337.64
338.36
339.12
339.87
340.6
341.32
342.11
342.95
343.66
344.32
345.0
345.69
346.34
347.03
347.67
348.28
348.89
349.52
350.24
350.95
351.65
352.31
352.99
353.71
354.41
355.06
355.79
356.44
357.17
357.86
358.52
359.21
359.91
360.56
361.26
361.95
362.6
363.31
363.98
364.66
365.37
366.08
366.78
367.53
368.23
368.96
369.72
370.43
371.13
371.85
372.57
373.26
373.9
374.6
375.27
375.94
376.71
377.47
378.22
378.93
379.68
380.4
381.19
381.94
382.66
383.43
384.27
385.03
385.87
386.63
387.5
388.32
389.1
389.96
390.73
391.7
392.65
393.61
394.63
395.59
396.59
397.57
398.55
399.54
400.47
401.41
402.49
403.52
404.57
405.65
406.55
407.54
408.48
409.39
410.44
411.43
