0.47
1.5
2.51
3.55
4.53
5.52
6.55
7.49
8.47
9.41
10.42
11.38
12.27
13.21
14.12
15.1
16.03
16.92
17.84
18.82
19.78
20.72
21.73
22.62
23.47
24.35
25.25
26.18
27.04
27.92
28.83
29.8
30.73
31.7
32.59
33.54
34.64
35.7
36.79
37.9
39.03
40.06
41.21
42.26
43.34
44.45
45.4
46.4
47.27
48.15
49.04
49.89
50.75
51.64
52.57
53.46
54.33
55.26
56.15
57.11
58.04
58.91
59.78
60.67
61.56
62.53
63.45
64.32
65.28
66.2
67.02
67.93
68.75
69.62
70.44
71.28
72.21
73.11
73.95
74.89
75.89
76.86
77.79
78.81
79.74
80.76
81.79
82.79
83.76
84.74
85.71
86.6
87.56
88.47
89.41
90.37
91.34
92.33
93.26
94.19
95.16
96.14
97.03
97.93
98.88
99.81
100.56
101.37
102.12
102.9
103.6
104.25
104.95
105.65
106.36
107.12
107.8
108.62
109.38
110.15
110.94
111.7
112.51
113.28
114.09
114.93
115.73
116.56
117.35
118.14
118.96
119.72
120.56
121.47
122.35
123.18
124.07
124.83
125.61
126.38
127.18
128.08
129.04
129.96
130.85
131.8
132.66
133.62
134.48
135.41
136.31
137.25
138.19
139.26
140.3
141.2
142.08
142.98
143.89
144.74
145.74
146.67
147.63
148.62
149.53
150.5
151.4
152.32
153.2
154.12
154.96
155.94
156.93
157.86
158.92
159.89
161.0
162.06
163.12
