0.08
0.51
0.96
1.4
1.83
2.26
2.7
3.16
3.62
4.05
4.51
4.99
5.45
5.91
6.39
6.86
7.34
7.79
8.24
8.71
9.17
9.63
10.1
10.58
11.12
11.62
12.15
12.68
13.2
13.73
14.26
14.74
15.24
15.76
16.25
16.73
17.2
17.67
18.14
18.61
19.09
19.54
20.04
20.52
21.02
21.53
22.03
22.55
23.04
23.56
24.06
24.55
25.06
25.55
26.08
26.64
27.19
27.79
28.35
28.91
29.48
30.05
30.57
31.14
31.67
32.23
32.78
33.32
33.87
34.45
34.99
35.53
36.1
36.65
37.17
37.75
38.25
38.75
39.25
39.84
40.43
41.01
41.53
42.06
42.6
43.17
43.7
44.21
44.68
45.19
45.67
46.17
46.67
47.15
47.63
48.09
48.57
49.08
49.57
50.04
50.58
51.07
51.59
52.07
52.55
53.04
53.54
54.02
54.51
55.04
55.61
56.15
56.71
57.26
57.8
58.35
58.89
59.4
59.91
60.44
60.92
61.42
61.9
62.38
62.87
63.35
63.83
64.31
64.79
65.28
65.79
66.32
66.82
67.32
67.81
68.33
68.81
69.28
69.78
70.14
70.51
70.9
71.25
71.63
72.0
72.34
72.69
73.02
73.35
73.73
74.1
74.5
74.9
75.29
75.71
76.09
76.48
76.84
77.19
77.57
77.94
78.3
78.66
79.06
79.44
79.8
80.19
80.53
80.85
81.18
81.5
81.85
82.23
82.6
82.98
83.33
83.65
84.0
84.34
84.69
85.03
85.37
85.71
86.05
86.38
86.71
87.06
87.39
87.75
88.07
88.42
88.79
89.14
89.48
89.8
90.11
90.44
90.76
91.07
91.39
91.72
92.03
92.35
92.67
92.99
93.31
93.64
93.95
94.3
94.62
94.94
95.29
95.62
95.94
96.27
96.61
96.93
97.27
97.58
97.91
98.24
98.57
98.88
99.21
99.54
99.85
100.2
100.52
100.84
101.2
101.56
101.89
102.26
102.59
102.92
103.27
103.6
103.94
104.3
104.63
105.0
105.35
105.67
106.0
106.33
106.64
106.96
107.26
107.58
107.88
108.19
108.5
108.82
109.18
109.51
109.85
110.2
110.53
110.86
111.22
111.56
111.9
112.23
112.55
112.87
113.21
113.55
113.88
114.2
114.54
114.87
115.18
115.51
115.86
116.19
116.5
116.82
117.15
117.47
117.79
118.1
118.42
118.72
119.04
119.34
119.66
120.0
120.32
120.67
120.99
121.32
121.64
121.95
122.26
122.57
122.87
123.18
123.52
123.84
124.17
124.51
124.83
125.19
125.65
126.1
126.59
127.07
127.54
128.02
128.47
128.95
129.44
129.92
130.4
130.94
131.45
131.93
132.41
132.88
133.36
133.84
134.32
134.8
135.3
135.85
136.35
136.86
137.34
137.83
138.32
138.8
139.29
139.81
140.27
140.63
140.95
141.29
141.65
141.97
142.3
142.63
142.96
143.29
143.63
143.96
144.28
144.62
144.96
145.28
145.63
145.95
146.29
146.65
146.97
147.32
147.67
147.98
148.31
148.66
148.99
149.31
149.66
149.98
150.35
150.71
151.06
151.43
151.8
152.16
152.49
152.86
153.2
153.54
153.92
154.28
154.66
155.04
155.38
155.74
156.11
156.47
156.82
157.2
157.56
157.9
158.27
158.65
159.02
159.38
159.74
160.08
160.44
160.8
161.16
161.52
161.9
162.25
162.63
163.01
163.38
163.72
164.06
164.42
164.78
165.14
165.52
165.86
166.22
166.6
166.95
167.3
167.64
168.0
168.33
168.68
169.03
169.4
169.75
170.08
170.39
170.71
171.02
171.32
171.64
171.96
172.27
172.6
172.91
173.25
173.56
173.9
174.23
174.57
174.9
175.21
175.57
175.91
176.23
176.59
176.92
177.25
177.59
177.93
178.26
178.59
178.94
179.25
179.6
179.93
180.24
180.59
180.92
181.23
181.57
181.92
182.26
182.61
182.95
183.28
183.6
183.92
184.25
184.59
184.91
185.25
185.61
185.95
186.26
186.59
186.91
187.22
187.53
187.85
188.16
188.47
188.77
189.09
189.45
189.8
190.14
190.51
190.86
191.2
191.56
191.91
192.24
192.59
192.91
193.25
193.59
193.93
194.26
194.58
194.89
195.22
195.54
195.85
196.2
196.53
196.85
197.17
197.51
197.82
198.15
198.47
198.78
199.12
199.44
199.76
200.1
200.44
200.78
201.13
201.46
201.79
202.14
202.52
202.89
203.27
203.67
204.03
204.43
204.81
205.19
205.56
205.94
206.42
206.87
207.34
207.84
208.31
208.77
209.25
209.76
210.23
210.72
211.2
211.73
212.23
212.72
213.21
213.69
214.15
214.64
215.12
215.64
216.13
216.68
217.2
217.69
218.24
218.75
219.28
219.79
220.35
220.92
221.49
222.03
222.55
223.07
223.58
224.1
224.63
225.12
225.65
226.13
226.63
227.13
227.65
228.12
228.62
229.09
229.61
230.08
230.59
231.08
231.58
232.1
232.65
233.18
233.7
234.21
234.75
235.33
235.9
236.48
236.99
237.53
238.06
238.6
239.12
239.68
240.27
240.81
241.38
241.93
242.5
243.04
243.61
244.21
244.77
245.38
245.95
246.56
247.27
247.98
248.66
249.38
250.04
250.75
251.42
