0.5
2.25
4.04
5.9
7.79
9.63
11.62
13.72
15.24
16.57
17.82
19.08
20.35
21.69
23.03
24.37
25.72
27.14
28.53
30.03
31.5
32.97
34.44
35.84
37.16
38.57
39.92
41.32
42.73
44.2
46.16
48.09
50.05
52.06
54.01
56.15
58.34
59.91
61.23
62.54
63.83
65.1
66.48
67.81
69.12
70.51
71.96
73.35
74.89
76.47
77.93
79.44
80.84
82.22
83.64
85.02
86.38
87.74
89.15
90.45
91.71
92.98
94.3
95.61
96.93
98.23
99.54
100.84
102.25
103.6
104.96
106.32
107.57
108.81
110.19
111.57
112.87
114.2
115.51
116.82
118.1
119.36
120.65
121.93
123.2
124.51
126.09
128.01
129.92
131.94
133.83
135.84
137.83
139.8
141.28
142.63
143.95
145.27
146.64
147.97
149.3
150.7
152.15
153.53
155.03
156.46
157.9
159.37
160.79
162.25
163.71
165.14
166.59
167.99
169.61
171.48
173.39
175.39
177.42
179.44
181.43
183.44
185.46
187.37
189.26
191.38
193.93
196.53
199.11
201.78
204.32
206.86
209.24
211.19
213.2
215.12
217.19
219.28
221.49
223.58
225.64
227.64
229.6
231.95
234.21
236.47
238.59
240.8
243.04
245.44
248.13
