0.26
1.03
1.8
2.57
3.29
4.06
4.85
5.63
6.47
7.26
8.09
8.95
9.85
10.69
11.5
12.29
13.1
13.88
14.7
15.46
16.2
16.81
17.44
18.04
18.67
19.32
19.97
20.67
21.33
21.95
22.66
23.38
24.09
24.77
25.43
26.1
26.75
27.44
28.12
28.79
29.41
30.07
30.79
31.52
32.16
32.79
33.46
34.11
34.69
35.27
35.88
36.26
36.64
37.03
37.44
37.83
38.22
38.59
38.93
39.28
39.63
39.97
40.29
40.61
40.92
41.25
41.57
41.89
42.21
42.53
42.84
43.16
43.48
43.8
44.14
44.47
44.79
45.11
45.43
45.76
46.08
46.4
46.71
47.03
47.35
47.69
48.02
48.33
48.67
49.0
49.35
49.71
50.09
50.47
50.88
51.26
51.6
51.94
52.3
52.62
52.97
53.31
53.69
54.07
54.47
54.83
55.2
55.57
55.94
56.32
56.69
57.08
57.45
57.83
58.23
58.61
58.97
59.37
59.71
60.06
60.39
60.72
61.06
61.41
61.75
62.12
62.47
62.86
63.26
63.67
64.07
64.44
64.85
65.22
65.57
65.93
66.3
66.67
67.02
67.37
67.7
68.05
68.41
68.75
69.08
69.4
69.71
70.03
70.36
70.68
71.02
71.39
71.72
72.08
72.44
72.77
73.1
73.42
73.75
74.07
74.4
74.77
75.14
75.5
75.86
76.19
76.53
76.88
77.21
77.52
77.85
78.22
78.56
78.91
79.25
79.6
79.95
80.29
80.63
80.97
81.32
81.64
82.0
82.34
82.67
83.0
83.32
83.64
83.97
84.3
84.65
85.02
85.38
85.76
86.14
86.51
86.86
87.2
87.56
87.9
88.22
88.58
88.96
89.35
89.74
90.11
90.49
90.86
91.22
91.59
91.96
92.35
92.71
93.09
93.46
93.82
94.17
94.5
94.85
95.2
95.56
95.92
96.26
96.63
96.99
97.35
97.71
98.09
98.5
98.87
99.26
99.67
100.09
100.51
100.92
101.31
101.74
102.14
102.55
102.96
103.35
103.72
104.13
104.5
104.87
105.23
105.58
105.94
106.31
106.71
107.11
107.5
107.89
108.25
108.64
109.03
109.41
109.77
110.16
110.53
110.91
111.33
111.76
112.17
112.6
112.97
113.38
113.75
114.14
114.5
114.88
115.26
115.64
116.03
116.42
116.8
117.18
117.54
117.92
118.3
118.68
119.07
119.46
119.82
120.18
120.53
120.89
121.25
121.59
121.94
122.31
122.67
123.04
123.43
123.8
124.17
124.51
124.85
125.2
125.55
125.92
126.24
126.58
126.94
127.28
127.6
127.95
128.26
128.59
128.91
129.22
129.55
129.92
130.26
130.61
130.97
131.32
131.68
132.06
132.4
132.73
133.06
133.38
133.7
134.04
134.36
134.73
135.07
135.41
135.78
136.13
136.48
136.82
137.16
137.52
137.89
138.28
138.63
139.0
139.39
139.76
140.12
140.48
140.85
141.23
141.6
141.95
142.29
142.63
142.99
143.34
143.69
144.04
144.43
144.83
145.23
145.6
145.99
146.39
146.79
147.18
147.56
147.96
148.31
148.64
148.99
149.34
149.71
150.06
150.41
150.74
151.06
151.4
151.72
152.03
152.35
152.67
153.0
153.34
153.68
154.01
154.33
154.66
155.01
155.36
155.73
156.08
156.41
156.72
157.07
157.4
157.73
158.04
158.37
158.7
159.05
159.43
159.8
160.17
160.57
160.94
161.28
161.61
161.95
162.28
162.62
162.97
163.34
163.72
164.12
164.49
164.88
165.24
165.61
165.97
166.35
166.75
167.28
167.83
168.49
169.16
169.87
170.62
171.34
172.09
172.77
173.4
174.1
174.74
175.41
176.11
176.84
177.57
178.28
179.0
179.71
180.41
181.09
181.7
182.26
182.86
183.45
184.02
184.59
185.18
185.77
186.37
186.96
187.53
188.15
188.78
189.39
190.01
190.58
191.16
191.77
192.39
192.96
193.56
194.16
194.75
195.32
195.92
196.56
197.16
197.75
198.33
198.92
199.52
200.11
200.67
201.25
201.82
202.43
203.02
203.6
204.16
204.77
205.34
205.91
206.48
207.04
207.62
208.19
208.76
209.33
209.9
210.5
211.07
211.79
212.51
213.28
214.02
214.73
215.45
216.16
216.88
217.61
218.23
218.83
219.42
219.97
220.55
221.14
221.76
222.39
223.03
223.66
224.26
224.89
225.52
226.11
226.71
227.28
227.86
228.46
229.06
229.63
230.23
230.83
231.43
232.02
232.62
233.26
233.84
234.44
235.03
235.64
236.22
236.81
237.39
237.96
238.54
239.14
239.72
240.31
240.91
241.53
242.13
242.7
243.28
243.87
244.46
245.06
245.65
246.22
246.79
247.36
247.97
248.52
249.13
249.69
250.26
250.95
251.66
252.3
252.94
253.64
254.28
254.95
255.62
256.3
257.08
257.84
258.56
259.28
259.99
260.68
261.32
262.0
262.67
263.32
263.93
264.55
265.24
265.98
266.65
267.4
268.09
268.8
269.46
270.18
270.8
271.47
272.1
272.77
273.43
274.14
274.77
275.45
276.06
276.71
277.39
278.04
278.73
279.4
280.08
280.83
281.52
282.22
282.94
283.67
284.46
285.15
285.88
286.56
287.26
287.98
288.68
289.39
290.13
290.83
291.5
292.19
292.84
293.49
293.98
294.42
294.85
295.25
295.65
296.08
296.47
296.88
297.22
297.54
297.87
298.22
298.53
298.86
299.19
299.55
299.88
300.22
300.59
300.97
301.35
301.72
302.07
302.43
302.79
303.16
303.53
303.89
304.22
304.57
304.92
305.27
305.64
305.99
306.33
306.67
307.02
307.38
307.74
308.09
308.42
308.75
309.09
309.44
309.79
310.11
310.45
310.79
311.14
311.5
311.86
312.2
312.52
312.86
313.2
313.55
313.89
314.22
314.56
314.9
315.27
315.64
316.0
316.34
316.72
317.08
317.42
317.78
318.14
318.5
318.87
319.22
319.57
319.92
320.26
320.62
321.0
321.35
321.73
322.08
322.47
322.82
323.21
323.58
323.94
324.29
324.62
324.95
325.31
325.65
325.97
326.33
326.69
327.06
327.43
327.79
328.14
328.48
328.82
329.18
329.51
329.84
330.16
330.47
330.78
331.1
331.41
331.72
332.02
332.34
332.64
332.96
333.27
333.57
333.89
334.23
334.55
334.87
335.22
335.59
335.96
336.3
336.67
337.01
337.34
337.7
338.02
338.33
338.65
338.98
339.33
339.67
340.0
340.34
340.67
341.0
341.34
341.67
342.01
342.32
342.67
342.98
343.31
343.65
343.99
344.3
344.65
344.97
345.32
345.69
346.06
346.44
346.84
347.22
347.56
347.91
348.23
348.57
348.89
349.21
349.58
349.96
350.34
350.71
351.08
351.44
351.8
352.15
352.52
352.91
353.29
353.68
354.09
354.48
354.87
355.23
355.58
355.93
356.31
356.65
357.03
357.39
357.74
358.09
358.45
358.83
359.19
359.56
359.98
360.48
361.13
361.75
362.35
363.0
363.64
364.32
364.97
365.55
366.17
366.89
367.6
368.26
368.93
369.6
370.28
370.9
371.53
372.18
372.78
373.4
374.0
374.61
375.27
375.89
376.54
377.19
377.82
378.44
379.06
379.8
380.52
381.19
381.91
