1.03
3.42
5.97
8.48
10.83
13.46
16.17
18.66
21.33
24.08
26.75
29.41
32.16
34.69
36.63
38.21
39.62
40.93
42.22
43.47
44.78
46.07
47.34
48.67
50.08
51.6
52.96
54.46
55.94
57.44
58.79
60.07
61.41
62.86
64.45
65.93
67.36
68.74
70.02
71.38
72.83
74.38
75.92
77.46
78.91
80.28
81.66
83.0
84.28
85.75
87.19
88.56
90.11
91.58
93.09
94.55
95.92
97.35
98.87
100.51
102.13
103.72
105.22
106.59
107.9
109.54
111.32
112.97
114.5
116.01
117.52
119.06
120.53
121.94
123.43
124.84
126.23
127.59
128.98
130.6
132.05
133.37
134.72
136.12
137.51
138.99
140.47
141.94
143.34
144.6
145.84
147.05
148.31
149.71
151.06
152.34
153.67
155.01
156.4
157.72
159.04
160.56
161.94
163.33
164.87
166.34
168.49
171.33
174.09
176.84
179.7
182.26
184.58
186.96
189.38
191.76
194.15
196.55
198.92
201.24
203.59
205.9
208.18
210.5
213.28
216.15
218.83
221.13
223.65
226.1
228.45
230.82
233.25
235.63
237.95
240.3
242.69
245.05
247.36
249.69
252.29
254.93
257.82
260.68
263.31
265.97
268.79
271.46
274.13
276.72
279.39
282.22
285.15
287.98
290.82
293.49
296.02
298.22
299.88
301.35
302.79
304.21
305.63
307.01
308.41
309.78
311.13
312.51
313.89
315.25
316.71
318.13
319.56
320.99
322.46
323.95
325.57
327.05
328.47
329.84
331.09
332.33
333.57
334.86
336.29
337.7
338.97
340.34
341.66
342.98
344.29
345.68
347.22
348.56
349.95
351.43
352.9
354.4
355.91
357.38
358.82
360.47
363.0
365.54
368.25
370.89
373.39
375.88
378.43
381.19
