0.97
4.98
8.96
12.74
16.62
20.43
24.13
27.54
30.16
32.87
35.96
39.39
43.0
46.31
49.3
52.26
55.31
58.77
62.93
66.76
70.9
74.91
78.3
81.61
84.8
87.99
91.18
94.53
97.55
100.81
104.35
108.1
112.07
115.91
119.77
123.68
127.03
130.26
133.94
137.37
141.14
144.74
147.79
150.84
153.71
157.49
161.55
165.6
169.8
173.74
177.32
180.47
183.2
186.09
189.29
192.88
197.11
200.87
204.71
208.47
212.09
215.56
218.49
220.84
223.21
225.62
228.05
230.47
232.96
235.46
237.87
240.26
242.92
245.48
248.08
251.59
254.97
257.68
260.05
262.47
264.85
267.31
269.8
272.35
274.84
277.28
279.71
282.4
285.26
288.34
291.46
294.3
297.28
300.27
303.24
306.56
310.3
314.08
317.78
321.33
324.58
327.7
330.94
334.36
338.34
342.41
346.17
349.56
353.08
356.57
360.03
363.75
367.65
371.22
374.97
378.38
381.76
385.07
387.81
390.62
393.82
397.29
401.01
404.28
407.48
410.57
414.19
418.01
421.78
425.72
429.75
433.16
436.51
440.23
443.94
447.93
452.04
