0.98
2.02
3.03
4.01
4.99
5.89
6.73
7.61
8.51
9.42
10.25
11.17
11.93
12.75
13.57
14.38
15.26
16.07
16.96
17.78
18.6
19.47
20.26
21.02
21.82
22.54
23.25
23.96
24.7
25.44
26.11
26.82
27.55
28.28
28.9
29.5
30.14
30.67
31.25
31.72
32.19
32.65
33.14
33.55
33.94
34.37
34.75
35.17
35.56
35.95
36.32
36.71
37.12
37.57
38.04
38.47
38.92
39.39
39.82
40.25
40.68
41.11
41.56
41.97
42.41
42.84
43.23
43.61
43.97
44.36
44.76
45.15
45.55
45.94
46.32
46.72
47.11
47.53
47.93
48.28
48.61
48.97
49.32
49.71
50.07
50.44
50.8
51.17
51.56
51.97
52.4
52.83
53.23
53.65
54.07
54.51
54.93
55.32
55.71
56.12
56.51
56.95
57.41
57.85
58.3
58.77
59.21
59.63
60.07
60.51
60.97
61.45
61.97
62.44
62.93
63.41
63.93
64.4
64.86
65.33
65.81
66.28
66.77
67.32
67.86
68.39
68.89
69.45
69.92
70.44
70.91
71.39
71.91
72.4
72.87
73.35
73.84
74.35
74.84
75.32
75.78
76.23
76.7
77.15
77.52
77.91
78.3
78.71
79.08
79.5
79.92
80.32
80.74
81.13
81.54
81.95
82.38
82.79
83.19
83.59
84.01
84.43
84.85
85.3
85.78
86.24
86.68
87.16
87.56
87.98
88.38
88.8
89.19
89.56
89.96
90.35
90.78
91.19
91.58
91.99
92.42
92.83
93.23
93.58
93.92
94.27
94.61
94.97
95.35
95.7
96.05
96.41
96.79
97.18
97.54
97.93
98.3
98.68
99.1
99.52
99.96
100.38
100.8
101.21
101.61
102.01
102.42
102.91
103.38
103.9
104.36
104.84
105.27
105.73
106.16
106.59
107.1
107.64
108.12
108.63
109.15
109.68
110.16
110.63
111.11
111.61
112.08
112.55
113.05
113.53
114.0
114.47
114.95
115.45
115.91
116.41
116.87
117.37
117.85
118.33
118.8
119.27
119.77
120.22
120.65
121.12
121.55
121.97
122.41
122.82
123.25
123.69
124.14
124.57
125.02
125.44
125.86
126.26
126.65
127.05
127.47
127.88
128.33
128.84
129.34
129.84
130.25
130.63
131.04
131.48
131.98
132.5
132.99
133.47
133.95
134.47
134.93
135.36
135.77
136.17
136.57
136.97
137.37
137.8
138.21
138.65
139.05
139.49
139.91
140.33
140.74
141.15
141.6
142.07
142.57
143.07
143.62
144.15
144.74
145.49
146.27
147.0
147.8
148.62
149.32
150.05
150.69
151.41
152.08
152.72
153.39
154.09
154.75
155.41
156.12
156.79
157.49
158.24
159.02
159.89
160.76
161.56
162.49
163.53
164.56
165.61
166.63
167.65
168.73
169.8
170.83
171.93
172.85
173.75
174.75
175.59
176.47
177.33
178.08
178.88
179.7
180.39
181.04
181.76
182.48
183.21
183.9
184.6
185.35
186.09
186.9
187.65
188.49
189.3
190.07
190.9
191.84
192.88
193.95
195.07
196.14
197.12
198.12
199.06
199.98
200.88
201.86
202.81
203.8
204.71
205.69
206.62
207.55
208.48
209.45
210.32
211.25
212.09
213.01
213.84
214.71
215.57
216.41
217.27
217.91
218.49
219.09
219.67
220.24
220.84
221.45
222.02
222.63
223.22
223.85
224.46
225.03
225.62
226.21
226.79
227.4
228.05
228.66
229.25
229.86
230.47
231.11
231.72
232.33
232.97
233.58
234.22
234.84
235.46
236.07
236.65
237.25
237.87
238.48
239.1
239.69
240.27
240.87
241.49
242.2
242.93
243.57
244.21
244.85
245.48
246.12
246.81
247.47
248.1
248.79
249.43
250.14
250.97
251.77
252.53
253.37
254.17
254.98
255.76
256.48
257.11
257.69
258.27
258.87
259.46
260.05
260.66
261.26
261.87
262.47
263.08
263.69
264.28
264.86
265.47
266.05
266.66
267.34
267.98
268.57
269.18
269.81
270.46
271.1
271.7
272.35
272.95
273.56
274.19
274.85
275.46
276.06
276.66
277.29
277.91
278.52
279.12
279.72
280.37
281.0
281.62
282.23
282.89
283.49
284.14
284.77
285.38
286.03
286.74
287.4
288.04
288.75
289.44
290.08
290.8
291.49
292.21
292.97
293.66
294.31
295.01
295.79
296.52
297.29
298.02
298.76
299.51
300.3
301.05
301.74
302.48
303.29
304.11
304.96
305.78
306.57
307.44
308.33
309.39
310.31
311.24
312.2
313.17
314.09
315.06
316.0
316.93
317.78
318.68
319.6
320.53
321.34
322.16
322.94
323.79
324.59
325.38
326.12
326.9
327.71
328.46
329.27
330.1
330.95
331.84
332.7
333.52
334.37
335.32
336.32
337.37
338.35
339.3
340.21
341.2
342.12
343.06
344.02
344.97
345.95
346.86
347.75
348.71
349.56
350.42
351.31
352.23
353.09
353.97
354.78
355.69
356.57
357.49
358.34
359.27
360.12
361.01
361.94
362.74
363.55
364.33
365.09
365.87
366.69
367.43
368.23
369.1
370.01
370.81
371.66
372.55
373.5
374.49
375.46
376.34
377.3
378.19
378.97
379.81
380.57
381.4
382.18
382.94
383.64
384.37
385.09
385.86
386.55
387.34
388.16
389.0
389.81
390.62
391.42
392.23
393.09
393.87
394.75
395.56
396.4
397.27
398.03
398.83
399.69
400.59
401.45
402.21
403.05
403.89
404.68
405.62
406.53
407.4
408.28
409.18
410.12
411.09
411.92
412.78
413.62
414.4
415.17
416.09
417.1
418.17
419.32
420.33
421.31
422.33
423.29
424.25
425.21
426.09
427.02
427.92
428.87
429.76
430.64
431.45
432.34
433.17
433.94
434.78
435.57
436.52
437.43
438.35
439.34
440.24
441.18
442.03
442.82
443.66
444.52
445.31
446.21
447.01
447.94
448.79
449.73
450.57
451.45
452.3
453.23
454.11
454.92
455.88
456.81
457.68
