0.12
0.53
0.97
1.41
1.84
2.23
2.63
3.02
3.44
3.82
4.19
4.53
4.87
5.22
5.56
5.9
6.25
6.6
6.96
7.35
7.75
8.13
8.52
8.85
9.17
9.49
9.85
10.19
10.51
10.85
11.2
11.56
11.99
12.4
12.8
13.22
13.64
14.05
14.49
14.9
15.34
15.76
16.19
16.61
17.05
17.48
17.93
18.37
18.8
19.23
19.66
20.08
20.49
20.91
21.33
21.75
22.15
22.58
22.97
23.4
23.81
24.23
24.65
25.07
25.48
25.9
26.33
26.76
27.19
27.63
28.04
28.46
28.88
29.31
29.73
30.17
30.64
31.1
31.57
32.03
32.47
32.9
33.3
33.73
34.17
34.59
35.02
35.45
35.87
36.3
36.74
37.17
37.61
38.04
38.47
38.91
39.34
39.79
40.23
40.69
41.15
41.6
42.05
42.46
42.9
43.32
43.74
44.16
44.6
45.05
45.51
45.94
46.37
46.8
47.2
47.64
48.05
48.5
48.91
49.36
49.79
50.21
50.63
51.07
51.5
51.93
52.42
52.89
53.35
53.83
54.3
54.75
55.18
55.61
56.05
56.51
56.97
57.41
57.87
58.29
58.7
59.11
59.53
59.96
60.41
60.85
61.32
61.75
62.19
62.64
63.08
63.5
63.95
64.4
64.83
65.3
65.72
66.18
66.62
67.04
67.48
67.92
68.36
68.82
69.27
69.71
70.14
70.57
71.0
71.43
71.86
72.28
72.69
73.11
73.54
73.97
74.39
74.81
75.24
75.66
76.08
76.51
76.94
77.41
77.86
78.3
78.76
79.2
79.64
80.09
80.56
81.0
81.44
81.89
82.31
82.77
83.22
83.73
84.22
84.72
85.23
85.71
86.19
86.64
87.1
87.53
87.98
88.42
88.87
89.3
89.75
90.19
90.61
91.06
91.51
91.94
92.35
92.79
93.22
93.66
94.1
94.59
95.08
95.55
96.0
96.44
96.87
97.28
97.71
98.14
98.59
99.05
99.5
99.96
100.38
100.82
101.26
101.73
102.18
102.65
103.09
103.55
104.01
104.44
104.89
105.31
105.75
106.19
106.63
107.07
107.51
107.97
108.4
108.83
109.27
109.73
110.16
110.52
110.89
111.24
111.59
111.95
112.32
112.78
113.22
113.66
114.09
114.54
114.98
115.43
115.91
116.36
116.86
117.34
117.8
118.3
118.76
119.22
119.67
120.15
120.61
121.06
121.52
121.97
122.41
122.86
123.33
123.76
124.22
124.69
125.17
125.64
126.08
126.51
126.96
127.41
127.84
128.29
128.75
129.18
129.65
130.09
130.53
130.95
131.4
131.85
132.31
132.77
133.21
133.67
134.12
134.58
135.02
135.49
135.94
136.42
136.88
137.34
137.8
138.24
138.7
139.15
139.62
140.08
140.52
140.97
141.41
141.86
142.33
142.78
143.22
143.67
144.09
144.53
144.98
145.43
145.87
146.31
146.76
147.2
147.66
148.1
148.59
149.06
149.52
149.98
150.47
150.99
151.49
151.99
152.46
152.96
153.48
153.99
