0.96
2.23
3.44
4.51
5.56
6.59
7.74
8.91
10.18
11.55
12.8
14.04
15.33
16.6
17.92
19.22
20.48
21.74
22.96
24.22
25.47
26.76
28.04
29.3
30.63
32.02
33.3
34.59
35.86
37.16
38.47
39.78
41.14
42.63
43.95
45.27
46.6
47.99
49.35
50.63
51.93
53.34
54.74
56.04
57.41
58.7
59.96
61.31
62.63
63.94
65.29
66.61
67.92
69.27
70.57
71.86
73.11
74.4
75.66
76.93
78.29
79.63
80.99
82.3
83.72
85.22
86.63
87.98
89.3
90.61
91.94
93.22
94.58
96.01
97.45
98.8
100.17
101.5
102.86
104.25
105.59
107.0
108.39
109.75
111.24
112.68
114.08
115.42
116.85
118.29
119.68
121.05
122.4
123.75
125.16
126.5
127.83
129.18
130.52
131.84
133.2
134.58
135.94
137.34
138.69
140.07
141.4
142.77
144.07
145.42
146.75
148.1
149.7
151.64
