0.21
0.64
1.05
1.5
1.92
2.33
2.73
3.14
3.57
3.94
4.32
4.67
5.04
5.4
5.77
6.15
6.5
6.93
7.33
7.73
8.15
8.55
8.98
9.37
9.75
10.13
10.52
10.88
11.25
11.63
11.99
12.45
12.89
13.36
13.81
14.25
14.7
15.18
15.62
16.11
16.57
17.02
17.47
17.93
18.4
18.88
19.34
19.81
20.25
20.71
21.17
21.61
22.06
22.51
22.96
23.43
23.88
24.33
24.8
25.27
25.71
26.19
26.67
27.16
27.63
28.12
28.58
29.04
29.52
30.01
30.48
30.96
31.43
31.9
32.38
32.85
33.3
33.77
34.25
34.73
35.17
35.63
36.1
36.58
37.06
37.55
38.01
38.45
38.91
39.39
39.87
40.34
40.8
41.27
41.74
42.2
42.68
43.17
43.69
44.16
44.66
45.15
45.61
46.08
46.57
47.03
47.5
47.96
48.45
48.94
49.42
49.89
50.36
50.86
51.34
51.87
52.36
52.82
53.25
53.71
54.15
54.64
55.11
55.61
56.09
56.63
57.12
57.66
58.16
58.64
59.13
59.62
60.1
60.59
61.08
61.56
62.05
62.56
63.06
63.54
64.03
64.52
64.98
65.47
65.95
66.45
66.94
67.44
67.94
68.41
68.89
69.4
69.89
70.38
70.89
71.4
71.91
72.39
72.88
73.38
73.88
74.39
74.89
75.34
75.79
76.27
76.75
77.23
77.7
78.18
78.65
79.13
79.59
80.08
80.57
81.06
81.55
82.05
82.52
83.0
83.49
84.01
84.54
85.06
85.58
86.1
86.62
87.1
87.6
88.11
88.61
89.12
89.63
90.15
90.66
91.19
91.79
92.36
92.94
93.47
94.0
94.51
94.98
95.48
95.99
96.48
96.98
97.51
97.99
98.49
99.0
99.51
100.02
100.53
101.04
101.54
102.04
102.54
103.04
103.54
104.06
104.6
105.15
105.65
106.18
106.74
107.25
107.77
108.27
108.75
109.25
109.79
110.33
110.89
111.41
111.89
112.41
112.92
113.43
113.95
114.46
114.95
115.46
115.96
116.46
116.95
117.43
117.93
118.44
118.93
119.42
119.88
120.37
120.88
121.35
121.78
122.17
122.58
123.01
123.42
123.82
124.22
124.6
125.0
125.47
125.94
126.42
126.9
127.39
127.89
128.38
128.85
129.32
129.82
130.28
130.78
131.26
131.77
132.27
132.75
133.24
133.72
134.22
134.75
135.24
135.74
136.23
136.73
137.25
137.76
138.26
138.77
139.25
139.73
140.24
140.72
141.22
141.74
142.22
142.71
143.23
143.73
144.24
144.77
145.28
145.76
146.28
146.8
147.3
147.83
148.33
148.84
149.33
149.84
150.36
150.87
151.39
151.9
152.41
152.95
153.46
154.02
154.55
155.02
155.52
155.99
156.49
157.01
157.5
157.97
158.48
158.96
159.44
159.96
160.47
160.94
161.44
161.93
162.43
162.95
163.46
164.04
164.57
165.13
165.78
166.43
167.05
167.7
168.3
168.96
