2.52
4.32
6.5
9.0
11.25
13.35
15.39
16.79
18.17
19.57
20.92
22.28
23.63
25.01
26.42
27.86
29.29
30.73
32.13
33.74
35.17
36.58
38.01
39.38
40.8
42.2
43.68
45.19
46.78
48.21
49.65
51.09
52.58
53.93
55.34
56.47
57.66
59.12
60.58
62.05
63.54
64.97
66.45
67.93
69.39
70.89
72.38
73.88
75.33
76.74
78.18
79.59
81.06
82.52
84.0
85.57
87.1
88.61
90.14
91.68
93.05
94.32
95.74
97.24
98.73
100.27
101.79
103.28
104.88
106.47
108.02
109.51
111.17
112.66
114.19
115.7
117.53
119.64
121.77
124.21
126.41
128.64
131.0
133.23
135.48
136.98
138.51
139.96
141.45
142.96
144.49
146.01
147.56
149.07
150.61
152.14
153.75
155.27
156.74
158.23
159.71
161.19
162.69
164.21
165.59
166.83
