0.13
0.47
0.81
1.17
1.53
1.87
2.22
2.56
2.9
3.24
3.58
3.93
4.26
4.61
4.93
5.28
5.64
5.99
6.37
6.71
7.05
7.4
7.73
8.08
8.43
8.78
9.13
9.47
9.83
10.18
10.55
10.92
11.3
11.66
12.01
12.38
12.72
13.07
13.43
13.78
14.12
14.49
14.85
15.2
15.55
15.91
16.27
16.63
17.01
17.39
17.76
18.12
18.5
18.86
19.23
19.61
19.98
20.35
20.72
21.09
21.44
21.82
22.18
22.57
22.94
23.28
23.64
24.0
24.37
24.72
25.09
25.43
25.79
26.13
26.49
26.85
27.22
27.58
27.94
28.31
28.67
29.03
29.39
29.74
30.09
30.45
30.81
31.18
31.53
31.9
32.26
32.64
33.0
33.37
33.72
34.07
34.43
34.79
35.17
35.51
35.85
36.21
36.56
36.93
37.29
37.64
38.0
38.38
38.74
39.11
39.47
39.84
40.19
40.55
40.93
41.3
41.69
42.07
42.46
42.85
43.23
43.63
44.02
44.38
44.73
45.1
45.47
45.84
46.21
46.59
46.97
47.36
47.75
48.13
48.49
48.87
49.24
49.62
50.0
50.37
50.75
51.12
51.5
51.88
52.28
52.66
53.02
53.45
53.89
54.32
54.78
55.24
55.68
56.13
56.57
57.02
57.44
57.88
58.29
58.72
59.15
59.58
60.01
60.44
60.89
61.33
61.76
62.2
62.65
63.09
63.54
63.97
64.4
64.84
65.28
65.74
66.18
66.59
66.98
67.4
67.84
68.26
68.69
69.13
69.54
69.99
70.39
70.83
71.23
71.65
72.07
72.49
72.93
73.34
73.76
74.19
74.61
75.03
75.44
75.87
76.27
76.7
77.13
77.58
77.99
78.4
78.83
79.26
79.68
80.1
80.54
80.97
81.39
81.79
82.2
82.62
83.04
83.44
83.86
84.27
84.7
85.11
85.53
85.96
86.37
86.77
87.16
87.56
87.94
88.33
88.72
89.12
89.5
89.88
90.27
90.67
91.05
91.44
91.81
92.19
92.58
92.94
93.34
93.7
94.07
94.45
94.83
95.2
95.57
95.94
96.31
96.67
97.06
97.43
97.82
98.21
98.59
99.0
99.41
99.79
100.2
100.6
100.99
101.39
101.8
102.2
102.61
103.02
103.42
103.83
104.23
104.64
105.04
105.43
105.83
106.2
106.61
106.99
107.37
107.76
108.15
108.53
108.91
109.3
109.68
110.06
110.43
110.81
111.19
111.57
111.94
112.33
112.72
113.1
113.49
113.88
114.26
114.66
115.04
115.42
115.81
116.21
116.6
116.98
117.39
117.85
118.29
118.73
119.15
119.6
120.05
120.52
120.97
121.42
121.86
122.3
122.75
123.21
123.69
124.18
124.67
125.15
125.61
126.03
126.49
126.93
127.35
127.81
128.24
128.68
129.13
129.57
130.02
130.47
130.93
131.38
131.84
132.26
132.7
133.11
133.54
133.97
134.42
134.84
135.28
135.68
136.11
136.54
136.97
137.41
137.77
138.12
138.47
138.81
139.16
139.5
139.86
140.2
140.55
140.89
141.23
141.58
141.92
142.27
142.62
142.98
143.34
143.72
144.07
144.42
144.77
145.11
145.46
145.82
146.16
146.52
146.87
147.22
147.59
147.93
148.3
148.66
149.04
149.4
149.78
150.14
150.49
150.84
151.19
151.54
151.91
152.27
152.63
152.98
153.34
153.7
154.08
154.48
154.86
155.22
155.61
156.0
156.38
156.74
157.12
157.53
157.92
158.31
158.69
159.08
159.5
159.88
160.28
160.7
161.07
161.47
161.83
162.18
162.55
162.89
163.23
163.6
163.95
164.33
164.73
165.09
165.47
165.87
166.23
166.59
166.98
167.33
167.71
168.08
168.44
168.81
169.2
169.55
169.93
170.29
170.68
171.04
171.42
171.78
172.12
172.5
172.86
173.22
173.58
173.92
174.29
174.65
175.01
175.37
175.74
176.11
176.48
176.84
177.22
177.57
177.94
178.32
178.68
179.07
179.44
179.82
180.23
180.63
181.03
181.42
181.78
182.13
182.5
182.86
183.24
183.61
183.99
184.36
184.74
185.12
185.5
185.87
186.25
186.62
186.98
187.36
187.74
188.11
188.48
188.86
189.24
189.63
189.99
190.37
190.78
191.22
191.64
192.1
192.55
192.99
193.46
193.93
194.38
194.83
195.3
195.78
196.25
196.71
197.19
197.69
198.17
198.64
199.08
199.53
199.99
200.45
200.9
201.34
201.78
202.23
202.68
203.15
203.6
204.01
204.41
204.81
205.25
205.66
206.09
206.55
206.98
207.43
207.85
208.29
208.7
209.13
209.57
210.03
210.47
210.89
211.33
211.78
212.21
212.63
213.06
213.49
213.93
214.38
214.81
215.26
215.7
216.12
216.56
217.02
217.46
217.87
218.28
218.7
219.12
219.52
219.93
220.36
220.78
221.19
221.59
222.0
222.43
222.84
223.23
223.65
224.07
224.46
224.85
225.25
225.63
226.02
226.42
226.84
227.23
227.61
228.0
228.4
228.79
229.18
229.57
229.97
230.34
230.73
231.12
231.5
231.88
232.26
232.65
233.04
233.42
233.79
234.17
234.55
234.99
235.39
235.83
236.25
236.65
237.03
237.44
237.83
238.24
238.63
239.03
239.43
239.85
240.24
240.65
241.03
241.44
241.84
242.26
242.67
243.05
243.44
243.83
244.23
244.61
245.01
245.41
245.81
246.2
246.58
246.95
247.34
247.71
248.09
248.46
248.84
249.23
249.6
249.99
250.38
250.76
251.14
251.54
251.94
252.33
252.71
253.09
253.48
253.87
254.26
254.64
255.02
255.41
255.77
256.15
256.55
256.93
257.31
257.67
258.05
258.44
258.81
259.23
259.69
260.11
260.55
260.99
261.46
261.97
262.47
262.95
263.39
263.85
264.29
264.74
265.17
265.61
266.05
266.48
266.93
267.36
267.81
268.24
268.68
269.11
269.55
269.96
270.41
270.83
271.26
271.68
272.13
272.56
272.98
273.38
273.81
274.26
274.7
275.15
275.6
276.07
276.52
276.93
277.37
277.79
278.23
278.66
279.1
279.56
279.99
280.4
280.83
281.24
281.67
282.1
282.55
282.94
283.29
283.66
284.01
284.36
284.71
285.07
285.42
285.77
286.1
286.46
286.83
287.19
287.56
287.93
288.29
288.66
289.03
289.39
289.76
290.13
290.51
290.9
291.29
291.67
292.04
292.39
292.76
293.11
293.47
293.84
294.22
294.58
294.97
295.33
295.71
296.08
296.46
296.83
297.23
297.6
297.98
298.34
298.71
299.08
299.43
299.8
300.17
300.52
300.89
301.27
301.64
302.01
302.4
302.8
303.22
303.61
304.01
304.38
304.76
305.15
305.53
305.92
306.28
306.65
307.02
307.41
307.77
308.13
308.53
308.93
309.32
309.69
310.1
310.47
310.86
311.25
311.66
312.05
312.44
312.84
313.22
313.62
314.03
314.43
314.86
315.32
315.77
316.2
316.7
317.23
317.75
318.25
318.74
319.25
319.8
320.32
320.82
321.34
321.87
322.4
322.91
323.45
323.95
324.52
325.04
325.57
326.14
326.65
327.16
327.68
328.17
328.67
329.18
329.7
330.18
330.69
331.19
331.68
332.17
332.64
333.14
333.65
334.19
334.68
335.19
335.69
336.21
336.72
337.25
337.74
338.24
338.73
339.22
339.73
340.22
340.76
341.26
341.75
342.27
342.78
343.31
343.79
344.27
344.78
345.27
345.76
346.23
346.72
347.18
347.69
348.21
348.72
349.26
349.76
350.27
350.77
351.27
351.78
352.28
352.7
353.12
353.57
353.98
354.39
354.78
355.2
355.62
356.02
356.43
356.85
357.24
357.65
358.06
358.48
358.91
359.32
359.74
360.16
360.54
360.95
361.35
361.75
362.15
362.53
362.91
363.31
363.69
364.06
364.43
364.83
365.21
365.57
365.96
366.35
366.76
367.15
367.52
367.89
368.26
368.65
369.01
369.37
369.76
370.15
370.52
370.89
371.28
371.67
372.06
372.45
372.84
373.21
373.6
374.0
374.39
374.79
375.17
375.59
375.98
376.37
376.75
377.13
377.52
377.89
378.26
378.64
379.02
379.41
379.79
380.18
380.57
380.96
381.34
381.74
382.14
382.51
382.92
383.3
383.66
384.05
384.42
384.77
385.13
385.49
385.84
386.21
386.56
386.93
387.27
387.61
387.97
388.33
388.69
389.07
389.45
389.81
390.17
390.53
390.88
391.24
391.6
391.96
392.33
392.69
393.05
393.41
393.78
394.14
394.51
394.89
395.27
395.63
395.99
396.36
396.71
397.07
397.42
397.78
398.14
398.51
398.86
399.2
399.54
399.93
400.35
400.8
401.23
401.65
402.08
402.52
402.97
403.4
403.86
404.3
404.72
405.14
405.55
405.97
406.4
406.81
407.2
407.61
408.02
408.43
408.84
409.25
409.68
410.08
410.43
410.77
411.11
411.46
411.82
412.19
412.54
412.91
413.26
413.61
413.97
414.33
414.7
415.05
415.43
415.79
416.15
416.5
416.85
417.18
417.54
417.89
418.25
418.58
418.93
419.29
419.64
420.0
420.38
420.74
421.1
421.45
421.8
422.14
422.5
422.85
423.2
423.56
423.91
424.28
424.64
425.01
425.38
425.74
426.12
426.52
426.9
427.27
427.65
428.03
428.4
428.78
429.18
429.52
429.9
430.25
430.61
430.96
431.33
431.68
432.04
432.4
432.78
433.12
433.5
433.86
434.21
434.57
434.92
435.28
435.65
436.03
436.4
436.78
437.17
437.56
437.94
438.32
438.69
439.05
439.42
439.8
440.18
440.53
440.9
441.27
441.65
442.02
442.4
442.77
443.14
443.52
443.89
444.26
444.64
445.01
445.39
445.77
446.15
446.54
446.92
447.28
447.69
448.15
448.57
449.04
449.51
449.96
450.43
450.89
451.35
451.79
452.27
452.77
453.27
453.75
454.24
454.66
455.1
455.54
455.98
456.43
456.9
457.34
457.78
458.25
458.7
459.14
459.56
460.0
460.44
460.87
461.31
461.73
462.14
462.56
462.98
463.39
463.83
464.24
464.64
465.04
465.47
465.89
466.3
466.72
467.17
467.59
468.0
468.43
468.84
469.26
469.67
470.09
470.51
470.92
471.35
471.75
472.18
472.6
473.0
473.44
473.93
474.38
474.87
475.28
475.7
476.11
476.52
476.92
477.33
477.74
478.14
478.56
478.96
479.37
479.77
480.17
480.59
480.98
481.37
481.76
482.15
482.54
482.92
483.31
483.72
484.1
484.48
484.86
485.26
485.63
486.02
486.39
486.76
487.13
487.49
487.87
488.24
488.61
488.98
489.36
489.74
490.12
490.48
490.85
491.22
491.61
491.98
492.34
492.73
493.11
493.5
493.88
494.27
494.66
495.06
495.44
495.82
496.23
496.62
497.01
497.41
497.8
498.2
498.6
499.02
499.41
499.79
500.17
500.55
500.95
501.33
501.72
502.11
502.49
502.87
503.25
503.62
504.0
504.36
504.73
505.11
505.47
505.85
506.23
506.61
506.98
507.35
507.74
508.12
508.51
508.9
509.28
509.66
510.04
510.43
510.82
511.2
511.61
512.03
512.49
512.98
513.45
513.9
514.39
514.83
515.27
515.69
516.13
516.58
517.01
517.46
517.92
518.41
518.88
519.35
519.78
520.23
520.68
521.15
521.59
522.01
522.46
522.9
523.35
523.78
524.22
524.65
525.1
525.57
526.0
526.42
526.87
527.28
527.71
528.15
528.61
529.04
529.48
529.89
530.33
530.75
531.18
531.63
532.09
532.57
533.03
533.45
533.9
534.32
534.74
535.09
535.44
535.78
536.12
536.47
536.83
537.17
537.53
537.87
538.23
538.58
538.93
539.27
539.63
539.98
540.34
540.69
541.04
541.4
541.78
542.13
542.49
542.85
543.21
543.57
543.93
544.3
544.65
545.01
545.37
545.73
546.12
546.48
546.85
547.21
547.6
547.95
548.31
548.67
549.04
549.4
549.76
550.12
550.49
550.85
551.22
551.59
551.97
552.32
552.7
553.06
553.43
553.81
554.17
554.53
554.89
555.26
555.63
555.99
556.34
556.73
557.22
557.7
558.25
558.77
559.33
559.89
560.44
560.98
561.53
562.07
562.78
563.47
564.18
564.92
565.64
566.33
567.05
567.78
568.51
569.26
570.02
570.78
571.52
572.26
573.0
573.75
574.46
575.33
576.22
577.11
577.96
578.87
579.79
580.64
581.48
582.37
583.22
584.13
584.92
585.75
586.6
587.47
588.33
589.2
590.09
590.93
591.8
592.72
593.61
594.56
595.5
596.49
597.42
598.44
599.46
600.41
601.32
602.36
603.43
604.48
605.47
606.45
607.45
608.55
609.62
610.76
611.8
612.92
613.95
615.05
616.09
617.15
618.28
619.34
620.4
621.35
622.28
623.19
624.17
625.1
626.01
626.95
627.87
628.71
629.57
630.42
631.27
632.11
632.98
633.77
634.56
635.36
636.14
636.98
637.81
