0.8
2.21
3.58
4.93
6.35
7.73
9.13
10.54
12.01
13.42
14.84
16.22
17.95
19.87
21.81
23.79
25.95
28.14
30.26
32.45
34.78
37.63
40.55
43.62
46.58
49.61
53.01
56.57
60.4
63.97
67.4
70.83
74.2
77.58
80.96
84.26
87.56
90.66
93.7
96.67
99.79
103.01
106.19
109.29
112.32
115.41
118.29
121.42
125.15
128.23
131.84
135.28
138.46
141.23
144.07
146.86
149.78
152.62
155.8
159.07
161.82
164.73
167.53
170.47
173.76
176.84
179.81
182.85
185.87
188.85
192.09
195.78
199.53
203.14
206.56
210.03
213.49
217.01
220.36
223.64
226.83
230.18
233.22
236.24
239.22
241.64
243.24
244.81
246.38
247.9
249.41
250.96
252.51
254.06
255.66
257.47
259.23
260.99
262.96
265.04
266.92
268.67
270.4
272.12
273.82
275.59
277.37
279.09
280.82
282.54
284.0
285.41
286.82
288.29
289.76
291.28
292.76
294.21
295.7
297.23
298.71
300.16
301.63
303.21
304.76
306.27
307.77
309.32
310.86
312.44
314.03
315.76
317.38
319.02
320.68
322.27
323.81
325.39
326.9
328.39
329.82
331.31
332.74
334.2
335.68
337.25
338.72
340.25
341.75
343.29
344.77
346.23
347.68
349.25
350.77
352.29
353.97
355.61
357.23
358.91
360.53
362.15
363.69
365.2
366.76
368.26
369.76
371.26
372.78
374.38
375.97
377.51
379.02
380.57
382.13
383.65
385.12
386.55
387.96
389.44
390.88
392.32
393.77
395.26
396.7
398.2
399.93
401.65
403.37
405.13
406.83
408.62
410.42
411.82
413.25
414.69
416.15
417.53
418.92
420.38
421.79
423.2
424.63
426.12
427.64
429.17
430.6
432.03
433.49
434.91
436.39
437.94
439.42
440.89
442.39
443.88
445.38
446.92
448.57
450.43
452.27
454.23
455.98
457.78
459.55
461.29
462.97
464.64
466.3
467.99
469.66
471.34
473.0
474.46
476.1
477.73
479.36
480.98
482.54
484.09
485.54
486.94
488.42
489.92
491.4
492.91
494.46
496.01
497.61
499.19
500.74
502.3
503.8
505.29
506.8
508.31
509.85
511.4
513.06
514.82
516.58
518.4
520.13
521.63
523.34
525.09
526.86
528.6
530.32
532.08
533.89
535.65
537.17
538.57
539.97
541.4
542.84
544.3
545.73
547.21
548.66
550.12
551.59
553.05
554.52
555.98
557.7
559.88
562.07
564.92
567.77
570.77
573.74
577.1
580.63
584.12
587.46
590.91
594.55
598.44
602.36
606.5
610.75
615.03
619.29
623.18
626.95
630.42
633.76
636.97
