0.28
0.65
1.02
1.42
1.8
2.16
2.53
2.9
3.27
3.61
3.97
4.35
4.71
5.06
5.41
5.78
6.14
6.5
6.86
7.23
7.6
7.96
8.33
8.69
9.05
9.4
9.76
10.12
10.47
10.83
11.18
11.54
11.89
12.26
12.62
12.98
13.35
13.7
14.07
14.42
14.77
15.13
15.5
15.87
16.23
16.57
16.94
17.32
17.71
18.1
18.48
18.84
19.24
19.6
19.98
20.36
20.76
21.14
21.52
21.9
22.28
22.64
22.99
23.34
23.67
24.02
24.38
24.74
25.12
25.47
25.83
26.19
26.57
26.92
27.29
27.67
28.05
28.42
28.79
29.15
29.51
29.87
30.22
30.59
30.96
31.33
31.7
32.06
32.43
32.8
33.17
33.53
33.9
34.29
34.67
35.06
35.44
35.8
36.2
36.58
36.95
37.32
37.7
38.08
38.46
38.84
39.22
39.61
39.98
40.37
40.74
41.13
41.52
41.89
42.29
42.67
43.06
43.47
43.86
44.27
44.68
45.07
45.44
45.82
46.21
46.58
46.95
47.33
47.74
48.14
48.53
48.94
49.33
49.71
50.1
50.48
50.87
51.26
51.64
52.03
52.41
52.8
53.21
53.61
54.01
54.41
54.81
55.26
55.73
56.19
56.65
57.1
57.53
57.98
58.4
58.84
59.37
59.86
60.34
60.84
61.36
61.84
62.32
62.78
63.26
63.73
64.2
64.66
65.12
65.6
66.06
66.53
67.03
67.51
67.97
68.47
68.95
69.4
69.83
70.28
70.73
71.18
71.64
72.07
72.52
72.96
73.38
73.85
74.34
74.81
75.26
75.73
76.22
76.66
77.1
77.52
77.96
78.4
78.84
79.28
79.73
80.2
80.65
81.07
81.52
81.93
82.35
82.75
83.16
83.58
83.97
84.39
84.79
85.2
85.61
86.03
86.44
86.87
87.28
87.7
88.14
88.55
88.96
89.34
89.74
90.13
90.52
90.89
91.28
91.68
92.1
92.48
92.88
93.3
93.69
94.07
94.44
94.8
95.18
95.54
95.9
96.28
96.66
97.03
97.4
97.79
98.16
98.53
98.91
99.31
99.71
100.08
100.47
100.88
101.28
101.69
102.1
102.51
102.92
103.33
103.72
104.13
104.53
104.94
105.34
105.75
106.16
106.55
106.96
107.39
107.79
108.2
108.61
109.03
109.44
109.87
110.25
110.67
111.07
111.46
111.86
112.26
112.66
113.05
113.43
113.83
114.23
114.63
115.03
115.43
115.82
116.21
116.59
116.99
117.39
117.77
118.15
118.55
118.95
119.34
119.74
120.14
120.56
120.98
121.42
121.84
122.25
122.66
123.08
123.51
123.92
124.37
124.8
125.24
125.68
126.14
126.57
126.97
127.38
127.78
128.18
128.57
128.97
129.36
129.76
130.18
130.56
130.97
131.41
131.84
132.26
132.72
133.14
133.59
134.05
134.5
134.94
135.39
135.86
136.31
136.76
137.19
137.63
138.05
138.47
138.9
139.35
139.79
140.22
140.66
141.12
141.6
142.04
142.5
142.98
143.42
143.86
144.31
144.76
145.23
145.63
146.05
146.45
146.83
147.21
147.57
147.95
148.33
148.71
149.11
149.48
149.86
150.23
150.61
150.97
151.34
151.7
152.08
152.42
152.79
153.14
153.51
153.88
154.24
154.61
155.0
155.36
155.73
156.09
156.47
156.83
157.2
157.59
157.96
158.32
158.68
159.05
159.42
159.8
160.16
160.53
160.88
161.25
161.6
161.95
162.31
162.67
163.03
163.41
163.79
164.15
164.53
164.9
165.25
165.63
165.99
166.36
166.72
167.08
167.45
167.81
168.16
168.54
168.9
169.24
169.6
169.96
170.32
170.7
171.06
171.42
171.78
172.14
172.48
172.85
173.2
173.59
173.95
174.34
174.72
175.1
175.47
175.84
176.22
176.6
176.98
177.36
177.74
178.14
178.52
178.89
179.28
179.7
180.08
180.49
180.88
181.31
181.76
182.19
182.6
183.0
183.4
183.81
184.21
184.6
185.0
185.38
185.76
186.14
186.52
186.9
187.28
187.67
188.05
188.43
188.79
189.18
189.59
189.98
190.35
190.76
191.14
191.54
191.93
192.35
192.75
193.15
193.54
193.93
194.33
194.75
195.13
195.54
195.95
196.33
196.73
197.13
197.53
197.94
198.32
198.69
199.06
199.45
199.83
200.19
200.55
200.94
201.3
201.69
202.07
202.44
202.82
203.19
203.57
203.95
204.35
204.73
205.09
205.47
205.85
206.25
206.61
207.01
207.39
207.77
208.13
208.52
208.91
209.29
209.65
210.06
210.45
210.84
211.22
211.6
212.0
212.39
212.79
213.18
213.55
213.92
214.29
214.66
215.02
215.39
215.77
216.17
216.58
217.01
217.42
217.86
218.26
218.7
219.09
219.5
219.91
220.34
220.75
221.15
221.57
221.97
222.35
222.75
223.16
223.59
223.98
224.39
224.83
225.3
225.73
226.2
226.65
227.07
227.49
227.92
228.37
228.8
229.23
229.64
230.09
230.5
230.93
231.38
231.82
232.26
232.69
233.15
233.56
234.01
234.4
234.78
235.18
235.57
235.93
236.31
236.7
237.09
237.46
237.84
238.21
238.6
238.98
239.37
239.75
240.11
240.49
240.87
241.27
241.67
242.07
242.47
242.89
243.27
243.67
244.07
244.48
244.89
245.29
245.67
246.08
246.48
246.88
247.28
247.69
248.09
248.47
248.86
249.23
249.58
249.97
250.32
250.7
251.09
251.47
251.85
252.24
252.61
252.99
253.34
253.71
254.07
254.43
254.79
255.13
255.49
255.85
256.23
256.57
256.96
257.34
257.72
258.1
258.49
258.86
259.23
259.59
259.97
260.32
260.68
261.04
261.42
261.79
262.16
262.53
262.91
263.28
263.63
264.0
264.36
264.73
265.09
265.44
265.81
266.18
266.54
266.89
267.29
267.7
268.13
268.54
268.96
269.39
269.81
270.25
270.69
271.12
271.55
271.98
272.4
272.83
273.27
273.61
273.97
274.33
274.71
275.06
275.39
275.76
276.11
276.45
276.83
277.17
277.53
277.91
278.26
278.62
278.97
279.34
279.71
280.1
280.47
280.85
281.24
281.63
282.01
282.39
282.77
283.15
283.52
283.87
284.22
284.56
284.91
285.28
285.65
285.99
286.36
286.72
287.1
287.46
287.83
288.21
288.58
288.96
289.32
289.68
290.03
290.38
290.74
291.12
291.49
291.87
292.24
292.6
292.98
293.34
293.71
294.1
294.49
294.87
295.24
295.61
296.0
296.37
296.75
297.15
297.51
297.89
298.27
298.68
299.05
299.44
299.85
300.23
300.61
300.98
301.36
301.73
302.09
302.43
302.79
303.15
303.51
303.88
304.27
304.63
305.0
305.41
305.81
306.22
306.62
307.01
307.4
307.76
308.14
308.54
308.9
309.28
309.68
310.07
310.46
310.86
311.25
311.63
312.02
312.4
312.78
313.15
313.55
313.94
314.31
314.71
315.16
315.57
316.01
316.47
316.93
317.39
317.87
318.33
318.78
319.25
319.71
320.17
320.61
321.07
321.59
322.09
322.61
323.14
323.62
324.16
324.66
325.16
325.64
326.1
326.54
327.0
327.46
327.93
328.38
328.85
329.32
329.79
330.27
330.73
331.22
331.67
332.16
332.62
333.1
333.56
334.02
334.47
334.9
335.35
335.77
336.23
336.72
337.23
337.7
338.17
338.67
339.13
339.58
340.03
340.49
340.96
341.41
341.89
342.33
342.81
343.27
343.69
344.12
344.55
344.96
345.37
345.79
346.2
346.61
347.01
347.42
347.85
348.26
348.66
349.07
349.47
349.88
350.3
350.74
351.15
351.57
351.96
352.37
352.77
353.15
353.53
353.93
354.34
354.75
355.13
355.53
355.93
356.33
356.71
357.08
357.47
357.83
358.19
358.56
358.94
359.32
359.69
360.06
360.46
360.84
361.23
361.61
362.0
362.39
362.78
363.19
363.59
364.0
364.39
364.8
365.2
365.6
366.0
366.42
366.81
367.22
367.62
368.04
368.44
368.84
369.22
369.62
370.05
370.47
370.9
371.29
371.72
372.11
372.54
372.94
373.36
373.77
374.17
374.56
374.96
375.35
375.74
376.14
376.53
376.92
377.31
377.7
378.08
378.47
378.86
379.25
379.65
380.03
380.43
380.81
381.22
381.62
382.02
382.4
382.82
383.2
383.6
384.0
384.4
384.81
385.2
385.61
386.02
386.45
386.89
387.34
387.8
388.26
388.69
389.15
389.59
390.01
390.46
390.88
391.29
391.68
392.07
392.45
392.84
393.24
393.67
394.06
394.49
394.92
395.36
395.78
396.22
396.65
397.11
397.53
397.97
398.43
398.92
399.39
399.84
400.31
400.78
401.27
401.71
402.15
402.6
403.05
403.5
403.97
404.42
404.86
405.27
405.69
406.13
406.54
406.95
407.39
407.81
408.23
408.63
408.99
409.35
409.73
410.1
410.47
410.85
411.2
411.57
411.93
412.28
412.61
412.99
413.38
413.76
414.14
414.52
414.9
415.27
415.64
416.02
416.4
416.8
417.18
417.54
417.93
418.31
418.69
419.07
419.46
419.82
420.23
420.61
420.99
421.36
421.73
422.1
422.46
422.83
423.2
423.59
423.97
424.35
424.73
425.11
425.5
425.88
426.27
426.68
427.06
427.44
427.82
428.2
428.58
428.96
429.33
429.77
430.25
430.77
431.25
431.73
432.26
432.84
433.41
434.01
434.59
435.33
436.02
436.74
437.43
438.17
438.89
439.64
440.41
441.13
441.85
442.54
443.25
444.01
444.77
445.54
446.31
447.12
447.9
448.71
449.44
450.2
450.95
451.75
452.48
453.21
454.0
454.72
455.47
456.21
456.97
457.77
458.54
459.36
460.17
460.97
461.78
462.64
463.61
464.51
465.51
466.45
467.52
468.61
469.71
470.85
471.91
472.99
474.07
475.2
476.21
477.22
478.31
479.3
480.4
481.46
482.6
483.68
484.75
485.8
486.89
487.96
488.93
489.85
490.83
491.91
492.98
493.96
494.99
495.96
496.88
497.64
498.45
499.26
500.05
500.87
501.56
502.26
502.94
503.59
504.26
504.91
505.61
506.29
506.94
507.68
508.45
509.23
509.96
