1.0
2.52
3.97
5.4
6.85
8.32
9.76
11.18
12.62
14.06
15.49
16.92
18.53
20.23
21.9
23.59
25.12
26.56
28.05
29.51
30.96
32.42
33.9
35.44
36.95
38.46
39.98
41.51
43.05
44.67
46.2
47.74
49.33
50.86
52.41
54.0
55.73
57.53
59.37
61.34
63.26
65.12
67.04
68.94
70.73
72.52
74.33
76.21
77.95
79.73
81.51
83.16
84.78
86.44
88.13
89.74
91.28
92.87
94.43
95.9
97.4
98.9
100.47
102.1
103.71
105.33
106.96
108.61
110.25
111.86
113.42
115.02
116.59
118.15
119.74
121.41
123.08
124.79
126.57
128.17
129.75
131.4
133.13
134.93
136.75
138.48
140.22
141.82
143.42
145.19
146.83
148.33
149.85
151.33
152.78
154.23
155.72
157.19
158.67
160.14
161.59
163.03
164.53
165.98
167.44
168.9
170.32
171.78
173.2
174.71
176.21
177.73
179.28
180.87
182.59
184.2
185.99
188.04
190.5
193.01
195.54
198.31
201.3
204.35
207.39
210.45
213.43
216.04
218.48
220.33
221.96
223.57
225.13
226.66
228.38
230.24
231.86
233.42
234.98
236.55
238.12
239.68
241.26
242.88
244.47
246.07
247.68
249.21
250.67
252.24
253.7
255.12
256.57
258.1
259.58
261.03
262.52
264.0
265.43
266.88
268.53
270.26
271.97
273.59
275.06
276.47
277.9
279.33
280.85
282.38
283.86
285.28
286.71
288.21
289.67
291.12
292.59
294.1
295.61
297.14
298.68
300.23
301.72
303.14
304.63
306.21
308.02
309.68
311.25
312.77
314.31
315.99
317.86
319.7
321.59
323.64
325.62
327.44
329.38
331.3
333.1
334.89
336.72
338.66
340.48
342.32
344.1
345.78
347.41
349.06
350.73
352.37
353.92
355.52
357.07
358.56
360.05
361.6
363.17
364.79
366.41
368.03
369.61
371.29
372.94
374.56
376.13
377.69
379.25
380.8
382.41
384.0
385.6
387.34
389.14
390.88
392.45
394.04
395.77
397.52
399.37
401.25
403.07
404.85
406.53
408.2
409.72
411.2
412.61
414.14
415.62
417.17
418.68
420.22
421.72
423.19
424.72
426.26
427.82
429.3
430.77
432.25
433.8
435.32
437.21
439.4
442.39
445.53
448.72
451.72
454.72
458.1
461.77
465.51
469.71
474.07
478.3
482.31
486.07
489.84
492.97
495.95
498.97
501.9
504.58
507.31
510.12
