1.53
3.63
5.72
7.78
9.87
11.91
13.97
16.01
18.03
20.11
22.18
24.24
26.27
28.31
30.38
32.47
34.52
36.54
38.5
40.54
42.55
44.59
46.59
48.59
50.56
52.57
54.62
56.6
58.71
60.76
62.77
64.79
66.83
68.83
70.79
72.79
74.83
76.84
78.92
80.91
82.95
84.9
86.9
88.86
90.84
92.8
94.99
97.05
99.08
101.13
103.21
105.25
107.27
109.28
111.3
113.29
115.28
117.29
119.32
121.32
123.32
125.33
127.43
129.45
131.51
133.59
135.71
137.73
139.83
141.86
143.87
145.93
148.09
150.15
152.23
154.29
156.32
158.38
160.45
162.85
