0.5
1.02
1.54
2.08
2.61
3.13
3.64
4.15
4.67
5.19
5.73
6.22
6.75
7.27
7.79
8.31
8.87
9.38
9.88
10.37
10.89
11.4
11.91
12.41
12.95
13.45
13.97
14.47
14.99
15.52
16.01
16.55
17.06
17.55
18.04
18.54
19.07
19.59
20.11
20.62
21.15
21.68
22.19
22.72
23.2
23.71
24.25
24.75
25.28
25.8
26.28
26.77
27.29
27.8
28.32
28.82
29.35
29.87
30.39
30.91
31.44
31.96
32.47
32.99
33.51
34.0
34.53
35.03
35.53
36.02
36.55
37.03
37.54
38.01
38.51
39.03
39.54
40.06
40.55
41.04
41.53
42.05
42.56
43.06
43.59
44.08
44.59
45.08
45.59
46.08
46.59
47.09
47.59
48.1
48.6
49.08
49.6
50.08
50.57
51.06
51.57
52.07
52.58
53.09
53.61
54.11
54.62
55.12
55.61
56.11
56.61
57.14
57.66
58.18
58.72
59.21
59.75
60.24
60.77
61.26
61.77
62.27
62.78
63.3
63.8
64.29
64.8
65.3
65.81
66.33
66.84
67.33
67.84
68.34
68.84
69.33
69.82
70.32
70.8
71.27
71.77
72.27
72.79
73.29
73.82
74.33
74.84
75.35
75.86
76.34
76.85
77.36
77.89
78.4
78.93
79.42
79.92
80.42
80.92
81.4
81.91
82.43
82.95
83.42
83.92
84.42
84.91
85.4
85.89
86.41
86.91
87.39
87.88
88.37
88.87
89.36
89.86
90.33
90.85
91.33
91.81
92.31
92.81
93.32
93.88
94.44
95.0
95.52
96.03
96.54
97.05
97.57
98.09
98.59
99.09
99.58
100.09
100.6
101.14
101.65
102.17
102.7
103.22
103.73
104.24
104.74
105.26
105.75
106.27
106.78
107.28
107.78
108.28
108.78
109.29
109.78
110.29
110.8
111.31
111.79
112.29
112.78
113.29
113.78
114.27
114.78
115.29
115.76
116.26
116.77
117.3
117.82
118.34
118.83
119.33
119.82
120.33
120.82
121.32
121.82
122.33
122.83
123.33
123.84
124.34
124.85
125.34
125.84
126.39
126.92
127.44
127.94
128.46
128.96
129.46
129.95
130.46
130.97
131.51
132.04
132.56
133.09
133.6
134.11
134.65
135.17
135.72
136.25
136.75
137.24
137.74
138.25
138.8
139.33
139.84
140.34
140.84
141.35
141.87
142.37
142.89
143.39
143.88
144.39
144.89
145.42
145.94
146.47
147.0
147.54
148.1
148.61
149.13
149.63
150.16
150.66
151.2
151.72
152.24
152.75
153.26
153.79
154.3
154.81
155.32
155.83
156.33
156.84
157.36
157.86
158.39
158.91
159.42
159.93
160.45
160.98
161.58
162.15
162.72
163.26
163.83
164.42
165.06
165.64
166.28
166.86
167.49
168.08
168.69
