0.5
1.1
1.7
2.28
2.88
3.45
4.04
4.64
5.25
5.83
6.43
7.02
7.61
8.19
8.82
9.4
10.04
10.68
11.31
11.92
12.49
13.04
13.65
14.21
14.83
15.44
16.01
16.62
17.22
17.81
18.41
19.03
19.63
20.21
20.77
21.37
21.92
22.51
23.07
23.65
24.25
24.84
25.44
26.03
26.63
27.22
27.82
28.42
29.03
29.64
30.26
30.86
31.43
32.0
32.59
33.19
33.77
34.37
34.97
35.56
36.16
36.78
37.4
37.99
38.6
39.18
39.8
40.39
40.98
41.58
42.18
42.8
43.38
43.95
44.55
45.15
45.75
46.35
46.94
47.54
48.16
48.76
49.33
49.92
50.5
51.07
51.65
52.23
52.83
53.41
54.03
54.61
55.21
55.83
56.46
57.03
57.63
58.2
58.81
59.4
60.0
60.61
61.17
61.76
62.33
62.88
63.47
64.05
64.62
65.19
65.8
66.39
66.99
67.55
68.1
68.67
69.24
69.81
70.39
70.98
71.54
72.13
72.72
73.31
73.9
74.5
75.12
75.68
76.27
76.88
77.47
78.02
78.62
79.19
79.79
80.37
80.97
81.54
82.15
82.73
83.31
83.87
84.44
85.03
85.6
86.17
86.75
87.32
87.9
88.45
89.02
89.59
90.19
90.79
91.37
91.96
92.54
93.15
93.74
94.36
94.92
95.51
96.11
96.67
97.26
97.82
98.4
98.99
99.57
100.14
100.74
101.33
101.88
102.45
103.06
103.62
104.2
104.77
105.37
105.94
106.5
107.06
107.61
108.14
108.7
109.26
109.81
110.36
110.93
111.5
112.06
112.65
113.21
113.77
114.32
114.87
115.42
115.97
116.53
117.11
117.71
118.26
118.81
119.37
119.95
120.5
121.1
121.67
122.26
122.87
123.46
124.04
124.6
125.16
125.74
126.33
126.89
127.44
128.04
128.63
129.2
129.77
130.35
130.96
131.53
132.08
132.67
133.25
133.81
134.37
134.98
135.55
136.12
136.7
137.3
137.88
138.48
139.06
139.68
140.26
140.83
141.4
141.98
142.58
143.16
143.73
144.32
144.9
145.47
146.06
146.61
147.17
147.71
148.23
148.8
149.32
149.87
150.43
151.02
151.58
152.15
152.72
153.32
153.9
154.47
155.02
155.58
156.18
156.75
157.32
157.89
158.44
159.0
159.58
160.16
160.75
161.33
161.93
162.51
163.08
163.66
164.24
164.82
165.4
165.95
166.54
167.14
167.72
168.28
168.83
169.4
169.96
170.56
171.11
171.69
172.25
172.85
173.43
174.05
174.65
175.23
175.87
176.56
177.2
177.82
178.49
179.17
179.8
180.45
181.13
181.92
182.7
183.35
184.05
184.8
185.59
186.51
187.42
188.33
189.24
190.19
191.13
192.04
192.93
193.89
