1.7
4.03
6.43
8.82
11.31
13.64
16.0
18.41
20.76
23.07
25.44
27.81
30.25
32.58
34.97
37.38
39.79
42.17
44.55
46.93
49.33
51.64
54.02
56.45
58.81
61.17
63.46
65.79
68.09
70.39
72.71
75.11
77.46
79.78
82.14
84.43
86.73
89.01
91.36
93.74
96.1
98.39
100.74
103.05
105.36
107.6
109.81
112.06
114.31
116.53
118.8
121.09
123.45
125.74
128.03
130.34
132.66
134.97
137.3
139.67
141.97
144.32
146.6
148.78
151.0
153.3
155.57
157.88
160.15
162.5
164.81
167.14
169.39
171.69
174.04
176.55
179.16
181.91
184.79
188.79
192.95
