1.76
4.04
6.36
8.65
11.08
13.24
15.44
17.67
19.91
22.01
24.17
26.26
28.39
30.49
32.59
34.68
36.76
38.89
40.92
43.05
45.27
47.36
49.47
51.57
53.69
55.75
57.8
59.86
61.99
63.99
66.03
68.07
70.03
72.04
74.09
76.16
78.19
80.27
82.35
84.4
86.44
88.45
90.43
92.37
94.45
96.45
98.45
100.47
102.5
104.47
106.51
108.51
110.5
112.51
114.49
116.47
118.42
120.52
122.51
124.54
126.52
128.54
130.58
132.52
134.46
136.42
138.41
140.38
142.3
144.26
146.16
148.14
150.08
152.06
154.15
156.23
158.39
160.58
162.99
165.54
