0.5
1.15
1.77
2.32
2.91
3.47
4.05
4.63
5.23
5.79
6.37
6.94
7.51
8.1
8.66
9.26
9.89
10.51
11.09
11.61
12.16
12.7
13.24
13.78
14.34
14.89
15.44
15.99
16.55
17.12
17.68
18.22
18.8
19.37
19.92
20.44
20.96
21.5
22.02
22.56
23.12
23.66
24.18
24.71
25.22
25.74
26.27
26.79
27.33
27.86
28.4
28.91
29.42
29.96
30.5
31.02
31.55
32.09
32.6
33.1
33.64
34.15
34.68
35.19
35.7
36.24
36.77
37.3
37.82
38.35
38.9
39.4
39.92
40.41
40.93
41.47
41.98
42.52
43.06
43.61
44.2
44.73
45.28
45.8
46.31
46.82
47.37
47.87
48.41
48.95
49.47
49.99
50.53
51.05
51.58
52.12
52.66
53.18
53.69
54.21
54.71
55.22
55.76
56.27
56.78
57.3
57.81
58.32
58.84
59.35
59.86
60.38
60.94
61.45
61.99
62.49
62.98
63.48
64.0
64.5
65.02
65.53
66.03
66.53
67.04
67.56
68.08
68.55
69.06
69.56
70.05
70.53
71.04
71.55
72.05
72.55
73.08
73.59
74.1
74.61
75.11
75.65
76.17
76.69
77.21
77.71
78.2
78.72
79.26
79.75
80.27
80.79
81.33
81.86
82.35
82.85
83.38
83.89
84.41
84.93
85.43
85.94
86.45
86.94
87.43
87.93
88.45
88.97
89.44
89.92
90.43
90.92
91.39
91.88
92.37
92.88
93.36
93.89
94.46
94.97
95.47
95.95
96.45
96.95
97.47
97.97
98.47
98.94
99.44
99.94
100.47
101.02
101.53
102.02
102.51
102.99
103.49
103.97
104.48
104.99
105.51
106.03
106.52
107.02
107.5
108.0
108.51
109.02
109.5
110.0
110.51
111.0
111.53
112.02
112.52
113.02
113.51
114.02
114.5
114.99
115.47
115.96
116.48
116.98
117.46
117.95
118.43
118.95
119.46
119.98
120.53
121.01
121.52
122.0
122.52
123.04
123.52
124.03
124.55
125.02
125.53
126.03
126.53
127.03
127.53
128.03
128.55
129.06
129.58
130.08
130.58
131.07
131.55
132.03
132.52
133.01
133.47
133.96
134.46
134.96
135.44
135.92
136.42
136.9
137.42
137.91
138.42
138.91
139.41
139.9
140.39
140.86
141.36
141.82
142.3
142.78
143.26
143.75
144.26
144.74
145.22
145.7
146.17
146.67
147.16
147.64
148.15
148.63
149.11
149.6
150.08
150.57
151.08
151.56
152.06
152.59
153.13
153.64
154.15
154.66
155.16
155.69
156.24
156.77
157.3
157.83
158.4
158.93
159.49
160.03
160.59
161.13
161.75
162.35
162.99
163.55
164.04
164.55
165.05
165.55
166.03
166.49
166.97
167.47
167.93
168.43
168.91
169.37
169.87
170.35
170.81
171.31
171.77
172.26
172.75
173.22
