0.0
1.04
2.02
3.07
4.12
5.14
6.18
7.25
8.33
9.43
10.5
11.51
12.57
13.69
14.8
15.9
16.91
17.85
18.83
19.85
20.82
21.75
22.75
23.67
24.66
25.56
26.54
27.35
28.13
28.95
29.79
30.6
31.41
32.17
32.97
33.74
34.5
35.29
36.16
36.97
37.85
38.63
39.43
40.25
41.02
41.83
42.58
43.37
44.09
44.85
45.61
46.4
47.11
47.85
48.59
49.33
50.1
50.81
51.55
52.29
53.11
53.89
54.63
55.35
56.05
56.8
57.49
58.21
58.98
59.68
60.44
61.16
61.86
62.61
63.38
64.15
64.8
65.51
66.19
66.89
67.55
68.22
68.9
69.73
70.58
71.6
72.66
73.63
74.67
75.71
76.74
77.75
78.64
79.6
80.48
81.45
82.34
83.27
84.17
85.11
85.92
86.72
87.57
88.39
89.32
90.2
91.12
92.09
93.07
94.04
94.98
95.93
97.01
98.04
99.13
100.24
101.35
102.36
103.42
104.5
105.38
106.34
107.25
108.23
109.14
110.14
111.2
112.23
113.21
114.2
115.11
116.08
116.8
117.58
118.31
119.08
119.82
120.49
121.23
121.89
122.6
123.35
124.02
124.75
125.46
126.09
126.75
127.44
128.05
128.66
129.27
129.91
130.51
131.14
131.86
132.51
133.22
133.86
134.54
135.26
135.9
136.61
137.22
137.87
138.53
139.12
139.74
140.47
141.16
141.86
142.58
143.52
144.4
145.41
146.34
147.31
148.43
149.36
150.33
151.32
152.33
153.29
154.31
155.22
156.15
156.98
157.69
158.46
159.08
159.76
160.42
161.06
161.74
162.41
163.03
163.67
164.32
164.98
165.61
166.25
166.87
167.52
168.2
168.91
169.56
170.3
170.98
171.76
172.64
173.56
174.41
175.34
176.19
177.12
178.02
178.91
179.79
180.77
181.78
182.72
183.83
184.89
185.91
186.92
187.87
188.83
189.79
190.84
191.87
192.72
193.6
194.5
195.35
196.2
197.05
197.89
198.74
199.63
200.47
201.36
202.21
203.05
203.9
204.81
205.63
206.5
207.32
208.27
209.16
210.04
211.0
211.91
212.85
213.73
214.59
215.41
216.32
217.23
218.08
219.02
219.97
220.94
221.88
222.85
223.79
224.82
225.81
226.82
227.84
228.95
229.98
231.05
232.07
233.11
234.05
235.11
236.1
237.12
238.08
239.07
240.0
240.95
241.95
242.9
243.8
