0.96
1.93
2.94
3.97
4.87
5.86
6.75
7.69
8.67
9.64
10.51
11.5
12.41
13.33
14.31
15.21
16.12
16.98
17.92
18.78
19.76
20.74
21.66
22.6
23.59
24.53
25.42
26.3
27.28
28.22
29.19
30.16
31.12
32.1
32.97
33.87
34.86
35.79
36.72
37.65
38.53
39.47
40.35
41.14
41.92
42.72
43.56
44.34
45.12
45.88
46.7
47.47
48.28
49.13
49.99
50.83
51.71
52.53
53.4
54.19
55.02
55.79
56.58
57.39
58.21
59.02
59.81
60.52
61.27
62.02
62.72
63.47
64.22
64.93
65.55
66.19
66.86
67.45
68.06
68.66
69.3
69.98
70.62
71.29
71.84
72.39
72.97
73.52
74.07
74.67
75.21
75.8
76.49
77.12
77.8
78.47
79.09
79.72
80.35
80.93
81.46
82.02
82.6
83.14
83.71
84.26
84.86
85.42
86.06
86.71
87.34
87.95
88.51
89.1
89.68
90.34
91.09
91.78
92.52
93.2
93.86
94.5
95.07
95.66
96.23
96.8
97.34
97.91
98.51
99.09
99.66
100.25
100.83
101.38
101.87
102.34
102.83
103.3
103.8
104.28
104.74
105.23
105.78
106.28
106.83
107.47
108.16
108.73
109.27
109.85
110.42
111.06
111.74
112.32
112.9
113.49
114.11
114.68
115.27
115.86
116.45
117.09
117.7
118.27
118.87
119.53
120.21
120.83
121.45
122.06
122.68
123.32
123.92
124.47
125.05
125.65
126.35
127.0
127.63
128.34
129.13
129.91
130.77
131.72
132.69
133.68
134.72
135.75
136.89
137.88
138.82
139.8
140.75
141.68
142.56
143.44
144.27
145.17
146.01
146.89
147.8
148.62
149.53
150.31
151.1
151.93
152.78
153.61
154.42
155.15
155.92
156.51
157.15
157.72
158.27
158.83
159.4
160.01
160.63
161.2
161.78
162.43
163.14
163.78
164.49
165.24
165.92
166.64
167.4
168.16
169.0
169.85
170.72
171.52
172.36
173.19
174.05
174.87
175.76
176.55
177.56
178.57
179.69
180.79
181.8
182.84
183.91
184.85
185.75
186.63
187.42
188.3
189.09
189.93
190.79
191.66
192.6
193.44
194.36
195.24
196.05
196.9
197.74
198.59
199.46
200.4
201.3
202.23
203.23
204.12
205.08
206.02
206.96
207.83
208.76
209.68
210.62
211.54
212.55
213.61
214.56
215.53
216.61
217.6
218.62
219.55
220.54
221.5
222.52
223.44
224.36
225.34
226.23
227.18
228.13
228.97
229.88
230.71
231.57
232.46
233.26
234.07
234.88
235.7
236.45
237.22
238.1
238.89
239.74
240.54
241.41
242.26
243.1
243.97
244.79
245.82
246.87
247.96
249.08
250.18
