0.95
4.85
8.67
12.41
16.12
19.75
23.58
27.28
31.12
34.85
38.53
42.22
45.88
49.03
52.25
55.19
58.2
61.26
63.77
66.18
68.65
71.28
73.52
75.8
78.11
80.35
82.59
84.86
87.35
89.67
92.51
95.1
98.19
101.63
105.22
108.16
110.41
112.89
115.26
117.69
120.19
122.68
125.04
127.62
130.77
134.72
138.87
142.55
146.01
149.52
152.77
155.91
158.26
160.62
163.13
165.91
169.0
172.35
175.75
179.68
183.9
188.08
191.98
195.67
199.45
203.22
206.95
210.6
214.56
218.16
221.5
224.75
227.03
229.29
231.56
233.9
236.44
239.02
241.8
244.79
247.96
