0.0
1.0
1.98
2.92
3.85
4.78
5.81
6.78
7.64
8.46
9.28
10.14
10.94
11.73
12.5
13.24
13.99
14.75
15.49
16.25
17.03
17.75
18.52
19.31
20.05
20.8
21.59
22.32
23.11
23.92
24.75
25.54
26.33
27.19
28.01
28.81
29.61
30.36
31.17
31.96
32.81
33.69
34.52
35.26
36.09
36.9
37.68
38.49
39.27
40.11
40.89
41.71
42.59
43.51
44.45
45.42
46.39
47.32
48.33
49.28
50.25
51.17
52.06
52.94
53.9
54.68
55.48
56.28
57.1
57.95
58.72
59.51
60.33
61.15
61.92
62.72
63.68
64.71
65.69
66.69
67.72
68.64
69.63
70.51
71.43
72.31
73.18
74.07
74.98
75.85
76.73
77.53
78.4
79.24
80.11
80.9
81.75
82.56
83.56
84.47
85.44
86.43
87.4
88.36
89.38
90.42
91.43
92.39
93.3
94.28
95.28
96.24
97.2
98.27
99.09
99.85
100.61
101.32
102.03
102.77
103.53
104.18
104.86
105.49
106.05
106.64
107.24
107.84
108.4
108.99
109.56
110.21
110.87
111.5
112.12
112.79
113.43
114.05
114.71
115.37
115.99
116.73
117.46
118.16
118.76
119.35
119.97
120.58
121.15
121.76
122.39
123.05
123.58
124.11
124.65
125.18
125.85
126.47
127.14
127.8
128.41
129.05
129.71
130.29
130.86
131.41
131.97
132.6
133.24
133.85
134.47
135.07
135.7
136.43
137.1
137.84
138.53
139.19
139.88
140.58
141.36
142.17
142.95
143.72
144.54
145.31
146.1
146.9
147.62
148.4
149.15
149.98
150.75
151.6
152.5
153.28
154.07
154.88
155.73
156.51
157.2
157.87
158.49
159.08
159.7
160.31
160.96
161.58
162.16
162.77
163.4
163.99
164.63
165.3
165.93
166.47
167.02
167.56
168.09
168.64
169.22
169.83
170.38
170.98
171.54
172.16
172.86
173.52
174.22
174.96
175.65
176.33
176.99
177.57
178.2
178.77
179.39
180.04
180.63
181.28
181.87
182.49
183.11
183.76
184.34
184.94
185.55
186.09
186.69
187.26
187.83
188.37
188.97
189.52
190.12
190.73
191.33
191.91
192.57
193.17
193.8
194.46
195.09
195.68
196.33
196.91
197.55
198.13
198.74
199.35
199.99
200.58
201.19
201.76
202.39
202.98
203.68
204.44
205.15
205.91
206.67
207.42
208.23
208.99
209.76
210.54
211.37
212.16
212.94
213.73
214.51
215.29
216.05
216.81
217.59
218.36
219.19
219.96
220.8
221.59
222.39
223.18
224.08
224.88
225.78
226.57
227.35
228.15
228.97
229.76
230.56
231.33
232.25
233.11
234.01
234.87
235.81
236.65
237.54
