2.5
6.36
10.16
13.81
17.06
19.7
22.05
24.29
26.21
28.11
30.03
31.97
33.89
35.77
37.63
39.53
41.49
43.48
45.39
47.27
49.19
51.16
53.44
55.77
58.0
60.28
62.56
64.85
67.12
69.35
71.7
73.99
76.31
78.45
80.51
82.52
84.57
86.65
88.63
90.57
92.49
94.75
97.05
99.28
101.51
103.72
105.91
108.05
110.13
112.15
114.13
116.31
118.37
120.52
122.65
124.8
127.66
131.3
135.09
139.18
143.22
147.26
150.59
153.27
155.63
157.94
160.3
162.67
165.07
167.47
169.83
172.15
174.2
176.12
177.97
179.83
181.71
183.67
185.97
188.37
190.64
192.95
195.24
197.52
199.78
201.92
204.24
206.66
209.1
211.23
213.27
215.28
217.27
219.32
221.3
223.22
225.26
227.49
229.88
232.04
234.26
236.51
238.69
240.77
242.8
244.81
246.86
248.99
251.04
253.22
255.78
258.4
261.19
264.58
268.37
271.98
275.65
279.4
283.21
287.23
290.95
294.6
298.05
301.52
304.21
306.88
309.19
311.5
313.79
316.05
318.29
320.57
322.78
325.0
327.27
329.44
331.79
334.17
336.73
339.74
342.88
345.81
348.46
351.45
354.71
357.84
361.18
364.67
368.48
371.75
375.26
378.48
381.62
384.52
387.15
389.7
392.25
395.02
397.72
400.27
402.72
405.31
407.86
410.48
413.68
416.99
420.13
423.29
426.38
429.34
432.14
434.9
437.57
440.16
442.75
445.2
447.85
450.44
452.99
455.93
458.78
461.75
464.59
467.97
471.43
474.81
478.18
481.26
484.28
487.24
490.24
493.28
496.53
500.13
504.15
508.1
511.93
515.8
