0.62
1.63
2.54
3.49
4.44
5.4
6.35
7.31
8.29
9.2
10.16
11.14
12.0
12.92
13.81
14.71
15.6
16.3
17.02
17.78
18.49
19.12
19.71
20.36
20.91
21.47
22.05
22.64
23.21
23.78
24.32
24.92
25.46
26.03
26.54
27.08
27.65
28.12
28.64
29.1
29.58
30.07
30.56
31.04
31.5
31.99
32.48
32.93
33.4
33.89
34.36
34.83
35.3
35.77
36.22
36.69
37.18
37.64
38.12
38.57
39.04
39.52
40.01
40.52
41.0
41.49
41.99
42.5
42.99
43.48
43.96
44.45
44.93
45.4
45.86
46.33
46.8
47.28
47.75
48.23
48.72
49.19
49.67
50.15
50.62
51.16
51.75
52.32
52.88
53.44
54.04
54.61
55.18
55.72
56.29
56.89
57.45
58.0
58.57
59.16
59.71
60.29
60.84
61.43
62.0
62.56
63.13
63.72
64.3
64.86
65.43
66.01
66.59
67.13
67.68
68.26
68.82
69.35
69.9
70.48
71.08
71.7
72.28
72.85
73.42
73.98
74.57
75.2
75.8
76.32
76.87
77.39
77.93
78.45
78.95
79.47
80.01
80.51
81.03
81.53
82.03
82.53
83.03
83.53
84.05
84.57
85.11
85.61
86.14
86.66
87.16
87.66
88.15
88.64
89.13
89.62
90.2
90.73
91.3
91.86
92.45
93.01
93.56
94.14
94.75
95.33
95.92
96.49
97.06
97.59
98.17
98.71
99.28
99.83
100.4
100.94
101.51
102.04
102.62
103.16
103.73
104.27
104.82
105.39
105.93
106.45
106.99
107.51
108.05
108.56
109.09
109.61
110.13
110.65
111.17
111.68
112.17
112.63
113.13
113.64
114.14
114.67
115.22
115.76
116.31
116.82
117.33
117.85
118.37
118.89
119.45
119.99
120.52
121.06
121.58
122.1
122.66
123.21
123.73
124.26
124.8
125.37
125.94
126.53
127.1
127.66
128.21
128.78
129.38
129.92
130.49
131.06
131.64
132.23
132.79
133.34
133.92
134.48
135.1
135.71
136.32
136.93
137.52
138.15
138.74
139.36
140.03
140.65
141.31
141.92
142.59
143.23
143.81
144.45
145.03
145.65
146.28
146.88
147.53
148.21
148.91
149.58
150.21
150.84
151.47
152.09
152.68
153.28
153.9
154.5
155.07
155.64
156.2
156.76
157.35
157.93
158.47
159.08
159.69
160.29
160.86
161.48
162.06
162.68
163.29
163.86
164.48
165.08
165.69
166.26
166.87
167.47
168.06
168.69
169.25
169.82
170.36
170.84
171.34
171.81
172.28
172.76
173.24
173.73
174.2
174.68
175.18
175.65
176.12
176.58
177.05
177.51
177.98
178.45
178.91
179.36
179.84
180.3
180.79
181.25
181.71
182.2
182.69
183.18
183.68
184.2
184.82
185.4
185.98
186.61
187.21
187.77
188.38
188.95
189.53
190.1
190.65
191.21
191.79
192.36
192.96
193.54
194.13
194.7
195.25
195.82
196.43
196.99
197.54
198.09
198.66
199.24
199.79
200.32
200.88
201.42
201.93
202.46
203.03
203.62
204.25
204.85
205.45
206.07
206.66
207.29
207.95
208.58
209.11
209.66
210.18
210.72
211.23
211.73
212.24
212.77
213.27
213.8
214.3
214.8
215.29
215.79
216.26
216.77
217.27
217.8
218.29
218.8
219.33
219.84
220.33
220.82
221.31
221.81
222.36
222.95
223.5
224.1
224.64
225.24
225.8
226.36
226.89
227.5
228.12
228.76
229.32
229.88
230.43
231.01
231.53
232.05
232.59
233.16
233.7
234.26
234.82
235.4
235.95
236.51
237.06
237.65
238.21
238.72
239.23
239.75
240.25
240.77
241.28
241.79
242.28
242.8
243.3
243.82
244.33
244.82
245.33
245.85
246.35
246.86
247.38
247.9
248.44
249.0
249.54
250.04
250.53
251.05
251.56
252.09
252.65
253.22
253.8
254.34
254.89
255.47
256.02
256.57
257.11
257.73
258.41
259.08
259.82
260.48
261.19
261.86
262.54
263.23
263.9
264.59
265.3
265.98
266.64
267.34
267.99
268.62
269.27
269.9
270.54
271.21
271.82
272.46
273.13
273.77
274.37
275.0
275.65
276.27
276.9
277.49
278.07
278.64
279.26
279.82
280.41
281.0
281.62
282.26
282.91
283.51
284.17
284.79
285.41
286.0
286.62
287.24
287.89
288.51
289.13
289.72
290.34
290.96
291.58
292.23
292.85
293.42
294.0
294.61
295.21
295.76
296.37
296.93
297.53
298.08
298.66
299.25
299.8
300.4
300.95
301.53
302.1
302.64
303.16
303.69
304.23
304.81
305.36
305.89
306.44
306.98
307.53
308.09
308.66
309.19
309.75
310.36
310.91
311.52
312.08
312.65
313.24
313.8
314.38
314.94
315.49
316.06
316.61
317.18
317.75
318.3
318.87
319.47
320.04
320.57
321.16
321.71
322.25
322.79
323.35
323.92
324.48
325.01
325.58
326.18
326.74
327.28
327.81
328.36
328.92
329.45
330.02
330.61
331.19
331.79
332.39
333.01
333.56
334.17
334.69
335.23
335.73
336.25
336.74
337.24
337.74
338.22
338.72
339.24
339.75
340.27
340.79
341.3
341.83
342.33
342.89
343.45
343.99
344.52
345.16
345.82
346.5
347.14
347.78
348.47
349.1
349.76
350.42
351.11
351.72
352.36
353.03
353.66
354.32
354.96
355.68
356.43
357.14
357.85
358.66
359.49
360.36
361.19
362.12
362.97
363.92
364.77
365.72
366.58
367.46
368.34
369.15
370.03
370.89
371.77
372.66
373.52
374.4
375.27
376.16
377.14
378.06
378.97
379.93
380.82
381.74
382.69
383.65
384.53
385.4
386.32
387.15
387.98
388.83
389.7
390.54
391.36
392.25
393.17
394.07
395.02
395.96
396.88
397.77
398.74
399.64
400.56
401.46
402.35
403.31
404.17
405.1
406.05
406.94
407.87
408.77
409.77
410.74
411.68
412.66
413.69
414.63
415.61
416.64
417.57
418.53
419.49
420.47
421.44
422.35
423.29
424.13
424.88
425.68
426.39
427.15
427.87
428.65
429.35
430.12
430.78
431.51
432.15
432.83
433.51
434.22
434.91
435.57
436.23
436.9
437.58
438.24
438.89
439.5
440.17
440.81
441.47
442.13
442.76
443.43
444.04
444.63
445.21
445.87
446.54
447.22
447.85
448.48
449.13
449.79
450.44
450.96
451.49
451.99
452.49
452.99
453.48
453.96
454.46
454.95
455.42
455.93
456.42
456.9
457.38
457.84
458.3
458.78
459.3
459.78
460.3
460.77
461.29
461.75
462.23
462.72
463.21
463.66
464.15
464.6
465.15
465.73
466.29
466.88
467.43
467.98
468.54
469.11
469.71
470.3
470.88
471.44
471.99
472.56
473.14
473.67
474.25
474.81
475.38
475.93
476.52
477.09
477.64
478.19
478.8
479.35
480.01
480.63
481.26
481.76
482.26
482.79
483.28
483.78
484.28
484.79
485.28
485.78
486.25
486.73
487.25
487.78
488.31
488.82
489.36
489.84
490.3
490.78
491.27
491.77
492.27
492.77
493.28
493.78
494.24
494.73
495.22
495.77
496.28
496.79
497.34
497.92
498.45
499.01
499.59
500.13
500.68
501.38
502.1
502.79
503.44
504.16
504.88
505.64
506.35
507.12
507.91
508.75
509.51
510.35
511.11
511.93
512.75
513.55
514.32
515.15
515.94
516.75
517.51
518.32
