0.21
0.81
1.43
2.02
2.58
3.16
3.76
4.32
4.89
5.44
6.04
6.61
7.21
7.77
8.34
8.94
9.55
10.13
10.7
11.28
11.89
12.49
13.06
13.63
14.22
14.78
15.36
15.93
16.51
17.06
17.62
18.21
18.78
19.36
19.89
20.46
21.06
21.61
22.16
22.72
23.29
23.88
24.49
25.05
25.62
26.22
26.8
27.37
27.95
28.52
29.09
29.69
30.25
30.83
31.41
31.98
32.56
33.11
33.68
34.26
34.85
35.41
35.98
36.54
37.12
37.69
38.28
38.86
39.42
39.98
40.57
41.15
41.69
42.28
42.85
43.4
43.96
44.52
45.09
45.63
46.19
46.77
47.35
47.9
48.46
49.02
49.59
50.19
50.79
51.37
51.96
52.53
53.12
53.72
54.29
54.87
55.43
56.03
56.6
57.17
57.75
58.33
58.94
59.51
60.09
60.7
61.3
61.9
62.56
63.19
63.89
64.52
65.25
65.96
66.65
67.36
68.07
68.78
