0.28
0.83
1.34
1.88
2.4
2.94
3.48
4.01
4.53
5.06
5.62
6.19
6.76
7.31
7.86
8.42
8.98
9.54
10.1
10.69
11.26
11.83
12.39
12.97
13.53
14.1
14.66
15.25
15.82
16.39
16.94
17.51
18.09
18.65
19.21
19.82
20.39
20.96
21.52
22.08
22.66
23.23
23.83
24.42
25.0
25.59
26.19
26.78
27.36
27.93
28.53
29.14
29.73
30.32
30.92
31.51
32.11
32.71
33.3
33.88
34.47
35.07
35.66
36.25
36.83
37.43
38.01
38.59
39.18
39.77
40.35
40.94
41.52
42.14
42.73
43.31
43.88
44.45
45.03
45.6
46.19
46.81
47.4
47.99
48.56
49.16
49.77
50.37
50.98
51.59
52.21
52.83
53.43
54.03
54.62
55.24
55.83
56.46
57.09
57.67
58.26
58.88
59.47
60.08
60.69
61.31
61.92
62.54
63.19
63.82
64.43
65.07
65.8
66.5
67.26
67.94
68.66
69.4
