0.26
0.81
1.38
1.89
2.38
2.89
3.42
3.91
4.39
4.87
5.38
5.92
6.45
6.93
7.42
7.96
8.49
9.03
9.54
10.06
10.57
11.08
11.58
12.12
12.64
13.14
13.63
14.15
14.66
15.14
15.65
16.14
16.65
17.16
17.66
18.17
18.7
19.2
19.69
20.18
20.7
21.23
21.76
22.26
22.78
23.29
23.8
24.31
24.82
25.34
25.84
26.36
26.87
27.38
27.9
28.43
28.94
29.46
29.97
30.46
30.96
31.5
32.02
32.52
33.03
33.57
34.09
34.6
35.08
35.61
36.12
36.65
37.15
37.68
38.2
38.71
39.22
39.74
40.26
40.75
41.32
41.84
42.39
42.91
43.42
43.96
44.48
45.0
45.53
46.04
46.57
47.09
47.6
48.13
48.63
49.15
49.69
50.27
50.82
51.32
51.82
52.34
52.84
53.36
53.86
54.38
54.9
55.45
56.0
56.56
57.09
57.63
58.18
58.76
59.31
59.86
60.41
