0.28
0.81
1.3
1.79
2.28
2.8
3.3
3.8
4.31
4.83
5.35
5.89
6.41
6.94
7.46
8.0
8.54
9.06
9.56
10.09
10.61
11.13
11.65
12.19
12.7
13.22
13.75
14.3
14.84
15.37
15.88
16.37
16.88
17.37
17.89
18.45
18.98
19.48
19.99
20.49
21.01
21.53
22.06
22.56
23.07
23.59
24.13
24.66
25.21
25.73
26.29
26.84
27.4
27.96
28.52
29.08
29.64
30.19
30.73
31.27
31.82
32.38
32.93
33.46
33.98
34.51
35.03
35.53
36.05
36.57
37.07
37.58
38.09
38.66
39.2
39.73
40.24
40.78
41.3
41.82
42.34
42.92
43.49
44.02
44.54
45.08
45.64
46.19
46.75
47.32
47.88
48.44
49.02
49.59
50.14
50.7
51.23
51.8
52.35
52.88
53.42
53.99
54.55
55.08
55.64
56.19
56.74
57.33
57.96
58.54
59.07
59.57
60.12
60.62
61.14
61.63
62.09
62.59
63.05
63.55
