0.26
0.81
1.34
1.9
2.42
2.96
3.5
4.01
4.52
5.03
5.57
6.13
6.69
7.22
7.75
8.3
8.86
9.41
9.95
10.49
11.03
11.56
12.11
12.65
13.19
13.71
14.24
14.79
15.32
15.85
16.4
16.94
17.49
18.04
18.55
19.1
19.65
20.19
20.72
21.24
21.79
22.35
22.92
23.45
23.99
24.51
25.06
25.6
26.13
26.67
27.19
27.74
28.27
28.8
29.33
29.86
30.38
30.9
31.43
31.95
32.47
33.02
33.55
34.09
34.61
35.15
35.68
36.23
36.74
37.27
37.81
38.33
38.85
39.41
39.97
40.51
41.04
41.57
42.11
42.64
43.18
43.7
44.25
44.81
45.33
45.89
46.43
46.96
47.49
48.02
48.54
49.09
49.6
50.13
50.64
51.18
51.7
52.23
52.78
53.3
53.84
54.37
54.91
55.45
55.99
56.53
57.05
57.6
58.2
58.76
59.35
59.92
60.51
61.11
61.73
62.31
62.94
63.51
64.14
64.74
65.31
