0.09
0.57
1.05
1.55
2.03
2.49
2.97
3.44
3.88
4.35
4.83
5.29
5.78
6.24
6.7
7.17
7.64
8.13
8.6
9.07
9.54
10.03
10.49
10.95
11.42
11.89
12.36
12.83
13.27
13.71
14.16
14.64
15.11
15.57
16.06
16.51
16.98
17.45
17.92
18.39
18.87
19.34
19.82
20.28
20.75
21.21
21.68
22.15
22.62
23.09
23.58
24.03
24.51
24.98
25.45
25.91
26.37
26.84
27.29
27.73
28.19
28.64
29.09
29.53
30.0
30.45
30.91
31.37
31.85
32.31
32.76
33.2
33.64
34.11
34.57
35.03
35.5
35.96
36.42
36.88
37.36
37.82
38.3
38.77
39.21
39.66
40.13
40.58
41.02
41.46
41.91
42.37
42.82
43.26
43.72
44.2
44.64
45.08
45.53
45.98
46.45
46.9
47.36
47.81
48.26
48.73
49.18
49.63
50.09
50.55
51.01
51.48
51.93
52.38
52.84
53.31
53.78
54.24
54.7
55.16
55.6
56.06
56.53
56.98
57.46
57.91
58.37
58.84
59.34
59.8
60.3
60.78
61.24
61.69
62.14
62.59
63.05
63.52
63.99
64.43
64.9
65.35
65.81
66.27
66.75
67.22
67.7
68.17
68.64
69.12
69.64
70.15
70.62
71.11
71.6
72.08
72.6
73.08
73.57
74.06
74.54
75.03
75.53
76.02
76.51
76.97
77.44
77.89
78.34
78.8
79.28
79.75
80.2
80.66
81.14
81.6
82.07
82.56
83.04
83.51
83.98
84.47
84.92
85.39
85.87
86.35
86.85
87.32
87.8
88.27
88.74
89.22
89.69
90.19
90.67
91.15
91.62
92.08
92.53
92.99
93.45
93.91
94.36
94.82
95.28
95.73
96.18
96.63
97.1
97.56
98.01
98.47
98.94
99.38
99.84
100.31
100.76
101.22
101.68
102.13
102.58
103.03
103.5
103.99
104.49
105.02
105.51
106.02
106.55
107.11
107.66
108.19
108.72
109.21
109.69
110.17
110.67
111.15
111.64
112.1
112.57
113.02
113.48
113.95
114.41
114.87
115.33
115.8
116.26
116.7
117.26
117.92
118.65
119.39
120.07
120.84
121.65
122.4
123.15
123.94
124.79
125.81
126.82
127.78
128.74
129.73
