0.24
0.66
1.1
1.56
1.99
2.43
2.86
3.31
3.75
4.21
4.67
5.12
5.57
6.01
6.45
6.9
7.35
7.8
8.25
8.72
9.17
9.62
10.06
10.51
10.95
11.4
11.85
12.32
12.77
13.21
13.67
14.13
14.62
15.08
15.58
16.06
16.53
16.99
17.46
17.92
18.39
18.86
19.35
19.82
20.28
20.74
21.21
21.66
22.15
22.62
23.12
23.59
24.07
24.52
24.98
25.44
25.9
26.33
26.78
27.25
27.73
28.19
28.65
29.14
29.62
30.1
30.6
31.09
31.57
32.01
32.47
32.93
33.39
33.86
34.33
34.78
35.25
35.69
36.15
36.62
37.09
37.55
38.01
38.47
38.9
39.35
39.82
40.26
40.7
41.15
41.62
42.08
42.52
42.97
43.44
43.89
44.34
44.77
45.22
45.67
46.13
46.58
47.05
47.5
47.97
48.43
48.89
49.37
49.83
50.29
50.77
51.27
51.75
52.22
52.69
53.18
53.66
54.12
54.59
55.04
55.5
55.97
56.44
56.89
57.34
57.8
58.26
58.73
59.2
59.65
60.1
60.56
61.04
61.49
61.92
62.38
62.86
63.34
63.85
64.33
64.8
65.25
65.7
66.17
66.66
67.14
67.66
68.14
68.62
69.11
69.6
70.09
70.55
71.02
71.49
71.96
72.46
72.94
73.42
73.91
74.39
74.86
75.36
75.84
76.32
76.77
77.23
77.69
78.15
78.62
79.1
79.58
80.04
80.5
80.96
81.42
81.87
82.33
82.81
83.28
83.76
84.24
84.73
85.19
85.69
86.16
86.66
87.16
87.64
88.12
88.61
89.08
89.56
90.04
90.53
91.02
91.47
91.92
92.38
92.86
93.31
93.76
94.22
94.68
95.15
95.6
96.06
96.55
97.03
97.5
97.98
98.5
98.98
99.44
99.92
100.4
100.88
101.37
101.89
102.38
102.87
103.35
103.86
104.34
104.84
105.31
105.8
106.28
106.78
107.26
107.74
108.21
108.68
109.13
109.6
110.09
110.56
111.04
111.52
111.98
112.47
112.95
113.43
113.89
114.37
114.83
115.27
115.73
116.18
116.63
117.07
117.54
118.0
118.46
118.91
119.39
119.85
120.33
120.81
121.33
121.93
122.55
123.26
124.06
124.9
125.66
126.39
127.1
127.84
128.57
129.32
129.97
130.6
131.26
131.89
132.56
133.19
133.81
134.48
135.09
