0.53
1.06
1.6
2.08
2.57
3.1
3.59
4.07
4.57
5.09
5.59
6.08
6.58
7.08
7.6
8.12
8.62
9.15
9.67
10.18
10.68
11.2
11.7
12.21
12.74
13.26
13.77
14.28
14.77
15.24
15.73
16.25
16.77
17.33
17.83
18.34
18.88
19.4
19.88
20.38
20.89
21.41
21.88
22.38
22.91
23.43
23.91
24.42
24.98
25.57
26.13
26.63
27.1
27.6
28.1
28.64
29.14
29.63
30.15
30.68
31.14
31.62
32.12
32.58
33.06
33.54
34.04
34.56
35.05
35.53
36.0
36.49
36.96
37.45
37.95
38.45
38.94
39.42
39.9
40.4
40.89
41.38
41.9
42.4
42.88
43.39
43.9
44.36
44.85
45.35
45.85
46.34
46.81
47.28
47.79
48.28
48.83
49.4
49.89
50.42
50.93
51.44
51.94
52.43
52.92
53.44
53.94
54.46
54.97
55.48
56.0
56.6
57.19
57.76
58.25
58.77
59.32
59.81
60.33
60.83
61.31
61.82
62.33
62.79
63.23
63.68
64.12
64.58
65.07
65.6
66.07
66.6
67.07
67.58
68.11
68.67
69.16
69.69
70.21
70.75
71.23
71.77
72.25
72.79
73.27
73.8
74.31
74.86
75.37
75.91
76.43
76.97
77.52
78.03
78.53
79.06
79.57
80.11
80.63
81.18
81.69
82.24
82.78
83.26
83.79
84.28
84.8
85.29
85.82
86.29
86.8
87.31
87.82
88.32
88.84
89.34
89.83
90.32
90.85
91.37
91.84
92.34
92.87
93.38
93.89
94.38
94.92
95.43
95.92
96.42
96.94
97.47
97.95
98.47
99.0
99.56
100.08
100.59
101.07
101.56
102.07
102.56
103.04
103.53
104.04
104.53
105.0
105.51
106.0
106.53
107.03
107.5
108.0
108.48
108.97
109.46
109.96
110.48
110.96
111.47
111.96
112.48
112.97
113.52
114.1
114.68
115.28
115.82
116.33
116.89
117.38
117.92
118.41
118.91
119.42
119.95
120.45
120.97
121.5
122.02
122.55
123.06
123.57
124.09
124.61
125.11
125.62
126.15
126.64
127.14
127.66
128.17
128.69
129.2
129.71
130.25
130.77
131.27
131.82
132.34
132.83
133.38
133.87
134.39
134.93
135.49
136.03
136.61
137.14
137.76
138.33
138.93
139.55
140.14
140.77
141.36
141.97
142.62
143.22
143.88
144.51
145.14
145.74
146.4
147.01
