0.16
0.54
0.95
1.34
1.71
2.08
2.44
2.81
3.19
3.56
3.92
4.29
4.67
5.06
5.47
5.86
6.23
6.64
7.01
7.42
7.8
8.22
8.61
9.02
9.41
9.8
10.2
10.62
11.06
11.48
11.9
12.32
12.73
13.16
13.56
13.98
14.41
14.84
15.25
15.68
16.1
16.51
16.92
17.34
17.76
18.17
18.58
18.99
19.42
19.85
20.3
20.76
21.21
21.67
22.12
22.57
22.99
23.42
23.84
24.28
24.69
25.11
25.5
25.92
26.34
26.73
27.16
27.57
27.97
28.35
28.75
29.17
29.59
30.03
30.45
30.87
31.27
31.71
32.12
32.52
32.91
33.32
33.71
34.14
34.55
34.96
35.36
35.76
36.17
36.6
37.01
37.45
37.87
38.28
38.68
39.08
39.5
39.93
40.34
40.78
41.2
41.59
41.99
42.37
42.76
43.14
43.55
43.99
44.45
44.89
45.33
45.77
46.21
46.63
47.07
47.51
47.95
48.39
48.85
49.26
49.69
50.13
50.57
51.0
51.4
51.84
52.24
52.68
53.07
53.48
53.91
54.31
54.71
55.12
55.55
55.94
56.37
56.78
57.2
57.61
58.06
58.52
59.0
59.46
59.92
60.36
60.82
61.28
61.75
62.22
62.7
63.18
63.63
64.12
64.58
65.04
65.53
66.0
66.41
66.81
67.22
67.61
68.01
68.4
68.8
69.21
69.64
70.04
70.48
70.88
71.3
71.72
72.14
72.58
72.99
73.4
73.81
74.21
74.6
75.0
75.41
75.81
76.21
76.61
77.02
77.4
77.8
78.21
78.61
79.01
79.41
79.81
80.21
80.61
81.02
81.45
81.87
82.31
82.74
83.18
83.61
84.06
84.48
84.93
85.4
85.84
86.3
86.73
87.2
87.63
88.06
88.47
88.9
89.33
89.78
90.19
90.64
91.06
91.5
91.95
92.42
92.87
93.3
93.77
94.2
94.64
95.06
95.49
95.94
96.37
96.79
97.23
97.66
98.07
98.53
98.96
99.41
99.83
100.27
100.72
101.17
101.59
102.03
102.49
102.93
103.35
103.81
104.23
104.66
105.08
105.49
105.92
106.35
106.77
107.17
107.59
108.01
108.46
108.93
109.37
109.83
110.28
110.69
111.12
111.54
111.98
112.38
112.8
113.22
113.66
114.07
114.5
114.89
115.31
115.72
116.12
116.5
116.9
117.32
117.71
118.13
118.55
118.97
119.38
119.8
120.22
120.66
121.08
121.5
121.9
122.32
122.77
123.2
123.63
124.04
124.47
124.9
125.35
125.78
126.2
126.65
127.07
127.51
127.95
128.41
128.85
129.27
129.69
130.12
130.56
130.98
131.42
131.83
132.21
132.59
132.98
133.38
133.8
134.19
134.59
135.01
135.41
135.83
136.22
136.63
137.06
137.52
138.0
138.46
138.92
139.37
139.83
140.3
140.74
141.2
141.66
142.14
142.6
143.04
143.5
143.98
144.42
144.91
145.36
145.85
146.3
146.72
147.13
147.53
147.93
148.34
148.75
149.16
149.59
150.02
150.47
150.89
151.33
151.74
152.13
152.56
152.97
153.36
153.77
154.19
154.61
155.0
155.41
155.84
156.27
156.68
157.1
157.54
157.98
158.42
158.84
159.3
159.72
160.18
160.62
161.08
161.53
161.96
162.42
162.88
163.31
163.77
164.23
164.69
165.17
165.63
166.08
166.53
167.01
167.47
167.91
168.37
168.87
169.34
169.83
170.29
170.79
171.27
171.75
172.17
172.61
173.05
173.49
173.95
174.39
174.83
175.27
175.71
176.15
176.59
177.01
177.46
177.91
178.35
178.77
179.23
179.73
180.19
180.68
181.17
181.64
182.11
182.61
183.09
183.57
184.03
184.48
184.91
185.37
185.83
186.26
186.72
187.17
187.61
188.06
188.53
188.98
189.43
189.87
190.33
190.77
191.22
191.66
192.11
192.58
193.03
193.48
193.91
194.36
194.82
195.26
195.73
196.15
196.6
197.01
197.45
197.88
198.3
198.73
199.18
199.59
200.04
200.47
200.89
201.31
201.74
202.19
202.62
203.03
203.44
203.86
204.29
204.73
205.17
205.63
206.07
206.48
206.9
207.32
207.73
208.16
208.57
208.99
209.41
209.84
210.25
210.67
211.09
211.48
211.89
212.32
212.73
213.12
213.54
213.96
214.4
214.82
215.24
215.64
216.09
216.5
216.95
217.38
217.79
218.22
218.64
219.06
219.45
219.84
220.22
220.62
221.0
221.38
221.78
222.18
222.59
223.0
223.45
223.86
224.34
224.78
225.25
225.73
226.23
226.71
227.19
227.66
228.13
228.62
229.07
229.55
230.03
230.48
230.93
231.39
231.85
232.33
232.73
233.12
233.51
233.91
234.3
234.67
235.05
235.43
235.83
236.19
236.57
236.95
237.33
237.71
238.11
238.49
238.87
239.24
239.63
240.0
240.39
240.81
241.19
241.61
242.01
242.41
242.79
243.19
243.59
244.0
244.41
244.8
245.19
245.57
245.95
246.35
246.74
247.13
247.51
247.89
248.27
248.63
249.01
249.41
249.82
250.24
250.68
251.12
251.55
251.98
252.4
252.81
253.24
253.67
254.09
254.49
254.91
255.33
255.76
256.2
