0.5
3.59
6.6
10.12
13.89
17.61
21.42
25.37
29.29
33.09
36.85
40.57
44.43
48.51
52.65
56.84
60.95
64.86
69.0
73.33
77.22
81.06
84.38
87.51
91.09
95.21
99.24
103.09
107.11
111.31
115.34
119.6
123.73
127.77
132.0
136.12
140.49
144.53
148.55
152.83
156.72
160.58
164.65
168.81
172.86
176.62
180.47
184.21
187.96
191.72
195.06
198.39
201.72
205.12
208.54
211.48
214.33
217.18
219.83
222.47
224.91
227.2
229.44
231.71
233.89
236.05
238.1
240.16
242.13
244.06
246.01
247.97
249.95
251.86
253.76
255.63
257.53
259.56
261.69
264.01
266.36
268.68
271.02
273.63
277.19
281.07
284.89
288.35
292.19
295.87
299.76
