0.25
0.65
1.01
1.4
1.79
2.17
2.52
2.88
3.25
3.59
3.96
4.31
4.7
5.05
5.44
5.79
6.18
6.61
7.0
7.43
7.85
8.26
8.71
9.18
9.67
10.12
10.6
11.06
11.53
12.0
12.48
12.96
13.43
13.9
14.36
14.82
15.27
15.74
16.21
16.68
17.14
17.61
18.09
18.58
19.07
19.54
20.02
20.49
20.97
21.42
21.89
22.36
22.86
23.36
23.88
24.38
24.89
25.38
25.87
26.36
26.87
27.36
27.87
28.35
28.82
29.31
29.79
30.28
30.77
31.25
31.72
32.17
32.64
33.11
33.58
34.05
34.54
35.01
35.47
35.94
36.39
36.85
37.3
37.76
38.22
38.68
39.15
39.63
40.1
40.57
41.02
41.49
41.98
42.5
42.99
43.48
43.97
44.43
44.92
45.41
45.92
46.49
47.0
47.58
48.1
48.7
49.3
49.92
50.52
51.12
51.66
52.16
52.69
53.25
53.76
54.28
54.81
55.35
55.87
56.36
56.87
57.41
57.89
58.4
58.91
59.42
59.95
60.47
60.95
61.46
61.97
62.44
62.92
63.41
63.9
64.38
64.86
65.33
65.8
66.28
66.8
67.38
67.93
68.47
69.0
69.58
70.1
70.65
71.21
71.77
72.32
72.82
73.34
73.88
74.36
74.84
75.32
75.78
76.26
76.76
77.23
77.7
78.2
78.67
79.16
79.62
80.1
80.58
81.06
81.55
82.02
82.52
83.0
83.47
83.92
84.39
84.86
85.35
85.82
86.29
86.76
87.23
87.7
88.15
88.62
89.1
89.63
90.13
90.62
91.1
91.6
92.15
92.7
93.31
93.93
94.59
95.22
95.82
96.45
97.08
97.74
98.37
98.98
99.52
100.11
100.64
101.22
101.79
102.32
102.89
103.42
103.96
104.52
105.08
105.6
106.1
106.61
107.11
107.63
108.15
108.69
109.24
109.74
110.29
110.83
111.32
111.85
112.38
112.89
113.39
113.87
114.39
114.87
115.37
115.92
116.47
116.99
117.56
118.08
118.58
119.08
119.61
120.1
120.61
121.13
121.65
122.19
122.71
123.22
123.74
124.27
124.8
125.27
125.79
126.29
126.79
127.27
127.78
128.33
128.9
129.46
129.99
130.47
131.0
131.49
132.0
132.51
133.04
133.55
134.07
134.55
135.08
135.61
136.16
136.73
137.26
137.84
138.37
138.87
139.38
139.9
140.49
141.09
141.73
142.32
142.96
143.51
144.03
144.56
145.1
145.69
146.31
146.88
147.49
148.01
148.56
149.14
149.69
150.21
150.77
151.34
151.87
152.36
152.83
153.34
153.81
154.29
154.78
155.28
155.79
156.25
156.74
157.24
157.73
158.22
158.68
159.17
159.66
160.13
160.59
161.05
161.52
162.01
162.54
163.1
163.63
164.16
164.66
165.22
165.73
166.23
166.75
167.3
167.82
168.31
168.83
169.38
169.86
170.38
170.91
171.4
171.87
172.35
172.85
173.33
173.81
174.29
174.76
175.23
175.7
176.15
176.63
177.09
177.56
178.04
178.52
179.0
179.5
179.96
180.46
180.94
181.41
181.88
182.35
182.83
183.28
183.74
184.22
184.67
185.12
185.55
186.0
186.46
186.97
187.5
188.0
188.6
189.23
189.82
190.4
191.06
191.71
192.33
192.96
193.62
194.26
194.89
195.49
196.11
196.74
197.38
197.97
198.64
199.25
199.94
200.55
201.24
201.87
202.53
203.15
203.8
204.49
205.14
205.78
206.48
207.13
207.76
208.32
208.93
209.49
210.09
210.67
211.23
211.8
212.4
212.96
213.55
214.13
214.7
215.28
215.91
216.52
217.18
217.85
218.48
219.17
219.8
220.36
220.95
221.52
222.13
222.7
223.26
223.8
224.35
224.91
225.48
226.07
226.63
227.2
227.77
228.36
228.92
229.45
230.01
230.57
231.13
231.72
232.28
232.83
233.39
233.9
234.45
234.98
235.54
236.05
236.59
237.1
237.6
238.1
238.6
239.11
239.62
240.16
240.66
241.16
241.65
242.14
242.63
243.14
243.6
244.08
244.56
245.06
245.56
246.02
246.51
247.01
247.51
247.98
248.47
248.98
249.46
249.95
250.44
250.9
251.38
251.86
252.32
252.79
253.27
253.77
254.24
254.7
255.17
255.66
256.13
256.58
257.05
257.53
258.03
258.56
259.06
259.56
260.05
260.54
261.06
261.53
262.03
262.56
263.03
263.51
264.01
264.49
264.99
265.46
265.93
266.41
266.91
267.39
267.87
268.32
268.78
269.21
269.68
270.12
270.56
271.03
271.45
271.9
272.32
272.74
273.17
273.63
274.05
274.51
274.93
275.4
275.84
276.3
276.74
277.2
277.64
278.1
278.59
279.09
279.6
280.07
280.57
281.07
281.56
282.03
282.51
283.02
283.57
284.06
284.61
285.13
285.65
286.17
286.66
287.18
287.71
288.27
288.78
289.33
289.83
290.31
290.8
291.26
291.72
292.19
292.67
293.13
293.59
294.03
294.5
294.96
295.41
295.89
296.39
296.87
297.32
297.81
298.25
298.72
299.17
299.64
300.08
300.55
301.0
301.43
301.9
