0.28
0.73
1.16
1.61
2.04
2.47
2.86
3.24
3.64
4.03
4.41
4.81
5.25
5.66
6.07
6.51
6.93
7.36
7.79
8.22
8.67
9.1
9.51
9.94
10.39
10.82
11.22
11.64
12.02
12.39
12.78
13.16
13.52
13.9
14.3
14.66
15.05
15.42
15.8
16.19
16.55
16.93
17.28
17.64
18.01
18.38
18.74
19.08
19.46
19.82
20.18
20.54
20.92
21.3
21.64
22.02
22.36
22.72
23.1
23.46
23.81
24.17
24.51
24.87
25.24
25.59
25.94
26.3
26.66
27.05
27.43
27.84
28.23
28.61
28.98
29.36
29.7
30.07
30.43
30.78
31.14
31.51
31.9
32.27
32.63
32.98
33.34
33.69
34.05
34.41
34.77
35.13
35.49
35.87
36.23
36.58
36.92
37.27
37.63
37.97
38.31
38.67
39.02
39.37
39.76
40.23
40.76
41.25
41.76
42.22
42.73
43.24
43.76
44.32
44.85
45.4
45.95
46.49
47.02
47.56
48.09
48.59
49.12
49.68
50.23
50.77
51.3
51.84
52.36
52.87
53.41
54.01
54.55
55.15
55.72
56.26
56.86
57.43
57.96
58.52
59.1
59.64
60.23
60.79
61.32
61.87
62.43
62.94
63.48
64.03
64.61
65.15
65.66
66.21
66.77
67.29
67.82
68.36
68.92
69.41
69.92
70.43
70.93
71.45
71.92
72.44
73.03
73.63
74.2
74.78
75.37
75.92
76.5
77.1
77.69
78.2
78.76
79.31
79.83
80.36
80.94
81.54
82.13
82.67
83.21
83.74
84.24
84.77
85.25
85.78
86.27
86.8
87.29
87.79
88.29
88.79
89.29
89.8
90.27
90.79
91.27
91.75
92.23
92.73
93.24
93.75
94.29
94.78
95.29
95.81
96.33
96.83
97.32
97.89
98.43
98.94
99.48
100.04
100.58
101.06
101.54
102.01
102.47
102.93
103.39
103.84
104.31
104.8
105.29
105.77
106.28
106.77
107.26
107.73
108.22
108.74
109.3
109.82
110.34
110.94
111.52
112.14
112.74
113.35
113.93
114.49
115.1
115.65
116.26
116.83
117.4
117.95
118.53
119.09
119.65
120.25
120.8
121.36
121.97
122.55
123.09
123.66
124.26
124.8
125.36
125.89
126.44
127.0
127.53
128.06
128.55
129.08
129.59
130.18
130.75
131.3
131.9
132.47
133.02
133.6
134.13
134.72
135.25
135.79
136.36
136.91
137.47
138.02
138.56
139.1
139.65
140.19
140.76
141.3
141.87
142.46
143.02
143.58
144.14
144.66
145.22
145.78
146.34
146.89
147.47
148.05
148.61
149.14
149.68
150.28
150.9
151.53
152.12
152.69
153.23
153.76
154.3
154.84
155.38
155.98
156.6
157.21
157.79
158.36
158.89
159.41
159.92
160.46
161.03
161.56
162.1
162.63
163.19
163.7
164.23
164.78
165.28
165.82
166.36
166.92
167.46
167.96
168.49
169.03
169.52
170.04
170.59
171.09
171.57
172.06
172.54
173.04
173.55
174.1
174.62
175.13
175.59
176.09
176.57
177.03
177.51
178.01
178.58
179.16
179.69
180.27
180.82
181.4
181.93
182.5
183.07
183.67
184.24
184.78
185.31
185.89
186.41
186.97
187.5
188.07
188.54
189.07
189.57
190.04
190.55
191.05
191.56
192.1
192.6
193.11
193.6
194.08
194.58
195.08
195.6
196.09
196.61
197.11
197.6
198.09
198.6
199.08
199.58
200.11
200.64
201.13
201.67
202.17
202.69
203.22
203.76
204.26
204.74
205.25
205.74
206.24
206.81
207.34
207.9
208.48
209.04
209.58
210.14
210.66
211.23
211.78
212.34
212.89
213.42
213.97
214.53
215.06
215.66
216.27
216.85
217.39
217.88
218.37
218.88
219.4
219.9
220.36
220.84
221.33
221.82
222.28
222.74
223.2
223.66
224.11
224.62
225.12
225.63
226.13
226.6
227.11
227.62
228.13
228.75
229.35
229.97
230.56
231.19
231.84
232.51
233.19
233.83
234.48
235.18
235.91
236.57
237.25
237.89
238.68
239.44
240.29
241.08
241.92
242.76
243.64
244.46
245.31
246.17
247.04
247.99
248.95
249.9
250.89
251.81
252.76
253.77
254.69
255.65
256.66
257.55
258.48
259.36
260.31
261.2
262.06
262.97
263.86
264.78
265.64
266.59
267.55
268.53
269.47
270.39
271.32
272.22
273.07
273.99
274.81
275.62
276.36
277.06
277.78
278.48
279.25
279.94
280.7
281.44
282.13
282.85
283.53
284.26
284.95
285.7
286.38
287.07
287.73
288.43
289.05
289.67
290.32
290.92
291.57
292.2
292.85
293.5
294.15
294.75
295.35
295.99
296.55
297.07
297.62
298.16
298.71
299.19
299.68
300.16
300.65
301.14
301.61
302.11
302.58
303.06
303.6
304.16
304.7
305.2
305.69
306.21
306.7
307.16
307.64
308.13
308.61
309.1
309.58
310.03
310.5
310.94
311.4
311.89
312.35
312.85
313.33
313.83
314.31
314.76
315.24
315.68
316.14
316.58
317.03
317.48
317.94
318.42
318.88
319.33
319.81
320.27
320.73
321.24
321.73
322.22
322.69
323.16
323.64
324.1
324.57
325.01
325.47
325.95
326.39
326.87
327.32
327.79
