0.5
1.07
1.58
2.09
2.59
3.06
3.53
3.99
4.44
4.9
5.35
5.82
6.29
6.78
7.25
7.7
8.18
8.64
9.13
9.6
10.07
10.52
10.99
11.47
11.93
12.4
12.84
13.31
13.77
14.25
14.75
15.23
15.72
16.21
16.73
17.23
17.7
18.18
18.69
19.17
19.65
20.14
20.6
21.1
21.56
22.06
22.58
23.07
23.59
24.07
24.6
25.09
25.63
26.13
26.6
27.12
27.6
28.12
28.66
29.21
29.73
30.24
30.79
31.25
31.74
32.23
32.72
33.2
33.71
34.2
34.66
35.19
35.69
36.18
36.67
37.17
37.67
38.2
38.77
39.3
39.79
40.31
40.85
41.37
41.89
42.42
42.94
43.44
43.97
44.47
44.99
45.51
46.05
46.57
47.16
47.69
48.35
48.96
49.66
50.3
51.02
51.78
52.5
53.16
53.82
54.5
55.14
55.81
56.47
57.07
57.67
58.2
58.77
59.31
59.87
60.42
60.94
61.49
62.06
62.59
63.14
63.73
64.36
64.96
65.48
66.03
66.6
67.12
67.66
68.18
68.73
69.26
69.76
70.29
70.8
71.32
71.8
72.29
72.77
73.26
73.79
74.39
75.01
75.6
76.2
76.78
77.4
77.99
78.52
79.07
79.64
80.19
80.71
81.28
81.8
82.33
82.86
83.39
83.9
84.46
84.96
85.43
85.93
86.44
86.93
87.41
87.9
88.4
88.9
89.38
89.88
90.39
90.88
91.41
91.96
92.5
93.02
93.49
94.0
94.48
94.98
95.44
95.94
96.42
96.92
97.43
97.94
98.45
98.96
99.47
99.97
100.46
100.94
101.42
101.89
102.39
102.89
103.42
103.94
104.51
105.09
105.65
106.23
106.86
107.46
108.03
108.67
109.28
109.87
110.47
111.1
111.76
112.36
112.99
113.6
114.21
114.78
115.36
115.96
116.53
117.11
117.67
118.26
118.88
119.45
119.99
120.56
121.16
121.72
122.27
122.85
123.52
124.16
124.84
125.5
126.13
126.77
127.46
128.07
128.75
129.36
129.96
130.56
131.18
131.78
132.41
133.12
133.79
134.42
135.05
135.71
136.33
137.0
137.62
138.28
138.85
139.44
139.98
140.56
141.12
141.67
142.23
142.8
143.4
144.01
144.6
145.19
145.76
146.36
146.94
147.54
148.18
148.79
149.39
149.99
150.64
151.34
152.1
152.84
153.55
154.33
155.07
155.77
156.53
157.32
158.14
158.92
159.73
160.5
161.31
161.94
162.54
163.19
163.83
164.44
165.07
165.65
166.29
166.88
167.41
167.98
168.54
169.1
169.65
170.24
170.86
171.45
171.95
172.49
173.03
173.54
174.07
174.6
175.15
175.68
176.19
176.72
177.25
177.81
178.31
178.8
179.28
179.81
180.36
180.92
181.43
181.97
182.52
183.08
183.59
184.13
184.7
185.21
185.77
186.31
186.88
187.4
188.03
188.7
189.32
189.98
190.62
191.17
191.68
192.17
192.67
193.17
193.7
194.19
194.7
195.2
195.72
196.25
196.81
197.32
197.83
198.31
198.82
199.33
199.84
200.33
200.83
201.37
201.88
202.39
202.91
203.43
203.98
204.5
205.0
205.52
206.06
206.58
207.16
207.75
208.32
208.89
209.43
210.06
210.79
211.57
212.38
213.12
213.87
214.63
215.44
216.22
217.0
217.76
218.56
219.44
220.34
221.16
222.05
222.97
223.75
224.58
225.32
226.06
226.86
227.66
228.45
229.26
230.08
230.86
231.64
232.48
233.25
234.05
234.81
235.59
236.26
236.95
237.64
238.31
239.03
239.72
240.42
241.09
241.76
242.45
243.17
243.84
244.52
245.17
245.82
246.51
247.23
247.91
248.64
249.37
250.02
250.75
251.4
252.12
252.79
253.53
254.2
254.94
255.59
256.23
256.89
257.5
258.14
258.79
259.49
260.22
260.89
261.61
262.29
263.1
263.87
264.65
265.41
266.22
267.05
267.86
268.74
269.5
270.34
271.14
271.96
272.8
273.61
274.42
275.26
276.05
276.84
277.67
278.45
279.31
280.14
280.91
281.75
282.51
283.32
284.11
284.95
285.71
286.55
287.31
288.04
288.79
289.59
290.33
291.11
291.82
292.52
293.2
293.93
294.65
295.36
296.13
296.9
297.64
298.34
299.1
299.82
300.6
301.31
302.06
302.82
303.51
304.22
304.95
305.7
306.4
307.1
307.83
308.58
309.3
309.93
310.64
311.28
311.78
312.29
312.79
313.29
313.77
314.27
314.78
315.27
315.76
316.3
316.86
317.41
317.93
318.46
319.0
319.57
320.11
320.62
321.18
321.7
322.24
322.79
323.3
323.81
324.32
324.81
325.35
325.89
326.45
326.98
327.48
328.03
328.5
329.02
329.5
329.99
330.5
330.99
331.47
331.96
332.46
333.0
333.52
334.05
334.67
335.25
335.84
336.48
337.09
337.74
338.4
339.01
339.65
340.3
340.93
341.6
342.24
342.87
