0.67
2.46
4.02
5.65
7.35
9.09
10.81
12.53
14.25
15.79
17.28
18.73
20.17
21.63
23.09
24.5
25.93
27.38
28.8
30.24
31.7
33.15
34.58
36.06
37.44
38.84
40.22
41.59
43.05
44.49
45.93
47.35
48.81
50.25
51.66
53.06
54.4
55.9
57.25
58.61
59.97
61.86
64.02
66.19
68.35
70.42
72.45
74.49
76.49
78.75
80.91
83.2
85.24
87.28
89.28
91.26
93.19
95.28
97.35
99.47
101.53
103.38
105.28
107.34
109.54
112.13
114.48
116.83
119.08
121.36
123.64
125.89
128.06
130.18
132.31
134.72
137.52
140.35
143.02
145.21
147.46
149.68
152.12
154.29
156.59
159.22
161.96
164.22
166.35
168.48
170.59
173.21
175.89
178.72
181.88
185.3
188.48
191.54
194.24
196.79
199.55
202.45
205.49
208.47
211.36
214.14
217.38
220.84
224.61
228.34
231.83
235.36
239.06
243.08
247.16
251.41
255.64
259.34
262.96
266.58
270.38
273.99
277.59
281.23
285.34
289.4
293.79
298.15
302.11
306.21
309.88
313.83
317.47
321.24
325.01
