0.49
4.43
8.45
12.8
16.72
20.56
24.59
28.65
32.71
36.66
40.84
44.99
48.34
51.6
54.49
57.06
59.3
61.48
63.73
66.02
68.18
70.28
72.28
74.38
76.81
79.06
81.34
83.87
85.91
87.89
89.87
91.96
94.01
95.94
97.93
99.97
101.88
103.93
106.25
108.67
111.09
113.6
115.95
118.26
120.56
122.84
125.5
128.04
130.55
133.12
135.7
138.15
140.41
142.8
145.18
147.54
149.98
152.83
155.76
158.91
162.1
165.22
168.54
172.49
176.7
180.95
185.2
189.3
193.17
196.8
200.83
204.67
208.32
211.56
214.62
217.76
221.15
224.59
228.45
231.63
234.8
238.3
241.08
243.83
246.5
249.35
252.11
254.92
257.72
260.53
263.42
266.21
268.73
271.13
274.42
277.66
280.92
284.1
287.34
291.11
294.96
298.87
302.81
307.0
311.27
315.26
318.96
321.85
324.23
326.45
328.49
330.49
332.45
334.66
337.28
340.43
