0.83
1.75
2.7
3.71
4.63
5.63
6.56
7.5
8.46
9.42
10.41
11.37
12.32
13.28
14.18
15.13
16.06
16.98
17.95
18.87
19.84
20.81
21.84
22.8
23.77
24.69
25.67
26.62
27.52
28.55
29.48
30.55
31.62
32.68
33.77
34.87
35.89
37.0
38.08
39.15
40.17
41.26
42.34
43.43
44.54
45.63
46.68
47.83
48.81
49.87
50.8
51.78
52.74
53.57
54.42
55.33
56.13
57.02
57.8
58.58
59.36
60.16
60.96
61.77
62.55
63.29
64.04
64.79
65.57
66.33
67.06
67.63
68.19
68.71
69.18
69.66
70.15
70.63
71.11
71.61
72.09
72.56
73.01
73.48
73.97
74.42
74.89
75.4
75.94
76.49
77.01
77.47
77.93
78.38
78.84
79.31
79.79
80.27
80.73
81.19
81.73
82.26
82.75
83.27
83.82
84.31
84.86
85.36
85.88
86.39
86.91
87.45
87.96
88.48
88.99
89.53
90.1
90.7
91.27
91.8
92.37
92.95
93.47
94.01
94.51
94.97
95.45
95.93
96.43
96.89
97.37
97.86
98.38
98.88
99.38
99.86
100.35
100.81
101.29
101.77
102.25
102.71
103.2
103.65
104.12
104.59
105.1
105.64
106.15
106.66
107.14
107.67
108.18
108.67
109.19
109.7
110.23
110.77
111.28
111.82
112.4
113.01
113.59
114.09
114.61
115.12
115.65
116.19
116.7
117.18
117.66
118.14
118.63
119.15
119.73
120.37
121.0
121.65
122.31
122.92
123.57
124.11
124.69
125.25
125.89
126.54
127.2
127.81
128.48
129.09
129.75
130.44
131.19
131.94
132.68
133.39
134.17
134.94
135.68
136.47
137.32
138.15
139.03
139.91
140.76
141.6
142.51
143.37
144.24
145.15
145.99
146.86
147.79
148.63
149.53
150.32
151.13
151.93
152.75
153.51
154.4
155.39
156.35
157.25
158.31
159.33
160.26
161.21
162.25
163.23
164.35
165.47
166.56
167.55
168.54
169.59
170.6
171.63
172.6
173.57
174.58
175.6
176.58
177.58
178.55
179.57
180.64
181.72
182.77
183.64
184.53
185.39
186.23
187.04
187.89
188.74
189.6
190.46
191.44
192.4
193.39
194.25
195.03
195.83
196.63
197.44
198.22
199.01
199.8
200.59
201.37
202.16
203.15
204.13
204.92
205.72
206.56
207.42
208.29
209.08
209.9
210.72
211.52
212.31
213.08
213.84
214.64
215.37
216.14
216.93
217.76
218.55
219.42
220.36
221.22
222.07
222.88
223.67
224.5
225.29
226.06
226.8
227.58
228.37
229.12
229.92
230.79
231.69
232.49
233.29
234.07
234.87
235.7
236.46
237.26
238.04
238.81
239.71
240.55
241.4
242.25
243.04
243.86
244.75
245.58
246.38
247.21
248.01
248.8
249.63
250.5
251.39
252.17
253.01
253.84
254.6
255.42
256.2
257.03
257.91
258.74
259.64
260.56
261.55
262.44
263.39
264.39
265.35
266.31
267.27
268.15
269.04
269.99
270.91
271.77
272.73
273.63
274.6
275.51
276.49
277.41
278.3
279.17
280.05
280.78
281.48
282.2
282.93
283.69
284.46
285.19
285.98
286.79
287.68
288.5
289.35
290.18
291.01
291.77
292.48
293.26
293.98
294.82
295.62
296.42
297.2
298.0
298.8
299.59
300.5
301.37
302.22
303.06
303.88
304.72
305.5
306.36
307.13
307.94
308.76
309.54
310.38
311.28
312.13
313.03
313.81
314.64
315.42
316.23
317.06
317.9
318.68
319.5
320.32
321.0
321.72
322.48
323.18
323.91
324.6
325.32
326.08
326.76
327.44
328.17
328.9
329.57
330.35
331.17
332.07
332.93
333.77
334.67
335.63
336.65
337.64
338.55
339.47
340.38
341.29
342.37
343.37
344.43
345.41
346.43
347.42
348.45
349.5
350.44
351.38
352.38
353.38
354.39
355.43
356.41
357.43
358.4
359.29
360.23
361.1
362.0
362.86
363.8
364.65
365.5
366.35
367.31
368.29
369.2
370.15
371.06
372.17
373.22
374.31
375.27
376.25
377.19
378.09
378.91
379.76
380.67
381.52
382.37
383.16
384.03
384.85
385.74
386.54
387.44
388.26
389.13
389.84
390.61
391.32
392.12
392.88
393.7
394.47
395.25
396.03
396.65
397.28
397.94
398.58
399.23
399.81
400.36
400.93
401.53
402.1
402.64
403.23
403.84
404.44
405.01
405.55
406.19
406.81
407.44
408.06
408.72
409.35
409.98
410.58
411.28
411.91
412.6
413.31
414.01
414.67
415.39
416.03
416.7
417.34
417.94
418.56
419.13
419.76
420.39
420.99
421.61
422.39
423.22
424.06
424.9
425.7
426.46
427.28
428.1
428.9
429.61
430.33
431.11
431.78
432.52
433.23
433.93
434.58
435.29
436.0
436.66
437.28
437.92
438.58
439.29
439.97
440.7
441.42
442.17
443.09
444.06
444.99
445.93
446.9
447.84
448.78
449.8
450.79
451.76
452.66
453.56
454.5
455.36
456.45
457.51
458.54
459.47
460.36
461.24
462.16
463.06
464.02
464.93
465.79
466.65
467.5
468.42
469.24
470.07
470.9
471.57
472.28
472.97
473.6
474.28
474.95
475.61
476.29
477.01
477.69
478.33
479.04
479.73
480.36
481.03
481.74
482.38
482.99
483.63
484.29
484.94
485.56
486.22
486.87
487.5
488.15
488.82
489.48
490.13
490.76
491.4
492.05
492.74
493.38
494.0
494.65
495.34
496.01
496.68
497.4
498.12
498.9
499.7
500.52
501.29
502.08
502.89
503.76
504.71
505.62
506.58
507.56
508.55
509.51
510.41
511.3
512.2
513.15
514.03
514.97
515.84
516.81
517.78
518.81
519.82
520.81
521.84
522.99
524.05
525.17
526.25
527.29
528.35
529.36
530.29
531.12
531.97
532.82
533.78
534.76
535.8
536.79
537.64
538.51
539.36
540.18
541.05
541.86
542.79
543.64
544.57
545.43
546.41
547.47
548.45
549.46
550.42
551.33
552.29
553.25
554.26
555.15
556.1
557.09
557.99
559.0
559.94
560.89
561.8
562.74
563.7
564.67
565.57
566.49
567.38
568.3
569.22
570.19
571.05
571.98
572.86
573.73
574.62
575.46
576.36
577.2
578.08
578.92
579.82
580.73
581.65
582.57
583.5
584.45
585.31
586.21
587.15
588.01
588.82
589.67
590.56
591.41
592.32
593.25
594.16
595.04
596.05
596.99
597.97
598.92
599.89
600.85
601.78
602.77
603.68
604.68
605.6
606.57
607.55
