4.91
9.27
13.28
16.97
20.8
24.67
28.54
32.67
36.99
41.24
45.62
49.94
53.92
57.79
61.64
65.56
69.65
73.47
77.0
80.72
84.48
87.95
91.61
95.49
99.39
103.19
107.11
111.27
115.65
119.56
122.91
126.54
130.43
134.41
138.59
142.51
146.09
149.44
152.74
155.49
158.05
160.59
162.72
164.69
166.61
168.57
170.59
172.59
174.58
176.57
178.55
180.64
183.63
187.02
190.45
194.38
197.82
200.99
204.13
207.41
210.72
213.84
217.32
220.58
223.67
226.8
229.91
233.5
236.85
240.13
243.43
246.78
250.05
253.41
257.0
260.62
264.66
268.84
272.72
276.49
279.98
283.28
286.62
290.25
293.23
296.17
299.17
302.22
305.49
309.28
313.03
316.73
320.48
323.9
326.97
330.34
333.77
337.65
341.28
344.81
348.55
352.38
356.39
360.22
364.1
367.93
371.6
375.26
378.9
382.36
385.73
389.13
392.72
396.64
400.35
403.82
407.21
410.57
414.66
418.55
422.39
426.07
429.6
433.23
436.95
440.7
444.65
448.78
452.65
456.44
460.35
464.01
467.5
470.9
474.27
477.69
481.0
483.96
486.53
489.14
491.72
494.84
498.11
501.28
504.7
508.34
512.1
515.78
519.76
524.04
528.34
531.96
535.79
540.17
544.43
548.44
552.29
556.1
559.93
563.87
567.77
571.96
576.35
580.62
584.44
587.99
591.4
