0.08
0.38
0.7
1.01
1.31
1.62
1.94
2.27
2.58
2.91
3.23
3.55
3.86
4.18
4.49
4.8
5.11
5.42
5.73
6.06
6.37
6.68
6.99
7.3
7.61
7.91
8.22
8.54
8.84
9.15
9.47
9.79
10.11
10.43
10.76
11.09
11.41
11.73
12.04
12.36
12.69
13.01
13.33
13.64
13.95
14.27
14.58
14.9
15.22
15.54
15.86
16.18
16.51
16.83
17.14
17.47
17.79
18.11
18.42
18.75
19.07
19.4
19.72
20.05
20.37
20.69
21.01
21.33
21.65
21.97
22.29
22.61
22.93
23.25
23.57
23.9
24.21
24.54
24.85
25.18
25.49
25.82
26.13
26.45
26.78
27.09
27.42
27.73
28.05
28.37
28.7
29.03
29.34
29.68
30.01
30.34
30.67
31.0
31.31
31.64
31.95
32.27
32.59
32.91
33.23
33.57
33.89
34.22
34.54
34.87
35.21
35.54
35.87
36.2
36.53
36.86
37.19
37.51
37.84
38.16
38.49
38.81
39.12
39.45
39.77
40.09
40.4
40.73
41.05
41.37
41.69
42.01
42.35
42.68
43.01
43.35
43.66
43.98
44.31
44.64
44.95
45.29
45.62
45.95
46.28
46.62
46.94
47.28
47.62
47.95
48.28
48.61
48.94
49.26
49.58
49.89
50.21
50.54
50.87
51.2
51.52
51.86
52.19
52.52
52.84
53.18
53.5
53.83
54.16
54.48
54.8
55.13
55.45
55.77
56.09
56.41
56.73
57.05
57.37
57.69
58.0
58.32
58.64
58.98
59.31
59.63
59.98
60.3
60.6
60.91
61.22
61.53
61.84
62.17
62.49
62.8
63.12
63.44
63.76
64.08
64.4
