0.48
0.99
1.5
2.02
2.51
2.99
3.45
3.93
4.44
4.91
5.44
6.0
6.55
7.1
7.65
8.2
8.72
9.27
9.82
10.4
10.89
11.41
11.87
12.34
12.83
13.28
13.71
14.16
14.62
15.15
15.62
16.13
16.62
17.14
17.67
18.15
18.66
19.19
19.75
20.28
20.8
21.29
21.75
22.24
22.75
23.24
23.76
24.27
24.74
25.24
25.74
26.3
26.87
27.45
28.01
28.48
28.98
29.49
30.03
30.54
31.03
31.49
32.0
32.48
32.95
33.43
33.92
34.39
34.87
35.35
35.86
36.42
36.97
37.48
38.02
38.56
39.13
39.67
40.2
40.73
41.28
41.8
42.34
42.85
43.44
44.06
44.64
45.16
45.71
46.29
46.88
47.45
48.02
48.58
49.13
49.72
50.27
50.78
51.31
51.8
52.32
52.85
53.41
54.01
54.59
55.09
55.59
56.09
56.58
57.08
57.62
58.13
58.65
59.19
59.74
60.27
60.78
61.26
61.77
62.28
62.82
63.32
63.81
64.3
64.79
65.29
65.81
66.34
66.88
67.4
67.91
68.41
68.93
69.48
69.97
70.56
71.13
71.73
72.29
72.87
73.52
74.16
74.78
75.39
76.06
76.71
77.41
78.03
78.71
79.43
80.14
80.81
81.49
82.11
82.76
83.44
84.08
84.69
85.31
85.92
86.47
87.03
87.57
88.13
88.73
89.29
89.84
90.43
90.96
91.54
92.09
92.61
93.14
93.68
94.24
94.82
95.39
95.91
96.4
96.93
97.44
97.99
98.5
99.0
99.5
100.03
100.55
101.17
101.76
102.43
103.12
103.76
104.45
105.09
105.77
106.45
107.13
107.88
108.64
109.38
110.11
110.79
111.54
112.24
112.96
113.7
114.41
115.11
115.84
116.57
117.35
118.05
118.83
119.53
120.27
121.03
121.75
122.43
123.02
123.64
124.28
124.85
125.37
125.93
126.46
126.97
127.53
128.06
128.61
129.19
129.79
130.38
130.96
131.51
132.12
132.65
133.21
133.77
134.34
134.89
135.41
135.96
136.51
137.09
137.64
138.18
138.7
139.23
139.75
140.26
140.77
141.31
141.81
142.31
142.81
143.41
144.05
144.71
145.39
146.04
146.68
147.34
147.96
148.64
149.31
149.96
150.67
151.32
151.98
152.7
153.33
154.03
154.65
155.29
155.96
156.54
157.15
157.73
158.33
158.98
159.61
160.25
160.92
161.54
162.11
162.69
163.24
163.83
164.36
164.94
165.49
166.04
166.61
167.18
167.81
168.45
169.07
169.67
170.3
170.89
171.49
172.12
172.71
173.26
173.86
174.46
175.08
175.74
176.36
176.96
177.6
178.19
178.81
179.46
180.08
180.66
181.28
181.88
182.49
183.15
183.79
184.42
185.05
185.83
186.64
187.47
188.26
189.1
189.9
190.7
191.42
192.16
192.87
193.55
194.26
194.98
195.7
196.4
197.14
197.92
198.72
199.53
200.33
201.2
202.14
203.07
204.0
204.79
205.63
206.59
207.5
208.2
208.87
209.54
210.25
210.9
211.52
212.1
212.63
213.18
213.74
214.29
214.77
215.26
215.77
216.31
216.84
217.36
217.95
218.57
219.16
219.71
220.29
220.9
221.5
222.07
222.68
223.27
223.83
224.44
225.01
225.56
226.11
226.68
227.26
227.87
228.43
229.02
229.58
230.16
230.76
231.37
231.96
232.51
233.09
233.68
234.29
234.91
235.51
236.08
236.7
237.32
237.95
238.61
239.31
239.96
240.59
241.33
242.07
242.78
243.47
244.23
244.95
245.63
246.4
247.13
247.82
248.58
249.31
250.0
250.76
251.44
252.19
252.9
253.54
254.16
254.81
255.43
256.1
256.74
257.38
257.99
258.63
