3.92
7.41
9.82
11.86
13.78
15.61
17.66
19.74
21.75
23.75
25.74
27.55
29.47
31.49
33.41
35.33
37.47
39.66
41.8
44.05
46.29
48.57
50.77
52.84
55.09
57.07
59.18
61.21
63.8
66.88
69.94
72.83
75.67
79.07
82.75
86.63
90.42
94.81
98.99
102.7
106.63
110.12
114.19
118.02
121.74
125.37
128.59
131.45
134.26
136.48
138.69
140.77
142.8
144.8
147.33
149.95
152.63
155.29
157.78
160.23
162.68
164.94
167.17
169.67
172.12
174.45
176.96
179.42
181.88
184.41
186.84
189.31
192.09
194.97
197.9
201.2
205.0
208.86
211.51
214.0
216.3
218.56
220.88
223.23
225.54
227.85
230.14
232.51
234.91
237.31
239.95
242.76
245.6
248.57
251.49
