2.46
4.7
6.96
9.4
11.89
14.18
16.45
18.64
20.9
23.16
25.42
27.83
30.04
32.37
34.67
36.73
38.71
40.99
43.27
45.72
47.84
49.98
52.33
54.55
56.86
59.13
61.19
63.34
65.66
67.92
70.01
72.06
74.25
76.85
79.96
83.75
87.47
91.49
95.78
100.16
103.63
107.46
111.17
114.81
118.69
122.9
127.03
131.16
135.3
139.65
143.83
147.72
152.07
156.31
160.51
164.84
169.17
173.44
177.47
180.98
184.59
188.41
192.42
196.34
200.38
203.26
205.63
207.89
210.08
212.35
214.79
217.21
219.69
221.97
224.3
226.68
229.1
231.74
234.7
237.52
240.16
242.93
245.54
248.24
251.26
254.66
258.2
261.5
264.77
267.91
