0.16
0.71
1.32
1.89
2.46
3.04
3.62
4.31
5.02
5.72
6.32
6.96
7.6
8.23
8.83
9.43
10.0
10.6
11.22
11.87
12.47
13.05
13.65
14.19
14.73
15.27
15.84
16.45
17.07
17.6
18.13
18.66
19.2
19.78
20.37
20.91
21.48
22.07
22.65
23.18
23.71
24.25
24.82
25.43
26.06
26.63
27.25
27.83
28.35
28.9
29.47
30.03
30.66
31.3
31.83
32.37
32.9
33.43
34.03
34.66
35.2
35.71
36.23
36.8
37.44
38.09
38.71
39.28
39.87
40.42
41.0
41.59
42.14
42.72
43.28
43.91
44.56
45.21
45.73
46.24
46.75
47.28
47.85
48.43
48.95
49.46
49.99
50.56
51.14
51.72
52.33
52.88
53.44
54.04
54.58
55.15
55.75
56.3
56.84
57.4
57.98
58.57
59.14
59.66
60.17
60.69
61.2
61.73
62.3
62.82
63.35
63.9
64.5
65.06
65.67
66.22
66.8
67.4
67.93
68.44
68.96
69.51
70.02
70.52
71.04
71.55
72.06
72.59
73.17
73.72
74.26
74.84
75.39
75.96
76.61
77.25
77.92
78.63
79.26
79.97
80.6
81.2
81.83
82.46
83.06
83.71
84.31
84.92
85.56
86.25
86.87
87.53
88.21
88.87
89.51
90.2
90.84
91.5
92.01
92.5
93.04
93.6
94.17
94.7
95.23
95.79
96.31
96.87
97.44
97.98
98.52
99.1
99.71
100.29
100.86
101.42
102.03
102.57
103.08
103.63
104.22
104.76
105.31
105.89
106.48
107.04
107.59
108.2
108.84
109.43
110.05
110.66
111.36
112.08
112.78
113.47
114.19
114.82
115.51
116.16
116.84
117.6
118.31
119.08
119.78
120.45
121.17
121.86
122.53
123.24
123.92
124.57
125.18
125.78
126.39
127.04
127.7
128.31
128.95
129.51
130.11
130.74
131.41
132.05
132.6
133.19
133.79
134.36
134.9
135.42
135.95
136.5
137.04
137.6
138.1
138.61
139.16
139.66
140.17
140.72
141.23
141.79
142.31
142.85
143.36
143.84
144.31
144.76
145.23
145.71
146.21
146.69
147.21
147.72
148.23
148.75
149.28
149.84
150.41
150.99
151.52
152.08
152.67
153.2
153.79
154.32
154.91
155.47
156.03
156.57
157.13
157.75
158.36
158.97
159.55
160.16
160.78
161.4
162.01
162.57
163.12
163.72
164.27
164.85
165.41
165.97
166.57
167.23
167.83
168.49
169.09
169.7
170.32
170.97
171.52
172.05
172.6
173.14
173.72
174.24
174.82
175.32
175.85
176.41
176.95
177.52
178.05
178.64
179.21
179.8
180.36
180.99
181.65
182.21
182.76
183.34
183.89
184.46
185.01
185.53
186.08
186.72
187.34
188.0
188.63
189.18
189.77
190.34
190.93
191.51
192.1
192.64
193.22
193.79
194.36
194.93
195.52
196.06
196.63
197.2
197.77
198.36
198.96
199.57
200.13
200.74
201.31
201.9
202.52
203.11
203.68
204.26
204.8
205.38
205.95
206.48
207.06
207.63
208.17
208.7
209.25
209.82
210.35
210.91
211.48
212.02
212.55
213.11
213.66
214.21
214.8
215.39
216.02
216.61
217.22
217.87
218.51
219.12
219.7
220.31
220.85
221.44
221.98
222.54
223.09
223.68
224.32
224.99
225.56
226.12
226.69
227.26
227.89
228.51
229.1
229.71
230.37
231.04
231.75
232.52
233.23
233.94
234.71
235.43
236.09
236.79
237.53
238.17
238.86
239.51
240.15
240.85
241.59
242.27
242.93
243.63
244.29
244.9
245.52
246.17
246.86
247.56
248.25
248.91
249.68
250.49
251.23
252.07
252.91
253.82
254.67
255.54
256.46
257.34
258.21
259.05
259.89
260.69
261.51
262.29
263.09
263.93
264.71
265.49
266.33
267.13
267.92
268.71
269.45
270.27
271.02
271.81
272.62
273.42
274.22
274.99
