0.22
0.97
1.72
2.53
3.25
4.02
4.79
5.57
6.34
7.13
7.79
8.5
9.23
9.92
10.57
11.26
11.93
12.56
13.18
13.82
14.47
15.12
15.76
16.37
16.95
17.56
18.19
18.84
19.51
20.19
20.78
21.38
21.97
22.57
23.21
23.82
24.41
25.03
25.65
26.32
27.02
27.69
28.26
28.82
29.4
30.02
30.67
31.29
31.85
32.42
33.03
33.65
34.35
35.04
35.57
36.07
36.62
37.16
37.72
38.32
38.89
39.43
40.0
40.57
41.17
41.74
42.28
42.85
43.45
44.07
44.72
45.33
45.88
46.46
47.07
47.72
48.31
48.94
49.58
50.23
50.86
51.53
52.17
52.78
53.45
54.09
54.68
55.3
55.92
56.57
57.17
57.71
58.27
58.79
59.27
59.75
60.24
60.75
61.28
61.79
62.24
62.69
63.13
63.57
64.02
64.47
64.91
65.36
65.78
66.24
66.66
67.11
67.55
68.0
68.42
68.86
69.32
69.73
70.14
70.57
71.0
71.38
71.8
72.2
72.6
72.98
73.4
73.78
74.18
74.58
75.02
75.48
75.94
76.39
76.87
77.31
77.78
78.24
78.71
79.17
79.61
80.09
80.53
81.0
81.5
81.98
82.48
82.99
83.48
83.96
84.43
84.95
85.53
86.07
86.6
87.18
87.7
88.25
88.82
89.38
89.92
90.46
90.99
91.53
92.05
92.57
93.06
93.56
94.08
94.6
95.07
95.57
96.1
96.59
97.14
97.73
98.35
98.92
99.41
99.88
100.37
100.82
101.3
101.78
102.28
102.77
103.31
103.84
104.35
104.85
105.43
105.97
106.57
107.16
107.82
108.42
109.07
109.68
110.32
111.1
111.82
112.66
113.5
114.4
115.31
116.36
117.31
118.34
119.36
120.36
121.38
122.3
123.28
124.19
125.14
126.11
127.1
128.07
128.97
129.92
130.84
131.79
132.73
133.71
134.62
135.5
136.38
137.24
138.17
139.03
139.88
140.8
141.64
142.54
143.33
144.1
144.93
145.69
146.51
147.26
148.08
148.85
149.61
150.43
151.17
151.96
152.77
153.57
154.34
155.15
155.71
156.31
156.92
157.5
158.1
158.68
159.29
159.88
160.52
161.11
161.71
162.35
162.96
163.53
164.14
164.76
165.31
165.88
166.43
166.94
167.46
168.01
168.49
168.98
169.45
169.94
170.45
170.99
171.49
172.02
172.56
173.11
173.64
174.17
174.67
175.2
175.76
176.3
176.83
177.36
177.91
178.44
178.99
179.56
180.11
180.66
181.21
181.77
182.32
182.91
183.48
184.04
184.61
185.2
185.77
186.31
186.88
187.48
188.01
188.53
189.04
189.57
190.13
190.63
191.09
191.57
192.02
192.49
193.01
193.49
193.97
194.48
195.0
195.54
196.11
196.65
197.16
197.68
198.21
198.79
199.4
200.0
200.58
201.18
201.74
202.36
202.91
203.51
204.07
204.66
205.23
205.84
206.42
206.94
207.45
207.98
208.56
209.17
209.75
210.3
210.88
211.49
212.07
212.62
213.2
213.79
214.41
215.03
215.68
216.26
216.83
217.39
217.97
218.57
219.19
219.78
220.42
221.05
221.63
222.24
222.88
223.49
224.06
224.66
225.27
225.86
226.49
227.07
227.66
228.29
228.89
229.65
230.47
231.24
232.08
232.84
233.68
234.56
235.46
236.36
237.21
238.1
239.05
239.95
240.82
241.7
242.63
243.55
244.43
245.34
246.25
247.1
247.9
248.7
249.46
250.28
251.06
251.86
252.71
253.61
254.51
255.4
256.34
257.25
258.21
259.07
260.01
260.87
261.68
