3.21
6.33
9.36
11.92
14.47
16.94
19.51
21.96
24.4
27.02
29.38
31.84
34.33
36.62
38.89
41.17
43.45
45.87
48.55
51.52
54.58
57.16
59.27
61.28
63.12
64.9
67.44
70.57
73.77
77.31
80.99
84.94
88.33
91.52
94.61
98.41
102.27
106.56
110.61
114.39
118.34
122.3
126.11
129.92
133.69
137.65
141.33
145.05
148.84
152.58
156.3
160.14
164.2
168.48
172.55
176.83
180.94
184.75
188.28
191.56
195.49
199.39
203.07
206.93
210.28
213.09
215.67
217.97
220.41
222.86
225.26
227.65
230.46
234.54
238.49
242.52
246.34
250.27
254.49
