0.54
1.27
1.99
2.7
3.41
4.15
4.9
5.63
6.36
7.05
7.79
8.56
9.31
10.03
10.71
11.43
12.1
12.79
13.51
14.19
14.81
15.44
16.04
16.71
17.37
18.02
18.76
19.47
20.03
20.6
21.22
21.85
22.53
23.22
23.82
24.43
25.05
25.7
26.38
27.02
27.6
28.2
28.81
29.45
30.12
30.74
31.33
31.95
32.59
33.24
33.92
34.57
35.13
35.71
36.26
36.9
37.6
38.35
39.04
39.68
40.31
40.93
41.58
42.24
42.85
43.49
44.15
44.82
45.52
46.18
46.81
47.45
48.15
48.87
49.48
50.14
50.73
51.29
51.89
52.51
53.17
53.82
54.43
55.05
55.7
56.37
57.07
57.7
58.41
59.03
59.64
60.28
60.88
61.49
62.07
62.69
63.35
63.97
64.62
65.3
65.96
66.55
67.14
67.71
68.31
69.01
69.7
70.34
71.02
71.75
72.47
73.22
74.04
74.79
75.61
76.3
76.98
77.71
78.38
79.05
79.79
80.5
81.11
81.76
82.42
83.06
83.69
84.35
84.99
85.63
86.32
87.04
87.72
88.41
89.13
89.82
90.52
91.19
91.85
92.54
93.2
93.83
94.49
95.12
95.67
96.25
96.81
97.39
97.97
98.52
99.09
99.68
100.24
100.81
101.38
101.91
102.48
103.08
103.7
104.4
105.02
105.71
106.34
107.0
107.65
108.3
108.94
109.57
110.2
110.84
111.51
112.13
112.74
113.37
114.03
114.73
115.38
115.99
116.61
117.26
117.88
118.53
119.14
119.75
120.33
120.96
121.56
122.16
122.72
123.31
123.98
124.59
125.24
125.89
126.52
127.15
127.76
128.37
129.02
129.65
130.3
130.96
131.59
132.18
132.8
133.46
134.06
134.7
135.33
135.96
136.6
137.26
137.86
138.49
139.14
139.78
140.4
141.03
141.73
142.48
143.18
143.91
144.65
145.4
146.09
146.75
147.43
148.15
148.81
149.48
150.19
150.85
151.58
152.26
152.92
153.6
154.31
154.97
155.73
156.46
157.23
157.92
158.68
159.32
159.96
160.53
161.12
161.69
162.25
162.79
163.36
163.89
164.39
164.92
165.47
166.0
166.58
167.15
167.71
168.32
168.89
169.46
170.02
170.61
171.15
171.69
172.23
172.78
173.43
174.1
174.79
175.45
176.2
176.93
177.7
178.42
179.2
179.97
180.7
181.46
182.19
182.94
183.65
184.36
185.09
185.83
186.58
187.3
188.1
188.87
189.63
190.44
191.3
192.08
192.89
193.62
194.37
195.17
195.88
196.66
197.38
198.09
198.82
199.59
200.28
201.04
201.8
202.39
203.01
203.57
204.18
204.77
205.35
205.93
206.55
207.12
207.71
208.3
208.95
209.61
210.28
210.98
211.68
212.32
213.02
213.68
214.4
215.04
215.74
216.36
216.98
217.63
218.26
218.89
219.49
220.1
220.75
221.34
221.98
222.68
223.31
223.98
224.69
225.39
226.04
226.72
227.29
227.88
228.47
229.09
229.66
230.22
230.8
231.38
231.98
232.58
233.15
233.75
234.35
234.9
235.48
236.09
236.66
237.23
237.83
238.36
238.88
239.42
240.0
240.54
241.12
241.71
242.34
242.95
243.6
244.21
244.82
245.44
246.01
246.58
247.1
247.63
248.23
248.89
249.49
250.12
250.78
251.38
251.99
252.58
253.19
253.84
254.44
255.21
255.93
256.68
257.44
258.21
258.99
259.68
260.41
261.17
261.87
262.52
263.19
263.81
264.45
265.14
265.8
266.46
267.16
267.86
268.56
269.32
270.03
270.73
271.46
272.13
272.87
273.62
274.31
275.08
275.87
276.59
277.39
278.19
278.95
279.72
280.55
281.34
282.25
283.28
284.4
285.4
286.49
287.51
288.56
289.65
290.7
291.74
292.82
293.9
294.94
296.07
