1.98
4.15
6.39
8.56
10.7
12.78
14.8
16.7
18.75
20.6
22.53
24.42
26.38
28.19
30.11
31.94
33.92
35.7
37.58
39.68
41.57
43.46
45.51
47.44
49.71
51.6
53.47
55.65
57.71
59.64
61.48
63.34
65.29
67.13
69.0
71.02
73.22
75.6
77.69
79.77
81.9
83.84
85.82
88.22
90.87
93.83
96.79
99.67
102.48
105.25
108.3
110.87
113.37
115.99
118.47
121.04
123.51
126.09
128.57
131.25
134.27
137.32
140.01
142.17
144.24
146.44
148.74
150.99
153.34
155.72
157.92
159.95
161.69
163.36
165.18
166.95
168.73
170.59
172.39
174.23
175.95
177.58
179.38
181.18
183.07
185.06
187.3
189.62
192.08
194.38
196.65
198.82
201.03
203.17
205.06
206.98
208.94
210.97
213.01
215.45
218.03
220.49
223.07
225.4
227.68
229.96
231.98
233.74
235.46
237.22
239.03
241.1
242.96
244.81
246.57
248.23
250.12
251.98
253.83
255.93
258.21
260.4
262.51
264.44
266.46
268.55
270.72
272.86
275.07
277.38
279.73
282.14
284.42
286.49
288.58
290.69
