0.61
1.23
1.85
2.44
3.06
3.71
4.3
4.89
5.48
6.05
6.63
7.27
7.94
8.58
9.2
9.82
10.42
11.0
11.56
12.13
12.73
13.3
13.88
14.43
14.94
15.49
16.04
16.61
17.22
17.85
18.46
19.05
19.6
20.15
20.7
21.26
21.78
22.33
22.88
23.45
24.1
24.78
25.41
26.06
26.64
27.17
27.73
28.27
28.77
29.3
29.84
30.4
31.02
31.68
32.29
32.91
33.44
33.98
34.5
35.0
35.52
36.06
36.58
37.09
37.6
38.12
38.69
39.21
39.75
40.37
40.95
41.62
42.27
42.81
43.34
43.88
44.44
44.96
45.48
45.99
46.53
47.0
47.48
47.97
48.53
49.12
49.67
50.21
50.78
51.38
51.95
52.5
53.04
53.6
54.19
54.75
55.23
55.73
56.22
56.69
57.17
57.66
58.17
58.69
59.25
59.77
60.22
60.7
61.16
61.65
62.18
62.65
63.15
63.68
64.24
64.75
65.3
65.88
66.46
67.11
67.7
68.33
68.95
69.59
70.19
70.8
71.42
72.07
72.69
73.29
73.9
74.62
75.31
76.08
76.85
77.64
78.46
79.23
80.06
80.69
81.36
82.02
82.7
83.35
84.09
84.91
85.66
86.44
87.24
88.0
88.78
89.69
90.56
91.44
92.35
93.26
94.24
95.16
96.12
97.08
98.01
98.95
99.88
100.83
101.74
102.59
103.5
104.37
105.3
106.15
107.08
108.04
108.85
109.71
110.57
111.4
112.28
113.13
113.94
114.81
115.64
116.51
117.43
118.33
119.18
120.11
121.0
121.88
122.85
123.76
124.71
125.69
126.57
127.5
128.41
129.3
130.19
131.07
131.89
132.74
133.6
134.41
135.29
136.12
136.96
137.81
138.67
139.78
140.8
141.84
142.88
143.98
144.95
145.92
146.94
147.97
149.0
149.9
150.85
151.84
152.9
153.88
154.86
155.9
156.85
157.88
158.81
159.87
160.83
161.82
162.89
163.87
164.8
165.75
166.72
167.7
168.57
169.5
170.33
171.17
171.92
172.54
173.19
173.86
174.56
175.22
175.88
176.51
177.18
177.86
178.5
179.1
179.67
180.27
180.85
181.47
182.01
182.56
183.12
183.7
184.29
184.93
185.6
186.27
186.89
187.57
188.19
188.84
189.6
190.4
191.35
192.23
193.11
193.99
194.92
195.82
196.79
197.77
198.7
199.71
200.63
201.62
202.56
203.66
204.76
205.82
206.79
207.84
208.95
210.08
211.15
212.12
213.19
214.15
215.21
216.17
217.25
218.31
219.39
220.5
221.62
222.61
223.66
224.69
225.73
226.69
227.54
228.37
229.25
230.15
231.03
231.7
232.41
233.12
233.7
234.3
234.89
235.43
235.99
236.52
237.08
237.67
238.27
238.84
239.46
240.12
240.72
241.36
242.01
242.61
243.22
243.84
244.49
245.11
245.74
246.37
247.07
247.72
248.36
248.99
249.62
250.27
250.89
251.59
252.33
253.02
253.67
254.37
255.08
255.78
256.56
257.29
258.01
258.8
259.61
260.38
261.21
262.0
262.75
263.58
264.33
265.15
265.91
266.7
267.49
