3.05
5.46
7.75
10.11
12.72
14.94
17.19
19.59
21.77
24.09
26.64
28.77
31.01
33.53
36.05
38.11
40.36
42.8
44.96
47.0
49.11
51.35
53.57
55.72
57.65
59.76
61.64
63.68
65.88
68.56
71.88
75.31
79.23
83.34
87.23
91.06
94.96
98.76
102.28
105.87
109.71
113.12
116.74
120.51
123.53
126.57
130.18
133.59
136.96
140.8
144.95
148.99
152.86
156.84
160.82
164.24
167.69
171.17
173.86
176.51
179.38
181.84
184.29
186.88
189.59
192.88
196.5
200.29
204.32
207.86
211.45
215.21
219.32
222.76
226.68
230.15
233.12
235.42
237.66
240.1
242.6
245.1
247.71
250.26
252.77
255.07
257.34
259.6
