0.64
1.4
2.2
2.94
3.71
4.46
5.25
5.97
6.77
7.46
8.21
8.94
9.63
10.35
11.06
11.75
12.45
13.17
13.8
14.45
15.06
15.71
16.35
16.98
17.65
18.2
18.78
19.35
19.9
20.4
20.95
21.41
21.85
22.32
22.75
23.2
23.67
24.11
24.57
25.01
25.42
25.82
26.23
26.67
27.1
27.54
27.95
28.39
28.83
29.29
29.73
30.17
30.58
31.01
31.44
31.89
32.32
32.73
33.18
33.64
34.08
34.53
34.98
35.43
35.89
36.35
36.8
37.24
37.69
38.13
38.57
39.01
39.44
39.89
40.36
40.82
41.28
41.77
42.24
42.69
43.16
43.63
44.12
44.55
44.96
45.4
45.83
46.25
46.69
47.16
47.6
48.04
48.49
48.93
49.36
49.79
50.26
50.83
51.35
51.9
52.42
52.96
53.53
54.05
54.66
55.33
55.97
56.58
57.23
57.87
58.52
59.14
59.82
60.46
61.12
61.74
62.39
63.12
63.79
64.54
65.35
66.14
66.98
67.77
68.55
69.35
70.15
70.99
71.78
72.57
73.31
74.11
74.85
75.63
76.43
77.2
77.93
78.72
79.53
80.33
81.11
81.89
82.72
83.49
84.26
85.0
85.78
86.51
87.26
88.06
88.84
89.59
90.34
91.13
91.86
92.62
93.41
94.22
95.0
95.79
96.44
97.09
97.77
98.41
99.1
99.76
100.42
101.04
101.7
102.37
103.03
103.7
104.42
105.15
105.87
106.64
107.36
108.01
108.71
109.41
110.09
110.78
111.46
112.2
112.88
113.63
114.31
115.11
115.95
116.74
117.53
118.27
119.04
119.8
120.58
121.31
122.07
122.89
123.66
124.42
125.29
126.2
127.09
127.88
128.7
129.57
130.35
131.17
131.93
132.71
133.54
134.31
135.16
135.94
136.75
137.54
138.38
139.13
139.87
140.64
141.4
142.12
142.89
143.69
144.58
145.53
146.48
147.36
148.36
149.27
150.25
151.2
152.14
153.24
154.38
155.47
156.56
157.61
158.68
159.77
160.77
161.82
162.86
163.9
164.9
165.83
166.75
167.71
168.66
169.62
170.63
171.67
172.65
173.63
174.64
175.63
176.49
177.26
178.07
178.73
179.43
180.15
180.79
181.49
182.15
182.84
183.52
184.31
185.06
185.79
186.52
187.28
188.06
188.81
189.55
190.25
190.99
191.76
192.48
193.16
193.83
194.54
195.17
195.8
196.4
197.02
197.61
198.23
198.83
199.46
200.12
200.76
201.38
202.05
202.75
203.39
204.07
204.77
205.38
206.03
206.71
207.38
208.01
208.71
209.37
210.05
210.76
211.49
212.19
212.84
213.53
214.22
214.94
215.56
216.19
216.8
217.38
217.97
218.6
219.19
219.79
220.34
220.91
221.5
222.05
222.65
223.21
223.76
224.29
224.86
225.35
225.86
226.36
226.87
227.41
227.88
228.37
228.85
229.31
229.74
230.2
230.66
231.11
231.59
232.03
232.49
232.97
233.41
233.89
234.35
234.79
235.27
235.72
236.14
236.58
237.02
237.47
237.92
238.36
238.78
239.22
239.66
240.11
240.56
241.0
241.42
241.87
242.32
242.75
243.19
243.6
244.0
244.42
244.82
245.26
245.7
246.16
246.63
247.1
247.57
248.06
248.51
249.0
249.42
249.86
250.31
250.76
251.19
251.63
252.08
252.53
252.96
253.41
253.86
254.31
254.76
255.22
255.67
256.13
256.57
257.01
257.47
257.94
258.43
258.9
259.36
259.79
260.23
260.65
261.09
261.51
261.95
262.42
262.87
263.32
263.76
264.2
264.63
265.06
265.5
265.96
266.39
266.84
267.25
267.69
268.13
268.56
269.05
269.59
270.28
270.94
271.64
272.37
273.12
273.82
274.52
275.3
276.04
276.73
277.39
278.03
278.69
279.35
280.01
280.69
281.38
282.04
282.74
283.4
284.12
284.79
285.42
286.05
286.66
287.28
287.97
288.61
289.3
289.94
290.59
291.25
291.87
292.52
293.2
293.88
294.58
295.28
295.99
296.64
297.35
298.03
298.74
299.4
300.1
300.84
301.54
302.23
302.9
303.7
304.6
305.5
306.35
307.43
308.39
309.47
310.44
311.5
312.45
313.44
314.44
315.37
316.35
317.2
318.12
318.88
319.69
320.52
321.35
322.13
322.94
323.71
324.51
325.35
326.11
326.95
327.73
328.52
329.33
330.19
330.89
331.57
332.26
332.99
333.76
334.59
335.42
336.21
337.0
337.94
338.94
339.89
340.84
341.76
342.75
343.77
344.78
345.75
346.76
347.81
348.81
349.76
350.82
351.87
352.87
353.86
354.9
355.95
356.9
357.78
358.65
359.59
360.5
361.35
362.26
363.09
363.95
364.82
365.73
366.55
367.46
368.31
369.11
369.98
370.7
371.46
372.26
372.98
373.68
374.41
375.18
375.84
376.5
377.22
377.87
378.55
379.22
379.87
380.46
381.06
381.64
382.22
382.92
383.64
384.26
384.95
385.58
386.25
386.85
387.5
388.14
388.66
389.22
389.76
390.3
390.79
391.28
391.78
392.24
392.74
393.29
393.83
394.38
394.94
395.49
396.02
396.56
397.13
397.71
398.26
398.82
399.33
399.87
400.41
400.97
401.52
402.05
402.6
403.12
403.66
404.18
404.7
405.25
405.79
406.29
406.83
407.37
407.87
408.36
408.85
409.36
409.84
410.37
410.92
411.45
411.98
412.48
412.96
413.42
413.9
414.39
414.9
415.36
415.86
416.34
416.86
417.37
417.86
418.37
418.85
419.37
419.85
420.38
420.88
421.43
421.98
422.52
422.99
423.49
423.95
424.44
424.91
425.4
425.85
426.33
426.77
427.21
427.66
428.11
428.58
429.03
429.47
429.92
430.38
430.81
431.26
431.73
432.16
432.63
433.08
433.53
433.98
434.41
