0.13
3.59
7.19
10.72
14.45
17.92
21.4
25.01
28.44
31.88
35.43
39.0
42.25
45.82
49.35
53.08
56.94
60.95
64.68
68.4
71.8
74.85
77.94
81.1
84.23
87.26
90.05
92.84
95.67
98.41
101.03
103.7
106.64
109.4
112.15
115.13
118.26
121.31
124.42
127.88
131.42
134.89
138.38
141.4
144.09
146.63
149.57
152.88
156.35
160.1
163.9
167.7
171.61
175.62
179.48
183.5
187.28
190.51
193.82
197.02
200.13
203.25
206.09
208.71
211.49
214.21
217.38
220.58
223.76
226.84
228.84
230.65
232.48
234.34
236.14
237.91
239.65
241.41
243.19
244.82
246.63
248.51
250.3
252.07
253.86
255.66
257.47
259.36
261.08
262.85
264.63
266.39
268.12
270.11
272.52
275.29
278.3
281.37
284.11
286.66
289.45
292.51
295.28
298.02
300.82
303.69
307.56
311.49
315.37
319.67
323.66
326.84
330.18
333.68
337.03
340.83
344.77
348.91
352.87
356.24
359.53
363.32
367.45
370.69
374.1
377.72
380.46
382.92
385.57
388.13
390.29
392.24
394.37
396.56
398.81
400.97
403.37
405.96
408.52
410.92
413.4
416.04
418.85
421.97
425.29
428.39
431.37
434.25
