3.31
6.25
8.87
11.49
14.23
17.03
19.89
22.84
26.11
29.65
33.84
37.75
41.52
45.23
48.94
52.19
55.16
57.97
60.31
62.48
64.51
66.72
69.03
71.4
73.61
76.25
79.14
82.13
85.36
88.59
91.58
94.52
97.3
100.28
103.09
105.79
108.24
110.7
113.52
116.84
120.67
124.01
126.81
129.51
132.7
135.81
138.7
141.84
144.71
147.55
150.97
154.4
157.97
161.79
165.77
169.65
173.28
176.7
179.93
182.99
185.94
188.76
191.78
194.47
197.4
200.07
202.82
205.68
208.73
211.7
214.93
217.63
220.49
223.34
226.89
230.87
234.87
238.97
242.99
247.08
250.8
254.54
258.27
261.93
265.68
269.29
272.62
275.65
278.62
281.84
284.93
288.12
291.21
294.37
297.35
300.32
303.27
306.54
310.15
313.55
316.93
320.13
323.45
326.67
330.15
333.49
336.66
339.74
343.34
347.03
350.53
353.63
356.68
359.96
363.01
365.61
368.92
372.59
376.13
379.88
382.94
385.96
389.03
392.16
395.35
398.34
401.32
404.23
406.99
409.62
412.34
414.84
