0.26
1.0
1.79
2.54
3.31
4.06
4.85
5.6
6.25
6.88
7.57
8.21
8.87
9.53
10.18
10.84
11.5
12.08
12.63
13.22
13.82
14.36
14.93
15.46
16.0
16.54
17.04
17.6
18.18
18.78
19.32
19.89
20.4
20.91
21.4
21.88
22.37
22.84
23.35
23.88
24.43
25.01
25.54
26.11
26.68
27.27
27.84
28.41
29.01
29.59
30.15
30.68
31.15
31.62
32.05
32.5
32.96
33.4
33.85
34.33
34.81
35.27
35.72
36.19
36.66
37.12
37.6
38.07
38.53
39.02
39.47
39.94
40.43
40.95
41.5
42.01
42.5
42.96
43.4
43.85
44.33
44.77
45.24
45.71
46.17
46.59
47.03
47.5
47.99
48.44
48.93
49.4
49.85
50.28
50.72
51.18
51.67
52.2
52.73
53.24
53.83
54.42
54.99
55.58
56.2
56.79
57.36
57.97
58.52
59.11
59.69
60.31
60.87
61.46
61.96
62.47
62.98
63.51
64.02
64.52
65.06
65.61
66.16
66.73
67.25
67.84
68.42
69.04
69.61
70.21
70.84
71.4
71.93
72.49
73.08
73.61
74.19
74.93
75.64
76.41
77.12
77.8
78.54
79.28
79.96
80.68
81.44
82.14
82.85
83.68
84.57
85.36
86.16
87.01
87.76
88.56
89.3
90.07
90.8
91.58
92.35
93.15
93.84
94.53
95.22
95.87
96.59
97.29
98.08
98.85
99.6
100.32
101.02
101.67
102.37
103.09
103.81
104.59
105.33
106.03
106.8
107.54
108.25
109.05
109.88
110.7
111.38
112.01
112.69
113.52
114.35
115.16
115.93
116.84
117.78
118.61
119.51
120.44
121.31
122.27
123.24
124.01
124.76
125.46
126.11
126.82
127.51
128.15
128.82
129.51
130.27
131.03
131.82
132.71
133.52
134.35
135.07
135.81
136.48
137.18
137.98
138.71
139.49
140.26
141.06
141.84
142.62
143.32
144.0
144.71
145.47
146.16
146.89
147.62
148.39
149.09
149.84
150.54
151.27
152.02
152.81
153.56
154.41
155.24
156.1
156.87
157.69
158.54
159.31
160.05
160.78
161.54
162.29
162.94
163.61
164.26
164.97
165.7
166.46
167.23
168.01
168.83
169.65
170.4
171.17
171.97
172.73
173.53
174.31
175.09
175.87
176.7
177.51
178.39
179.2
179.96
180.68
181.44
182.22
182.99
183.78
184.48
185.21
185.94
186.61
187.36
188.04
188.77
189.53
190.31
191.06
191.79
192.45
193.1
193.76
194.48
195.22
196.0
196.67
197.36
198.09
198.75
199.4
200.08
200.78
201.46
202.13
202.82
203.53
204.22
204.92
205.68
206.4
207.13
207.92
208.75
209.47
210.17
210.91
211.69
212.58
213.4
214.25
214.94
215.61
216.32
217.03
217.68
218.41
219.06
219.75
220.5
221.22
221.91
222.62
223.18
223.64
224.09
224.57
225.01
225.43
225.87
226.37
226.9
227.39
227.89
228.38
228.9
229.37
229.9
230.4
230.87
231.4
231.99
232.56
233.16
233.72
234.33
234.91
235.51
236.11
236.74
237.34
237.87
238.42
238.97
239.57
240.19
240.79
241.35
241.87
242.41
242.95
243.45
243.94
244.44
244.92
245.44
245.93
246.44
246.89
247.38
247.83
248.3
248.78
249.26
249.73
250.18
250.65
251.11
251.58
252.04
252.53
253.0
253.45
253.93
254.39
254.87
255.35
255.85
256.39
256.89
257.35
257.81
258.28
258.74
259.21
259.66
260.13
260.59
261.05
261.48
261.94
262.41
262.91
263.37
263.87
264.33
264.78
265.23
265.69
266.14
266.6
267.17
267.78
268.39
268.98
269.65
270.37
271.15
271.89
272.63
273.38
274.11
274.91
275.66
276.36
277.13
277.84
278.62
279.36
280.11
280.9
281.85
282.78
283.5
284.24
284.94
285.68
286.44
287.34
288.12
288.93
289.74
290.48
291.22
292.01
292.73
293.43
294.16
294.91
295.63
296.46
297.31
298.12
298.86
299.59
300.33
301.08
301.81
302.51
303.25
304.07
304.86
305.71
306.55
307.46
308.41
309.34
310.19
311.01
311.86
312.69
313.56
314.42
315.29
316.09
316.95
317.75
318.56
319.35
320.14
321.0
321.9
322.74
323.49
324.3
325.08
325.86
326.68
327.5
328.31
329.26
330.15
331.07
331.91
332.7
333.5
334.34
335.09
335.86
336.67
337.44
338.17
338.97
339.75
340.58
341.5
342.43
343.33
344.29
345.19
346.11
347.04
347.91
348.81
349.64
350.54
351.31
352.07
352.87
353.64
354.39
355.13
355.9
356.69
357.47
358.24
358.9
359.57
360.29
360.93
361.63
362.33
363.01
363.66
364.31
364.96
365.61
366.29
366.93
367.61
368.3
368.93
369.49
370.04
370.61
371.14
371.7
372.23
372.79
373.38
373.96
374.54
375.14
375.7
376.29
376.86
377.45
378.01
378.65
379.28
379.88
380.48
381.12
381.68
382.21
382.77
383.35
383.91
384.45
385.1
385.72
386.36
386.97
387.62
388.24
388.86
389.52
390.12
390.77
391.38
392.03
392.64
393.27
393.81
394.38
394.96
395.54
396.08
396.65
397.22
397.8
398.35
398.95
399.5
400.03
400.59
401.13
401.72
402.25
402.83
403.39
403.91
404.47
405.09
405.74
406.35
407.0
407.64
408.27
408.93
409.56
410.16
410.81
411.42
412.06
412.79
413.44
414.13
414.85
415.59
416.29
417.05
417.79
418.56
419.28
