0.86
2.26
3.64
5.04
6.46
7.85
9.26
10.66
12.03
13.42
14.82
16.23
17.63
19.03
20.53
21.89
23.28
24.74
26.16
27.59
29.02
30.46
31.91
33.43
34.87
36.29
37.77
39.26
40.75
42.23
43.71
45.14
46.52
47.92
49.35
50.84
52.26
53.68
55.16
56.57
58.03
59.52
60.95
62.43
63.83
65.26
66.71
68.13
69.47
70.87
72.43
73.89
75.31
76.74
78.14
79.57
81.0
82.42
83.82
85.25
86.76
88.34
89.79
91.19
92.62
94.05
95.5
96.99
98.45
99.95
101.38
102.77
104.22
105.65
107.13
108.57
110.01
111.48
112.86
114.24
115.85
117.35
118.83
120.29
121.65
123.13
124.65
126.15
127.65
129.19
130.77
132.29
133.74
135.13
136.54
137.99
139.53
140.92
142.34
143.78
145.32
146.8
148.25
149.66
151.05
152.48
153.88
155.29
156.72
158.16
159.43
160.79
162.23
163.66
165.07
166.46
167.84
169.32
170.79
172.17
173.68
175.19
176.72
178.22
179.73
181.18
182.6
183.99
185.42
186.83
188.24
189.69
191.07
192.37
193.79
195.41
196.9
198.29
199.71
201.12
202.51
203.94
205.32
206.7
208.22
209.76
211.35
213.13
