0.17
0.5
0.87
1.22
1.55
1.91
2.26
2.61
2.97
3.3
3.65
4.0
4.35
4.7
5.05
5.4
5.75
6.1
6.47
6.81
7.17
7.52
7.86
8.2
8.55
8.92
9.26
9.62
9.97
10.32
10.67
11.01
11.34
11.68
12.03
12.37
12.74
13.07
13.43
13.78
14.13
14.47
14.83
15.18
15.54
15.89
16.23
16.57
16.92
17.29
17.63
17.98
18.33
18.69
19.04
19.41
19.78
20.17
20.54
20.88
21.2
21.54
21.89
22.23
22.6
22.94
23.3
23.66
24.02
24.38
24.76
25.12
25.47
25.83
26.18
26.53
26.88
27.25
27.6
27.93
28.29
28.66
29.03
29.37
29.73
30.11
30.46
30.82
31.18
31.56
31.92
32.29
32.66
33.05
33.42
33.79
34.13
34.49
34.87
35.21
35.59
35.93
36.3
36.67
37.04
37.41
37.78
38.16
38.54
38.91
39.27
39.63
40.0
40.39
40.76
41.11
41.48
41.86
42.24
42.59
42.96
43.34
43.72
44.08
44.42
44.78
45.14
45.48
45.84
46.18
46.52
46.88
47.24
47.58
47.93
48.29
48.65
49.0
49.36
49.72
50.11
50.47
50.85
51.21
51.57
51.92
52.29
52.63
52.99
53.35
53.71
54.08
54.44
54.81
55.16
55.52
55.88
56.23
56.59
56.95
57.33
57.69
58.03
58.4
58.77
59.12
59.49
59.87
60.25
60.6
60.97
61.34
61.71
62.08
62.45
62.79
63.15
63.49
63.84
64.2
64.56
64.91
65.27
65.63
66.0
66.35
66.72
67.09
67.45
67.8
68.13
68.48
68.81
69.14
69.48
69.82
70.16
70.51
70.88
71.25
71.64
72.05
72.44
72.81
73.18
73.54
73.9
74.25
74.6
74.96
75.32
75.67
76.04
76.4
76.75
77.1
77.45
77.8
78.15
78.51
78.87
79.23
79.58
79.95
80.3
80.65
81.01
81.39
81.74
82.11
82.44
82.79
83.14
83.49
83.84
84.19
84.56
84.89
85.26
85.59
85.96
86.3
86.64
86.98
87.3
87.64
87.98
88.35
88.7
89.06
89.44
89.8
90.15
90.5
90.84
91.19
91.54
91.91
92.26
92.62
92.97
93.33
93.69
94.06
94.41
94.79
95.15
95.5
95.87
96.24
96.61
97.0
97.37
97.72
98.09
98.46
98.83
99.2
99.58
99.96
100.32
100.66
101.02
101.39
101.73
102.09
102.43
102.78
103.14
103.51
103.86
104.24
104.59
104.95
105.31
105.66
106.02
106.38
106.76
107.14
107.49
107.84
108.2
108.57
108.92
109.28
109.67
110.03
110.4
110.77
111.12
111.49
111.83
112.19
112.55
112.91
113.28
113.67
114.04
114.41
114.78
115.13
115.5
115.87
116.25
116.63
116.99
117.36
117.72
118.1
118.47
118.84
119.2
119.57
119.94
120.32
120.65
120.99
121.32
121.66
122.03
122.41
122.77
123.13
123.5
123.88
124.26
124.66
125.04
125.42
125.78
126.16
126.55
126.93
127.28
127.66
128.02
128.39
128.79
129.21
129.61
130.0
130.39
130.79
131.19
131.58
131.93
132.3
132.65
133.01
133.37
133.74
134.09
134.44
134.79
135.14
135.49
135.84
136.19
136.55
136.9
137.26
137.62
138.0
138.38
138.78
139.16
139.53
139.89
140.24
140.58
140.92
141.27
141.64
141.99
142.35
142.69
143.05
143.41
143.79
144.18
144.56
144.94
145.33
145.69
146.06
146.45
146.82
147.18
147.54
147.9
148.26
148.61
148.97
149.32
149.68
150.03
150.37
150.72
151.06
151.43
151.77
152.14
152.49
152.84
153.19
153.55
153.89
154.26
154.61
154.95
155.29
155.65
156.03
156.39
156.73
157.09
157.45
157.81
158.18
158.57
158.97
159.37
159.76
160.1
160.44
160.8
161.16
161.52
161.87
162.25
162.6
162.95
163.31
163.67
164.03
164.38
164.73
165.08
165.41
165.76
166.12
166.47
166.8
167.14
167.49
167.85
168.22
168.6
168.96
169.35
169.72
170.09
170.44
170.8
171.14
171.5
171.83
172.18
172.55
172.93
173.33
173.71
174.08
174.45
174.83
175.21
175.61
175.99
176.37
176.72
177.09
177.47
177.83
178.23
178.61
178.97
179.35
179.73
180.13
180.5
180.83
181.19
181.55
181.88
182.23
182.58
182.93
183.29
183.65
184.0
184.36
184.72
185.07
185.43
185.78
186.13
186.49
186.84
187.2
187.55
187.89
188.25
188.61
189.0
189.36
189.72
190.09
190.5
190.89
191.26
191.66
192.06
192.43
192.82
193.23
193.62
193.98
194.35
194.73
195.08
195.45
195.83
196.19
196.55
196.92
197.26
197.6
197.95
198.31
198.66
199.02
199.37
199.72
200.07
200.42
200.76
201.12
201.45
201.8
202.17
202.51
202.87
203.22
203.58
203.96
204.3
204.65
204.98
205.32
205.68
206.01
206.35
206.72
207.1
207.46
207.84
208.23
208.61
208.99
209.38
209.77
210.18
210.58
210.98
211.38
211.8
212.21
212.61
213.04
213.45
213.86
214.25
214.66
215.07
