0.15
0.88
1.65
2.4
3.14
3.87
4.65
5.43
6.21
6.97
7.73
8.48
9.24
9.99
10.73
11.49
12.26
13.0
13.79
14.54
15.3
16.05
16.8
17.53
18.28
19.01
19.75
20.49
21.24
22.02
22.77
23.56
24.36
25.12
25.89
26.65
27.42
28.17
28.91
29.63
30.36
31.11
31.89
32.64
33.37
34.13
34.91
35.74
36.49
37.29
38.11
38.88
39.66
40.43
41.19
41.94
42.69
43.42
44.15
44.9
45.73
46.61
47.43
48.23
49.01
49.8
50.59
51.37
52.18
52.98
53.78
54.56
55.33
56.1
56.87
57.65
58.48
59.26
60.08
60.86
61.66
62.47
63.15
63.87
64.61
65.39
66.18
66.97
67.75
68.54
69.31
70.09
70.89
71.68
72.47
73.29
74.04
74.83
75.59
76.36
77.18
78.01
78.84
79.67
80.5
81.31
82.11
82.92
83.73
84.55
85.35
86.18
87.02
87.8
88.66
89.45
90.21
91.0
91.79
92.59
93.39
94.18
94.96
95.72
96.44
97.22
97.99
98.79
99.59
100.36
101.16
101.97
102.74
103.52
104.33
105.1
105.87
106.64
107.41
108.16
108.94
109.76
110.53
111.32
112.16
112.96
113.74
114.52
115.31
116.08
116.84
117.59
118.34
119.11
119.91
120.76
121.59
122.39
123.16
123.91
124.68
125.5
126.35
127.18
127.98
128.74
129.51
130.31
131.09
131.9
132.68
133.46
134.25
135.05
135.84
136.62
137.42
138.2
139.06
139.87
140.64
141.41
142.19
142.97
143.8
144.57
145.37
146.17
146.9
147.69
148.44
149.22
149.99
150.8
151.62
152.46
153.24
154.05
154.83
155.61
156.37
157.2
158.05
158.92
159.69
160.34
160.98
161.39
161.79
162.18
162.59
162.96
163.37
163.75
164.15
164.53
164.92
165.3
165.69
166.09
166.5
166.91
167.3
167.67
168.07
168.45
168.83
169.21
169.59
169.96
170.33
170.71
171.09
171.47
171.86
172.23
172.62
173.01
173.39
173.79
174.19
174.59
175.01
175.4
175.81
176.19
176.59
177.0
177.41
177.82
178.25
178.66
179.05
179.46
179.85
180.24
180.63
181.03
181.43
181.82
182.19
182.6
182.99
183.36
183.77
184.16
184.55
184.96
185.35
185.73
186.14
186.52
186.91
187.29
187.67
188.06
188.44
188.82
189.2
189.59
189.99
190.39
190.81
191.2
191.57
191.97
192.37
192.74
193.13
193.53
193.93
194.33
194.73
195.12
195.54
195.94
196.32
196.72
197.12
197.53
197.94
198.33
198.72
199.14
199.54
199.94
200.34
200.74
201.14
201.54
201.93
202.31
202.7
203.08
203.47
203.88
204.26
204.65
205.03
205.41
205.78
206.15
206.52
206.89
207.28
207.67
208.06
208.47
208.86
209.25
209.61
210.0
210.38
210.77
211.14
211.51
211.9
212.27
212.69
213.1
213.52
213.95
214.36
214.78
215.19
215.6
216.01
216.43
216.84
217.24
217.65
218.07
218.46
218.87
219.29
219.69
220.11
220.52
220.92
221.34
221.77
222.2
222.61
223.04
223.45
223.86
224.28
224.7
225.09
225.48
225.86
226.24
226.61
226.98
227.36
227.77
228.18
228.6
229.06
229.54
230.0
230.43
230.86
231.27
231.7
232.13
232.56
232.99
233.44
233.87
234.28
234.69
235.11
235.53
235.95
236.39
