0.87
2.39
3.86
5.43
6.97
8.48
9.98
11.49
13.0
14.54
16.04
17.53
19.01
20.49
22.01
23.55
25.11
26.65
28.17
29.63
31.11
32.64
34.12
35.7
37.28
38.87
40.42
41.94
43.41
44.9
46.59
48.23
49.8
51.36
52.97
54.55
56.09
57.65
59.26
60.85
62.46
63.89
65.38
66.96
68.53
70.09
71.68
73.28
74.83
76.35
78.0
79.66
81.3
82.92
84.54
86.18
87.8
89.44
90.98
92.58
94.18
95.72
97.21
98.78
100.33
101.95
103.52
105.09
106.64
108.15
109.74
111.32
112.94
114.51
116.07
117.59
119.11
120.74
122.38
123.9
125.49
127.17
128.74
130.3
131.89
133.45
135.03
136.62
138.21
139.85
141.4
142.96
144.56
146.15
147.68
149.21
150.78
152.44
154.04
155.6
157.19
158.89
160.37
161.81
163.36
164.91
166.49
168.06
169.56
171.08
172.61
174.17
175.79
177.39
179.05
180.62
182.18
183.76
185.34
186.9
188.44
189.97
191.56
193.12
194.72
196.31
197.81
199.29
200.75
202.3
203.86
205.41
206.89
208.46
209.99
211.5
213.1
214.77
216.42
218.06
219.69
221.33
223.03
224.68
226.23
227.76
229.52
231.24
232.97
