3.52
6.54
9.39
12.01
14.57
17.07
19.66
22.27
24.88
27.48
29.81
32.2
34.56
36.95
39.33
41.92
44.51
47.15
49.91
52.61
55.19
57.77
60.52
63.22
65.9
68.46
71.09
73.65
76.26
78.9
81.35
83.69
86.04
88.45
90.89
93.46
96.03
98.65
101.37
103.91
106.31
107.86
109.26
110.65
111.98
113.32
114.63
115.98
117.38
118.74
120.08
121.4
122.77
124.1
125.49
126.84
128.23
129.6
130.97
132.35
133.71
135.13
136.44
137.77
139.08
140.33
141.57
142.86
144.13
145.41
146.65
147.94
149.21
150.52
151.79
153.06
154.21
155.37
156.54
157.69
158.85
160.09
161.33
162.6
163.84
165.07
166.35
167.64
168.88
170.09
171.33
172.58
173.86
175.14
176.46
177.82
179.13
180.49
181.82
183.12
184.44
185.71
187.07
188.39
189.7
191.01
192.31
193.65
194.95
196.32
197.63
198.9
200.09
201.3
202.5
203.68
204.85
206.02
207.23
208.41
209.59
210.84
212.18
213.48
214.75
216.08
217.37
218.65
219.97
221.28
222.59
223.91
225.24
226.55
227.85
229.12
230.37
231.61
232.87
234.15
235.42
236.71
237.94
239.18
240.45
241.69
242.88
244.11
245.32
246.56
247.8
249.03
250.32
251.6
252.94
254.32
255.63
256.92
258.2
259.52
261.0
262.42
263.78
265.01
266.23
267.43
268.63
269.92
271.19
272.47
273.76
275.04
276.3
277.72
279.28
