0.51
1.12
1.71
2.32
2.89
3.52
4.11
4.69
5.33
5.95
6.61
7.3
8.04
8.73
9.39
10.04
10.69
11.37
12.01
12.66
13.3
13.94
14.57
15.2
15.83
16.44
17.07
17.72
18.4
19.04
19.67
20.3
20.94
21.6
22.28
22.93
23.56
24.21
24.88
25.54
26.2
26.85
27.48
28.08
28.66
29.24
29.81
30.4
30.99
31.62
32.21
32.78
33.37
33.95
34.56
35.14
35.75
36.34
36.95
37.56
38.13
38.75
39.33
39.98
40.65
41.28
41.92
42.57
43.21
43.86
44.52
45.19
45.85
46.5
47.15
47.83
48.43
48.98
49.58
50.13
50.68
51.23
51.78
52.3
52.85
53.41
53.95
54.58
55.18
55.86
56.5
57.14
57.78
58.42
59.05
59.77
60.53
61.22
61.89
62.57
63.22
63.92
64.59
65.25
65.91
66.54
67.19
67.83
68.46
69.1
69.73
70.4
71.11
71.74
72.38
73.03
73.65
74.3
74.98
75.61
76.26
76.95
77.6
78.24
78.9
79.56
80.2
80.78
81.36
81.95
82.52
83.11
83.69
84.3
84.9
85.46
86.05
86.62
87.23
87.85
88.45
89.05
89.67
90.31
90.9
91.55
92.14
92.8
93.47
94.1
94.76
95.4
96.04
96.68
97.34
98.0
98.66
99.31
99.96
100.64
101.37
102.09
102.84
103.57
104.27
105.02
105.74
106.5
107.22
107.88
108.6
109.26
109.96
110.65
111.33
111.98
112.66
113.33
113.97
114.64
115.32
115.98
116.68
117.38
118.07
118.75
119.42
120.09
120.75
121.41
122.08
122.77
123.44
124.1
124.79
125.5
126.19
126.85
127.53
128.24
128.94
129.6
130.28
130.98
131.68
132.35
133.03
133.72
134.45
135.14
135.78
136.44
137.12
137.78
138.44
139.09
139.7
140.34
140.97
141.58
142.22
142.88
143.51
144.12
144.77
145.41
146.03
146.64
147.3
147.94
148.6
149.22
149.89
150.52
151.16
151.72
152.31
152.89
153.47
154.1
154.7
155.34
155.96
156.6
157.23
157.9
158.57
159.26
159.92
160.63
161.31
161.96
162.65
163.31
164.04
164.69
165.39
166.11
166.75
167.37
167.96
168.58
169.17
169.77
170.39
171.01
171.66
172.26
172.89
173.56
174.17
174.84
175.49
176.13
176.83
177.49
178.14
178.8
179.47
180.15
180.83
181.5
182.13
182.81
183.47
184.12
184.77
185.4
186.05
186.76
187.43
188.09
188.72
189.39
190.04
190.69
191.35
192.0
192.64
193.33
193.97
194.63
195.29
195.99
196.66
197.31
197.98
198.65
199.35
199.99
200.69
201.3
201.91
202.5
203.1
203.66
204.25
204.87
205.43
206.02
206.63
207.23
207.84
208.41
209.01
209.59
210.18
210.85
211.53
212.19
212.83
213.49
214.13
214.76
215.43
216.09
216.74
217.38
218.0
218.65
219.31
219.99
220.67
221.28
221.96
222.59
223.25
223.92
224.59
225.25
225.92
226.55
227.21
227.85
228.5
229.12
229.76
230.37
231.02
231.62
232.27
232.89
233.52
234.16
234.77
235.42
236.08
236.72
237.34
237.95
238.54
239.16
239.81
240.45
241.08
241.69
242.27
242.89
243.52
244.12
244.72
245.33
245.94
246.57
247.17
247.8
248.4
249.03
249.65
250.33
250.96
251.61
252.26
252.95
253.65
254.33
254.98
255.63
256.28
256.92
257.53
258.21
258.84
259.53
260.23
261.01
261.77
262.43
263.1
263.8
264.52
265.24
265.98
266.76
267.5
268.22
268.96
269.64
270.36
271.12
271.84
272.48
273.13
273.78
274.41
275.05
275.67
276.31
277.02
277.73
278.46
279.29
280.11
280.88
