0.7
1.89
3.11
4.46
5.69
6.93
8.22
9.53
10.83
12.15
13.48
14.78
16.11
17.39
18.81
20.13
21.41
22.72
24.04
25.36
26.67
27.98
29.26
30.55
31.82
33.15
34.47
35.79
37.11
38.4
39.67
40.99
42.37
43.7
45.02
46.36
47.65
48.9
50.17
51.44
52.63
53.84
55.07
56.36
57.64
58.92
60.2
61.52
62.82
64.13
65.43
66.74
68.05
69.35
70.63
71.97
73.27
74.55
75.88
77.2
78.55
79.82
81.14
82.44
83.71
85.0
86.29
87.59
88.9
90.18
91.46
92.8
94.2
95.53
96.81
98.1
99.36
100.6
101.83
103.12
104.43
105.84
107.23
108.65
110.0
111.33
112.67
114.08
115.4
116.69
117.99
119.32
120.65
121.92
123.2
124.54
125.86
127.2
128.53
129.86
131.19
132.49
133.82
135.14
136.49
137.86
139.14
140.41
141.72
143.04
144.35
145.65
146.96
148.29
149.57
150.85
152.1
153.35
154.59
155.87
157.08
158.21
159.33
160.44
161.58
162.76
163.95
165.18
166.46
167.75
168.98
170.22
171.51
172.74
173.98
175.29
176.6
177.91
179.23
180.55
181.86
183.16
184.46
185.82
187.12
188.43
189.72
190.99
192.28
193.58
194.9
196.19
197.47
198.74
200.02
201.31
202.62
203.92
205.24
206.54
207.8
209.09
210.37
211.63
212.91
214.18
215.5
216.78
218.04
219.29
220.57
221.85
223.17
224.44
225.69
226.93
228.13
229.32
230.54
231.79
233.03
234.26
235.51
236.75
238.0
239.28
240.61
241.88
243.16
244.43
245.68
246.95
248.23
249.51
250.85
252.16
253.44
254.72
255.99
257.32
258.73
260.03
261.24
262.48
263.72
264.96
266.21
267.5
268.78
270.09
271.41
272.68
273.91
275.1
276.41
277.79
