0.1
0.4
0.71
1.01
1.31
1.6
1.9
2.2
2.5
2.81
3.12
3.45
3.8
4.13
4.46
4.78
5.09
5.39
5.7
6.01
6.32
6.63
6.94
7.25
7.58
7.89
8.22
8.54
8.87
9.2
9.53
9.86
10.19
10.52
10.84
11.18
11.5
11.82
12.15
12.47
12.81
13.15
13.48
13.81
14.13
14.46
14.79
15.11
15.45
15.79
16.11
16.43
16.75
17.08
17.4
17.73
18.08
18.45
18.8
19.13
19.47
19.8
20.13
20.45
20.78
21.1
21.42
21.73
22.05
22.38
22.73
23.05
23.38
23.71
24.04
24.36
24.69
25.03
25.37
25.68
26.02
26.35
26.67
26.99
27.32
27.66
27.97
28.31
28.62
28.95
29.26
29.59
29.91
30.22
30.55
30.87
31.18
31.5
31.83
32.16
32.51
32.84
33.15
33.49
33.82
34.15
34.47
34.8
35.14
35.48
35.8
36.12
36.45
36.78
37.11
37.45
37.77
38.09
38.4
38.72
39.04
39.37
39.68
40.0
40.34
40.67
41.0
41.34
41.68
42.04
42.38
42.69
43.03
43.36
43.7
44.02
44.35
44.68
45.02
45.36
45.7
46.03
46.36
46.68
47.0
47.32
47.65
47.96
48.28
48.59
48.91
49.22
49.53
49.85
50.17
50.5
50.82
51.14
51.45
51.75
52.04
52.35
52.64
52.94
53.25
53.55
53.84
54.15
54.45
54.76
55.07
55.39
55.71
56.03
56.36
56.7
57.03
57.35
57.66
57.97
58.28
58.59
58.91
59.22
59.54
59.87
60.2
60.54
60.86
61.2
61.53
61.85
62.18
62.5
62.82
63.15
63.48
63.81
64.13
64.44
64.77
65.1
65.44
65.77
66.1
66.42
66.74
67.07
67.4
67.73
68.06
68.39
68.72
69.04
69.36
69.67
69.99
70.31
70.64
70.99
71.32
71.65
71.98
72.31
72.63
72.95
73.28
73.59
73.92
74.24
74.55
74.88
75.22
75.55
75.89
76.2
76.54
76.87
77.21
77.56
77.9
78.23
78.55
78.87
79.19
79.51
79.83
80.18
80.5
80.83
81.14
81.47
81.79
82.11
82.43
82.75
83.07
83.39
83.7
84.02
84.34
84.66
84.99
85.31
85.64
85.96
86.29
86.63
86.95
87.29
87.6
87.94
88.27
88.58
88.91
89.23
89.55
89.87
90.19
90.5
90.82
91.14
91.46
91.79
92.1
92.4
92.71
93.02
93.34
93.64
93.96
94.26
94.57
94.89
95.22
95.53
95.86
96.18
96.5
96.82
97.13
97.46
97.78
98.1
98.42
98.74
99.05
99.36
99.68
99.99
100.3
100.61
100.91
101.22
101.53
101.84
102.15
102.46
102.78
103.13
103.46
103.8
104.13
104.47
104.81
105.14
105.49
105.84
106.21
106.56
106.91
107.26
107.6
107.95
108.3
108.65
108.99
109.34
109.66
110.0
110.33
110.67
111.01
111.33
111.67
112.01
112.33
112.67
113.02
113.37
113.74
114.09
114.42
114.75
115.07
115.41
115.73
116.04
116.36
116.69
117.02
117.35
117.66
117.99
118.32
118.65
118.98
119.32
119.66
119.99
120.32
120.64
120.96
121.27
121.59
121.91
122.24
122.56
122.89
123.21
123.54
123.87
124.2
124.54
124.88
125.21
125.54
125.87
126.21
126.53
126.86
127.2
127.55
127.89
128.21
128.54
128.86
129.2
129.53
129.86
130.21
130.54
130.87
131.2
131.51
131.85
132.18
132.5
132.83
133.16
133.49
133.83
134.15
134.5
134.83
135.15
135.48
135.83
136.17
136.5
136.83
137.17
137.52
137.86
138.18
138.5
138.83
139.14
139.46
139.79
140.1
140.42
140.75
141.06
141.4
141.72
142.05
142.37
142.7
143.04
143.38
143.71
144.03
144.36
144.68
145.01
145.32
145.65
145.98
146.32
146.63
146.97
147.3
147.64
147.95
148.28
148.6
148.93
149.25
149.57
149.89
150.2
150.52
150.86
151.18
151.54
151.92
152.28
152.64
153.0
153.36
153.7
154.07
154.5
154.93
155.34
155.78
156.2
156.63
157.09
157.54
157.98
158.44
158.94
159.4
159.89
160.43
160.99
161.58
162.2
162.79
163.37
163.96
164.57
165.19
165.83
166.47
167.1
167.77
168.38
168.99
169.61
170.23
170.89
171.52
172.13
172.74
173.37
173.99
174.65
175.3
175.96
176.61
177.25
177.91
178.57
179.23
179.89
180.56
181.21
181.87
182.52
183.17
183.82
184.46
185.13
185.83
186.48
187.13
187.79
188.44
189.08
189.73
190.37
191.0
191.65
192.29
192.95
193.59
194.24
194.91
195.55
196.19
196.84
197.48
198.11
198.75
199.38
200.03
200.67
201.32
202.0
202.63
203.29
203.93
204.58
205.25
205.9
206.55
207.19
207.81
208.45
209.1
209.72
210.39
211.03
211.65
212.26
212.91
213.55
214.18
214.86
215.51
216.13
216.79
217.41
218.06
218.66
219.29
219.95
220.57
221.23
221.84
222.49
223.18
223.82
224.45
225.07
225.71
226.3
226.94
227.55
228.15
228.71
229.31
229.92
230.55
231.17
231.81
232.43
233.03
233.65
234.26
234.89
235.51
236.13
236.76
237.4
238.01
238.65
239.28
239.97
240.62
241.25
241.89
242.54
243.16
243.81
244.42
245.07
245.68
246.34
246.96
247.62
248.23
248.88
249.51
250.19
250.86
251.5
252.18
252.83
253.44
254.08
254.74
255.38
256.0
256.64
257.3
257.93
258.71
259.44
260.15
260.93
261.56
262.18
262.79
263.43
264.01
264.63
265.26
265.87
266.48
267.09
267.67
268.3
268.91
269.56
270.15
270.8
271.41
272.05
272.69
273.3
273.91
274.52
275.11
275.73
276.43
277.08
277.8
278.44
279.08
