0.51
1.1
1.69
2.27
2.86
3.39
3.93
4.5
5.04
5.61
6.15
6.71
7.27
7.84
8.38
8.97
9.52
10.06
10.63
11.19
11.75
12.31
12.88
13.42
13.99
14.55
15.09
15.63
16.16
16.71
17.23
17.75
18.28
18.81
19.33
19.82
20.34
20.87
21.39
21.93
22.47
22.99
23.5
24.02
24.54
25.07
25.6
26.11
26.61
27.13
27.66
28.22
28.78
29.32
29.89
30.44
30.99
31.56
32.12
32.67
33.2
33.74
34.28
34.83
35.4
35.93
36.49
37.05
37.61
38.14
38.67
39.23
39.77
40.29
40.83
41.37
41.91
42.48
43.02
43.59
44.14
44.7
45.27
45.8
46.35
46.91
47.44
47.99
48.57
49.1
49.67
50.24
50.77
51.32
51.89
52.43
52.97
53.5
54.04
54.59
55.11
55.64
56.19
56.75
57.33
57.9
58.45
59.03
59.63
60.19
60.76
61.36
61.94
62.46
63.03
63.56
64.06
64.57
65.11
65.65
66.17
66.72
67.26
67.8
68.36
68.92
69.48
70.04
70.62
71.15
71.74
72.32
72.87
73.48
74.04
74.66
