1.88
3.66
5.46
7.27
9.1
10.99
12.92
14.85
16.74
18.63
20.49
22.36
24.18
26.04
27.89
29.78
31.62
33.46
35.3
37.14
39.02
40.87
42.79
44.68
46.6
48.48
50.32
52.19
54.07
55.95
57.98
59.94
61.82
63.73
65.61
67.49
69.31
71.19
73.06
74.92
76.79
78.67
80.55
82.43
84.31
86.17
88.1
90.03
91.92
93.75
95.59
97.45
99.32
101.14
102.99
104.83
106.7
108.59
110.49
112.41
114.26
116.14
118.01
119.85
121.72
123.55
125.41
127.27
129.2
131.05
132.88
134.72
136.65
138.48
140.33
142.21
144.05
145.87
147.75
149.61
151.48
153.41
155.41
157.42
159.21
161.09
162.92
164.77
166.62
168.52
170.49
172.39
174.33
176.21
178.07
179.96
181.81
183.64
185.6
187.48
189.36
191.2
193.08
194.94
196.83
198.7
200.56
202.66
