0.08
0.52
0.97
1.43
1.88
2.32
2.77
3.21
3.66
4.12
4.56
5.01
5.46
5.91
6.37
6.82
7.27
7.73
8.16
8.63
9.11
9.56
10.03
10.51
10.99
11.48
11.99
12.47
12.93
13.39
13.86
14.34
14.85
15.36
15.83
16.28
16.75
17.22
17.7
18.18
18.63
19.09
19.56
20.03
20.49
20.97
21.43
21.89
22.36
22.82
23.27
23.74
24.19
24.65
25.13
25.57
26.05
26.53
26.99
27.44
27.9
28.38
28.86
29.32
29.78
30.23
30.7
31.15
31.62
32.08
32.53
33.01
33.47
33.93
34.4
34.85
35.3
35.76
36.22
36.69
37.15
37.61
38.1
38.57
39.03
39.49
39.96
40.43
40.87
41.34
41.8
42.29
42.8
43.29
43.75
44.22
44.69
45.17
45.65
46.13
46.6
47.08
47.56
48.02
48.48
48.94
49.4
49.87
50.33
50.8
51.26
51.73
52.19
52.66
53.12
53.6
54.07
54.54
55.0
55.47
55.95
56.45
56.99
57.5
57.98
58.45
58.94
59.43
59.94
60.43
60.9
61.36
61.82
62.3
62.79
63.28
63.74
64.21
64.67
65.14
65.61
66.09
66.56
67.03
67.49
67.94
68.41
68.86
69.31
69.79
70.25
70.72
71.2
71.68
72.14
72.6
73.07
73.54
74.0
74.46
74.92
75.37
75.85
76.31
76.8
77.27
77.74
78.2
78.67
79.14
79.62
80.09
80.55
81.01
81.48
81.95
82.43
82.9
83.37
83.83
84.32
84.79
85.25
85.72
86.18
86.62
87.1
87.59
88.11
88.61
89.09
89.57
90.04
90.51
91.0
91.46
91.92
92.37
92.83
93.29
93.76
94.23
94.69
95.15
95.6
96.05
96.52
96.99
97.46
97.93
98.38
98.85
99.33
99.8
100.25
100.69
101.14
101.6
102.07
102.52
103.0
103.45
103.91
104.36
104.84
105.31
105.78
106.25
106.71
107.19
107.65
108.14
108.59
109.04
109.5
109.97
110.49
111.01
111.49
111.96
112.41
112.87
113.35
113.8
114.27
114.72
115.19
115.66
116.14
116.61
117.07
117.55
118.01
118.49
118.94
119.39
119.86
120.32
120.78
121.25
121.72
122.18
122.64
123.1
123.56
124.02
124.48
124.94
125.42
125.89
126.34
126.8
127.28
127.77
128.28
128.76
129.21
129.67
130.12
130.58
131.06
131.52
131.98
132.43
132.88
133.36
133.82
134.26
134.73
135.2
135.69
136.19
136.65
137.1
137.57
138.02
138.49
138.95
139.41
139.86
140.33
140.79
141.28
141.75
142.21
142.66
143.12
143.58
144.05
144.51
144.96
145.42
145.87
146.34
146.82
147.3
147.76
148.22
148.69
149.15
149.62
150.09
150.54
151.0
151.48
151.96
152.42
152.9
153.42
153.91
154.38
154.86
155.42
155.97
156.5
157.08
157.62
158.12
158.63
159.17
159.68
160.14
160.61
161.1
161.55
162.01
162.48
162.93
163.39
163.86
164.33
164.78
165.25
165.69
166.17
166.63
167.11
167.59
168.06
168.53
169.01
169.49
169.98
170.5
170.99
171.47
171.93
172.4
172.88
173.38
173.88
174.34
174.81
175.28
175.75
176.21
176.68
177.14
177.6
178.08
178.59
179.06
179.51
179.96
180.42
180.89
181.35
181.82
182.3
182.76
183.21
183.66
184.14
184.64
185.14
185.61
186.06
186.53
187.0
187.49
187.95
188.41
188.88
189.36
189.83
190.3
190.75
191.2
191.66
192.14
192.61
193.08
193.55
194.02
194.48
194.94
195.41
195.88
196.35
196.84
197.3
197.78
198.24
198.7
199.16
199.63
200.11
200.57
201.06
201.59
202.1
202.66
203.19
203.72
204.22
204.79
205.37
205.96
