1.84
3.3
4.82
6.31
7.85
9.39
10.92
12.44
13.96
15.5
17.01
18.58
20.1
21.63
23.1
24.64
26.14
27.65
29.12
30.68
32.24
33.76
35.34
36.89
38.42
39.96
41.51
43.03
44.6
46.16
47.7
49.22
50.76
52.31
53.82
55.33
56.86
58.36
59.88
61.39
62.9
64.41
65.94
67.46
68.99
70.52
72.06
73.62
75.12
76.61
78.14
79.65
81.18
82.68
84.19
85.71
87.21
88.76
90.26
91.82
93.36
94.89
96.42
97.93
99.45
100.96
102.47
104.0
105.51
107.04
108.54
110.06
111.6
113.1
114.64
116.14
117.62
119.11
120.61
122.11
123.65
125.23
126.78
128.37
129.96
131.46
132.97
134.48
136.05
137.59
139.12
140.6
142.13
143.63
145.11
146.62
148.11
149.61
151.14
152.65
154.19
155.73
157.27
158.81
160.45
162.05
163.84
165.74
