0.32
1.09
1.86
2.57
3.31
4.07
4.84
5.57
6.31
7.07
7.85
8.61
9.4
10.16
10.93
11.68
12.44
13.22
13.97
14.74
15.51
16.26
17.02
17.82
18.59
19.35
20.11
20.85
21.64
22.37
23.11
23.87
24.65
25.4
26.15
26.9
27.67
28.39
29.13
29.9
30.69
31.47
32.24
33.01
33.76
34.53
35.35
36.14
36.9
37.67
38.43
39.19
39.96
40.73
41.52
42.29
43.04
43.82
44.61
45.38
46.17
46.94
47.7
48.46
49.23
50.0
50.77
51.56
52.32
53.06
53.83
54.6
55.34
56.1
56.86
57.62
58.37
59.13
59.89
60.65
61.4
62.14
62.91
63.68
64.42
65.17
65.95
66.7
67.47
68.22
68.99
69.77
70.52
71.31
72.07
72.87
73.63
74.4
75.13
75.87
76.62
77.38
78.15
78.88
79.65
80.43
81.2
81.95
82.69
83.45
84.19
84.95
85.71
86.46
87.21
88.01
88.76
89.52
90.27
91.04
91.83
92.6
93.36
94.13
94.9
95.66
96.43
97.18
97.94
98.7
99.46
100.21
100.97
101.71
102.48
103.26
104.01
104.76
105.52
106.28
107.06
107.81
108.55
109.31
110.07
110.83
111.62
112.36
113.11
113.88
114.66
115.4
116.15
116.88
117.62
118.37
119.12
119.86
120.61
121.36
122.12
122.89
123.66
124.46
125.25
126.02
126.79
127.55
128.38
129.2
129.97
130.71
131.47
132.24
132.98
133.75
134.49
135.27
136.06
136.83
137.61
138.38
139.12
139.87
140.61
141.39
142.14
142.9
143.64
144.38
145.12
145.87
146.63
147.36
148.12
148.85
149.62
150.39
151.15
151.92
152.66
153.43
154.2
154.96
155.74
156.5
157.28
158.03
158.82
159.63
160.46
161.25
162.06
162.89
163.85
164.8
165.73
166.67
167.67
