0.0
0.98
1.99
2.94
3.91
4.87
5.85
6.79
7.73
8.61
9.44
10.34
11.25
12.08
12.96
13.88
14.69
15.59
16.44
17.24
18.23
19.23
20.17
21.15
22.12
23.12
24.11
25.06
25.99
26.99
27.99
28.94
29.99
31.07
32.12
33.24
34.31
35.45
36.4
37.28
38.18
39.04
39.94
40.91
41.89
42.77
43.69
44.67
45.58
46.44
47.33
48.26
49.15
49.99
50.86
51.75
52.73
53.61
54.54
55.5
56.35
57.16
58.01
58.85
59.68
60.49
61.31
62.12
62.97
63.8
64.64
65.43
66.24
66.94
67.7
68.51
69.32
70.16
71.05
71.84
72.69
73.5
74.34
75.11
75.91
76.69
77.39
78.14
78.85
79.62
80.34
81.05
81.71
82.43
83.17
83.86
84.54
85.22
85.9
86.57
87.25
87.95
88.65
89.36
90.04
90.7
91.36
92.04
92.74
93.44
94.14
94.84
95.52
96.21
96.87
97.54
98.22
98.91
99.57
100.24
100.91
101.57
102.29
102.98
103.65
104.32
105.03
105.73
106.38
107.05
107.75
108.43
109.16
109.87
110.58
111.28
111.92
112.62
113.33
114.01
114.7
115.39
116.08
116.77
117.47
118.17
118.86
119.58
120.24
120.93
121.63
122.33
123.02
123.71
124.42
125.12
125.81
126.5
127.18
127.87
128.57
129.25
129.94
130.62
131.33
132.01
132.7
133.39
134.06
134.76
135.46
136.15
136.84
137.55
138.32
139.03
139.77
140.47
141.16
141.85
142.55
143.23
143.91
144.6
145.29
146.0
146.72
147.43
148.15
148.86
149.55
150.24
150.94
151.62
152.3
152.98
153.67
154.35
155.05
155.71
156.39
157.06
157.76
158.39
159.05
159.71
160.39
161.07
161.74
162.42
163.12
163.82
164.53
165.23
165.92
166.65
167.33
168.08
168.75
169.47
170.23
171.0
171.74
172.5
173.32
174.29
175.29
176.36
177.37
178.32
179.35
180.25
181.18
182.13
183.08
183.95
184.82
185.71
186.61
187.56
188.51
189.45
190.31
191.26
192.16
193.04
193.95
194.9
195.9
196.91
197.95
199.0
200.04
201.16
202.26
203.35
204.04
204.71
205.41
206.14
206.76
207.17
207.52
207.89
208.25
208.59
208.95
209.31
209.68
210.03
210.39
210.77
211.13
211.48
211.82
212.18
212.53
212.87
213.22
213.57
213.94
214.28
214.64
215.02
215.38
215.72
216.08
216.42
216.77
217.12
217.48
217.82
218.18
218.54
218.88
219.2
219.54
219.88
220.24
220.59
220.94
221.28
221.61
221.94
222.29
222.64
223.0
223.36
223.72
224.09
224.45
224.82
225.17
225.54
225.9
226.26
226.59
226.96
227.29
227.65
228.0
228.36
228.72
229.1
229.46
229.81
230.17
230.54
230.9
231.26
231.61
231.97
232.34
232.69
233.05
233.4
233.79
234.16
234.53
234.88
235.25
235.61
235.95
236.31
236.66
237.02
237.37
237.73
238.08
238.42
238.77
239.11
239.49
239.85
240.21
240.57
240.95
241.33
241.7
242.04
242.41
242.76
243.12
243.49
243.85
244.2
244.56
244.9
245.22
245.56
245.9
246.22
246.54
246.88
247.2
247.52
247.84
248.16
248.51
248.84
249.17
249.5
249.85
250.2
250.55
250.9
251.24
251.59
251.94
252.29
252.65
253.01
253.34
253.7
254.06
254.41
254.76
255.11
255.45
255.8
256.14
256.5
256.84
257.19
257.54
257.9
258.25
258.6
258.95
259.3
259.64
259.99
260.35
260.71
261.05
261.4
261.74
262.11
262.45
262.82
263.17
263.53
263.88
264.22
264.58
264.94
265.31
265.69
266.05
266.42
266.78
267.13
267.49
267.82
268.18
268.53
268.9
269.25
269.61
269.95
270.31
270.65
271.0
271.35
271.69
272.04
272.4
272.74
273.11
273.45
273.8
274.14
274.53
274.88
275.27
275.64
275.98
276.32
276.68
277.02
277.38
277.74
278.1
278.45
278.82
279.16
279.51
279.87
280.23
280.59
280.96
281.3
281.67
282.02
282.37
282.73
283.07
283.44
283.78
284.13
284.49
284.84
285.19
285.54
285.88
286.23
286.57
286.92
287.27
287.62
287.98
288.33
288.69
289.05
289.43
289.78
290.17
290.56
290.92
291.29
291.67
292.02
292.38
292.74
293.1
293.46
293.82
294.16
294.52
294.87
295.22
295.58
295.93
296.3
296.65
297.02
297.36
297.73
298.09
298.47
298.87
299.25
299.63
300.0
300.35
300.71
301.07
301.42
301.78
302.14
302.49
302.84
303.2
303.57
303.93
304.28
304.64
304.98
305.32
305.69
306.04
306.41
306.78
307.13
307.49
307.84
308.17
308.51
308.86
309.21
309.54
309.89
310.25
310.61
310.93
311.25
311.59
311.92
312.24
312.6
312.96
313.31
313.65
313.99
314.35
314.7
315.04
315.4
315.75
316.11
316.48
316.84
317.19
317.55
317.9
318.29
318.76
319.23
319.69
320.13
320.6
321.07
321.52
321.99
322.43
322.89
323.37
323.81
324.28
324.76
325.24
325.69
326.19
326.67
327.15
327.61
328.14
328.67
329.17
329.72
330.22
330.78
331.29
331.84
332.35
332.9
333.46
334.04
334.59
335.17
335.72
336.29
336.8
337.32
337.85
338.41
338.94
339.44
340.01
340.55
341.09
341.62
342.15
342.7
343.23
343.77
344.33
344.86
345.42
345.97
346.56
347.1
347.7
348.27
348.89
349.49
350.13
350.72
351.35
351.99
352.61
353.22
353.85
354.44
355.09
355.8
356.48
357.17
357.83
358.54
359.24
359.98
360.71
361.46
362.22
