1.66
6.02
10.33
14.68
18.96
23.12
26.98
31.07
34.68
38.18
41.88
45.57
49.14
52.77
56.33
59.67
62.97
66.22
69.31
72.1
74.89
77.33
79.06
80.76
82.42
83.86
85.21
86.56
87.94
89.35
90.69
92.03
93.43
94.83
96.2
97.52
98.9
100.24
101.57
102.97
104.31
105.73
107.05
108.42
109.86
111.26
112.61
114.0
115.38
116.77
118.16
119.55
120.93
122.32
123.71
125.12
126.5
127.87
129.25
130.62
132.01
133.37
134.75
136.14
137.54
139.02
140.46
141.84
143.22
144.59
145.99
147.42
148.85
150.23
151.61
152.97
154.34
155.7
157.06
158.39
159.71
161.06
162.41
163.81
165.22
166.65
168.32
170.22
172.16
174.06
176.0
177.78
179.55
181.32
183.07
184.84
186.6
188.5
190.32
192.15
193.97
195.89
197.95
200.04
202.26
204.25
206.15
207.88
209.3
210.77
212.17
213.56
215.01
216.42
217.82
219.33
220.8
222.29
223.72
225.17
226.58
227.98
229.45
230.89
232.33
233.78
235.23
236.66
238.07
239.48
240.94
242.4
243.84
245.29
246.73
248.09
249.5
250.9
252.28
253.69
255.1
256.49
257.89
259.29
260.7
262.1
263.52
264.93
266.41
267.81
269.24
270.65
272.03
273.45
274.87
276.32
277.74
279.15
280.59
282.01
283.43
284.84
286.23
287.62
289.04
290.55
292.02
293.45
294.86
296.29
297.73
299.24
300.7
302.13
303.56
304.98
306.4
307.84
309.21
310.6
311.91
313.3
314.69
316.1
317.54
319.22
321.18
323.45
325.68
328.13
330.66
333.19
335.72
338.19
340.65
342.69
344.86
347.08
349.48
351.98
355.08
357.82
360.7
