0.0
1.0
1.98
3.04
4.06
5.04
6.06
7.05
8.05
9.09
10.08
11.15
12.22
13.18
14.14
15.12
16.04
17.02
17.92
18.81
19.77
20.62
21.51
22.41
23.25
24.11
24.98
25.84
26.7
27.51
28.34
29.24
30.2
31.1
32.05
33.02
33.96
34.83
35.78
36.66
37.56
38.49
39.47
40.38
41.32
42.21
43.06
43.84
44.69
45.52
46.3
47.02
47.72
48.48
49.3
50.12
50.91
51.81
52.74
53.67
54.53
55.47
56.33
57.21
58.08
58.98
59.87
60.74
61.6
62.49
63.36
64.27
65.14
65.99
66.84
67.75
68.57
69.47
70.3
71.21
72.12
72.98
73.87
74.74
75.65
76.46
77.27
78.1
78.86
79.68
80.46
81.18
81.95
82.71
83.45
84.23
84.98
85.75
86.51
87.25
88.04
88.79
89.59
90.39
91.17
92.0
92.78
93.65
94.47
95.27
96.11
96.95
97.72
98.56
99.36
100.23
101.09
101.94
102.77
103.63
104.52
105.35
106.19
107.08
107.96
108.77
109.65
110.55
111.42
112.27
113.16
114.05
114.97
115.81
116.77
117.68
118.57
119.57
120.5
121.56
122.55
123.47
124.51
125.52
126.5
127.52
128.39
129.26
130.14
131.08
131.96
132.92
133.86
134.8
135.74
136.62
137.53
138.49
139.38
140.32
141.3
142.41
143.5
144.62
145.72
146.77
147.68
148.6
149.55
150.47
151.44
152.39
153.32
154.21
155.16
156.04
