0.99
1.99
3.04
4.08
5.07
6.12
7.16
8.16
9.18
10.11
11.08
12.03
13.02
14.07
15.02
16.01
16.93
17.89
18.89
19.83
20.77
21.71
22.7
23.61
24.57
25.51
26.44
27.33
28.24
29.12
29.98
30.88
31.81
32.67
33.56
34.47
35.39
36.38
37.35
38.35
39.27
40.17
41.05
41.96
42.89
43.78
44.8
45.76
46.66
47.55
48.45
49.33
50.27
51.24
52.14
53.13
54.02
54.98
55.87
56.78
57.61
58.49
59.38
60.21
61.1
61.96
62.88
63.82
64.76
65.66
66.61
67.47
68.38
69.18
70.02
70.78
71.59
72.34
73.1
73.91
74.7
75.55
76.38
77.22
77.99
78.76
79.43
80.14
80.86
81.58
82.31
83.05
83.85
84.64
85.4
86.18
86.97
87.78
88.6
89.41
90.33
91.22
92.06
92.96
93.81
94.62
95.48
96.39
97.27
98.17
99.05
99.9
100.78
101.7
102.57
103.49
104.42
105.3
106.17
107.14
107.99
108.87
109.79
110.64
111.47
112.32
113.17
114.07
114.92
115.78
116.64
117.45
118.25
119.02
119.97
120.84
121.75
122.73
123.69
124.76
125.86
126.91
127.97
129.02
130.09
131.22
132.3
133.34
134.42
135.44
136.56
137.63
138.72
139.86
140.9
142.03
143.07
144.22
145.3
146.4
147.43
148.49
149.58
150.68
151.79
152.82
153.83
154.79
155.84
156.87
158.0
159.05
