0.96
1.97
2.93
3.98
4.92
5.93
6.92
7.92
8.82
9.61
10.4
11.21
12.04
12.81
13.59
14.33
15.07
15.89
16.64
17.44
18.19
19.01
19.75
20.54
21.31
22.05
22.93
23.72
24.58
25.42
26.19
26.92
27.72
28.46
29.21
29.98
30.8
31.58
32.33
33.13
33.87
34.68
35.41
36.21
36.99
37.76
38.55
39.31
40.05
40.88
41.65
42.49
43.27
44.08
44.83
45.59
46.41
47.18
47.95
48.71
49.43
50.2
50.94
51.69
52.55
53.33
54.15
55.02
55.77
56.6
57.35
58.19
58.98
59.82
60.6
61.45
62.3
63.09
63.97
64.89
65.81
66.82
67.9
68.97
70.08
71.19
72.26
73.35
74.4
75.51
76.64
77.69
78.73
79.84
80.96
81.99
83.1
84.16
85.12
86.06
87.05
88.01
88.97
89.88
90.77
91.67
92.62
93.55
94.46
95.43
96.31
97.27
98.17
99.12
100.0
100.89
101.75
102.59
103.53
104.34
105.22
106.01
106.91
107.71
108.6
109.43
110.23
111.03
111.92
112.75
113.68
114.52
115.42
116.36
117.31
118.23
119.12
120.04
120.94
121.84
122.79
123.65
124.53
125.38
126.25
127.14
127.94
128.82
129.57
130.3
131.05
131.94
132.84
133.7
134.56
135.42
136.36
