0.23
0.62
1.01
1.42
1.8
2.15
2.52
2.88
3.24
3.61
3.95
4.29
4.61
4.96
5.31
5.66
6.02
6.38
6.75
7.11
7.46
7.81
8.14
8.51
8.87
9.24
9.61
9.98
10.34
10.73
11.09
11.46
11.83
12.24
12.63
13.01
13.4
13.83
14.26
14.67
15.1
15.52
15.92
16.34
16.79
17.22
17.63
18.07
18.51
18.96
19.38
19.83
20.28
20.69
21.14
21.55
21.98
22.44
22.88
23.3
23.76
24.2
24.61
25.04
25.47
25.92
26.35
26.76
27.2
27.63
28.03
28.41
28.81
29.21
29.62
30.01
30.4
30.79
31.17
31.56
31.97
32.43
32.85
33.29
33.73
34.18
34.61
35.06
35.53
35.96
36.42
36.87
37.31
37.72
38.17
38.58
39.01
39.46
39.89
40.31
40.77
41.21
41.63
42.09
42.49
42.9
43.3
43.73
44.14
44.54
44.94
45.35
45.78
46.21
46.65
47.09
47.54
48.0
48.46
48.91
49.34
49.77
50.21
50.65
51.1
51.55
51.97
52.43
52.85
53.29
53.73
54.19
54.62
55.09
55.53
55.97
56.39
56.83
57.29
57.71
58.13
58.56
59.04
59.54
60.01
60.46
60.93
61.38
61.84
62.32
62.75
63.21
63.65
64.12
64.55
65.02
65.47
65.9
66.36
66.82
67.28
67.74
68.22
68.66
69.15
69.6
70.07
70.56
71.04
71.56
72.04
72.53
73.02
73.51
73.98
74.51
75.0
75.48
76.02
76.52
77.02
77.54
78.13
78.7
79.26
79.84
80.43
81.1
81.86
82.64
83.38
84.18
84.96
85.75
86.49
87.26
88.05
88.79
89.65
90.46
91.36
92.22
93.05
93.91
94.71
95.53
96.31
97.18
97.95
98.82
99.59
100.45
101.23
102.02
102.78
103.59
104.35
105.16
105.95
106.89
107.83
108.76
109.72
110.62
111.53
112.43
113.36
114.3
115.22
116.19
117.12
118.0
119.04
120.07
121.04
122.06
123.05
124.12
125.08
126.1
126.99
127.84
128.72
129.56
130.48
131.51
132.56
133.58
134.63
135.53
136.51
137.48
138.39
139.47
140.48
141.53
142.62
143.49
144.44
145.29
146.25
147.17
148.13
149.02
149.96
150.88
