0.67
1.39
2.05
2.76
3.48
4.14
4.83
5.53
6.25
6.91
7.63
8.29
9.01
9.72
10.44
11.12
11.87
12.57
13.25
13.98
14.74
15.43
16.16
16.93
17.72
18.46
19.24
19.96
20.76
21.48
22.27
22.98
23.72
24.47
25.21
26.01
26.8
27.64
28.44
29.23
30.01
30.81
31.57
32.36
33.19
33.97
34.77
35.56
36.37
37.17
38.03
38.82
39.64
40.55
41.46
42.35
43.2
44.08
44.91
45.72
46.59
47.37
48.2
48.99
49.83
50.69
51.49
52.4
53.32
54.31
55.23
56.21
57.14
58.05
59.04
59.92
60.76
61.6
62.52
63.4
64.28
65.13
65.83
66.49
67.22
67.9
68.6
69.34
70.06
70.77
71.48
72.22
72.95
73.78
74.57
75.35
76.13
76.9
77.64
78.44
79.18
79.98
80.72
81.48
82.29
83.03
83.83
84.66
85.54
86.38
87.19
88.14
89.0
89.96
90.85
91.81
92.72
93.65
94.56
95.5
96.39
97.3
98.18
99.09
100.08
100.97
101.96
102.89
103.9
104.94
105.89
106.76
107.68
108.56
109.49
110.4
111.31
112.13
112.96
113.85
114.69
115.53
116.3
117.15
117.94
118.69
119.45
120.27
121.02
121.83
122.67
123.44
124.27
125.08
125.97
126.81
127.62
128.49
129.36
130.18
131.03
131.92
132.76
133.55
134.36
135.12
135.93
136.77
137.59
138.4
