0.89
1.8
2.54
3.29
4.02
4.8
5.6
6.37
7.08
7.81
8.57
9.35
10.22
11.04
11.86
12.64
13.49
14.29
15.05
15.79
16.53
17.29
17.96
18.69
19.38
20.07
20.85
21.64
22.44
23.19
23.96
24.77
25.67
26.62
27.51
28.47
29.4
30.4
31.38
32.34
33.32
34.33
35.39
36.48
37.5
38.55
39.51
40.44
41.4
42.36
43.29
44.2
45.14
46.12
47.02
47.94
48.83
49.75
50.67
51.48
52.34
53.16
54.03
54.86
55.74
56.58
57.42
58.22
59.02
59.78
60.54
61.34
62.13
62.95
63.72
64.58
65.37
66.18
67.05
67.83
68.68
69.52
70.39
71.23
72.11
72.97
73.84
74.74
75.64
76.48
77.33
78.09
78.9
79.66
80.42
81.2
81.99
82.74
83.51
84.29
85.04
85.82
86.54
87.37
88.22
89.08
89.9
90.67
91.53
92.28
93.11
93.89
94.64
95.41
96.23
96.98
97.83
98.63
99.42
100.22
101.17
102.05
102.95
103.8
104.67
105.4
106.12
106.88
107.72
108.52
109.39
110.19
110.96
111.8
112.57
113.49
114.39
115.32
116.23
117.15
118.01
118.94
119.83
120.68
121.56
122.44
123.36
124.2
125.11
126.07
127.01
127.89
128.86
129.82
130.71
131.69
132.66
133.64
134.56
135.54
136.49
137.42
138.44
139.37
140.37
141.32
142.26
143.19
144.06
144.97
145.94
146.92
147.95
149.02
150.03
151.06
152.14
153.17
154.29
155.29
156.37
