0.53
1.29
2.08
2.85
3.58
4.37
5.15
5.92
6.63
7.39
8.11
8.87
9.65
10.42
11.15
11.86
12.62
13.36
14.11
14.85
15.61
16.32
17.12
17.86
18.6
19.4
20.2
20.94
21.72
22.53
23.26
24.02
24.72
25.44
26.12
26.86
27.56
28.27
29.0
29.78
30.53
31.32
32.02
32.75
33.45
34.14
34.85
35.57
36.43
37.26
38.04
38.87
39.7
40.48
41.31
42.07
42.89
43.7
44.5
45.27
46.1
46.88
47.67
48.51
49.32
50.11
50.93
51.79
52.61
53.41
54.24
55.05
55.87
56.66
57.46
58.24
59.05
59.82
60.61
61.34
62.15
62.93
63.73
64.48
65.26
66.02
66.79
67.58
68.35
69.07
69.81
70.61
71.44
72.25
73.04
73.81
74.63
75.36
76.15
76.9
77.71
78.46
79.24
80.0
80.78
81.5
82.23
82.98
83.71
84.49
85.21
85.92
86.65
87.38
88.06
88.83
89.59
90.34
91.08
91.86
92.67
93.46
94.23
95.11
95.98
96.79
97.58
98.33
99.07
99.8
100.62
101.52
102.3
103.1
103.88
104.63
105.45
106.29
107.18
108.04
108.95
109.84
110.61
111.38
112.18
112.89
113.64
114.34
115.02
115.74
116.44
117.3
118.16
119.11
120.03
120.92
121.9
122.83
123.82
124.78
125.68
126.65
127.63
128.49
129.44
130.33
131.22
132.26
133.25
134.26
135.2
136.21
137.15
138.08
