0.84
1.59
2.38
3.14
3.89
4.67
5.47
6.25
7.0
7.75
8.5
9.25
10.11
10.95
11.85
12.7
13.54
14.37
15.13
15.91
16.62
17.38
18.12
18.87
19.69
20.52
21.27
22.05
22.78
23.5
24.25
25.0
25.72
26.42
27.26
28.06
28.85
29.6
30.42
31.22
32.02
32.82
33.71
34.52
35.42
36.27
37.16
38.08
38.99
39.86
40.74
41.65
42.5
43.37
44.29
45.17
46.08
46.91
47.77
48.62
49.43
50.22
51.02
51.81
52.59
53.41
54.21
54.99
55.75
56.52
57.25
58.03
58.79
59.56
60.33
61.07
61.77
62.51
63.24
64.0
64.8
65.59
66.35
67.16
68.01
68.86
69.63
70.45
71.21
71.93
72.61
73.34
74.09
74.85
75.59
76.3
77.04
77.8
78.52
79.33
80.13
80.93
81.68
82.45
83.21
84.0
84.74
85.53
86.33
87.08
87.86
88.63
89.33
90.09
90.86
91.68
92.46
93.3
94.14
94.83
95.58
96.26
97.02
97.72
98.42
99.2
99.95
100.82
101.62
102.46
103.3
104.08
104.91
105.7
106.43
107.16
107.88
108.68
109.42
110.2
110.93
111.71
112.48
113.33
114.17
114.99
115.89
116.85
117.99
119.02
119.99
121.07
122.1
123.11
124.21
125.26
126.27
127.35
128.37
129.41
130.21
131.03
131.87
132.68
133.62
134.53
135.58
136.57
137.58
138.71
139.8
