0.5
1.24
1.96
2.7
3.45
4.2
4.92
5.66
6.43
7.18
7.89
8.66
9.37
10.14
10.87
11.61
12.32
13.07
13.77
14.51
15.22
15.99
16.78
17.5
18.28
19.06
19.77
20.52
21.31
22.02
22.77
23.46
24.23
24.92
25.67
26.4
27.16
27.92
28.64
29.4
30.1
30.88
31.58
32.37
33.14
33.95
34.76
35.57
36.38
37.15
37.93
38.71
39.55
40.34
41.15
41.93
42.63
43.31
44.05
44.74
45.48
46.21
47.01
47.77
48.52
49.33
50.06
50.84
51.67
52.46
53.23
54.06
54.87
55.66
56.52
57.29
58.1
58.9
59.75
60.58
61.42
62.27
63.2
64.18
65.1
66.05
66.97
67.89
68.83
69.82
70.73
71.64
72.57
73.45
74.41
75.4
76.34
77.28
78.15
78.95
79.76
80.58
81.38
82.2
