0.9
4.23
7.25
10.83
13.88
16.87
20.05
23.39
26.39
29.03
31.58
34.27
37.6
41.13
45.09
48.21
51.65
55.29
58.85
62.58
65.86
69.12
72.29
75.49
78.51
81.57
84.76
88.13
91.4
94.55
97.78
100.94
104.56
108.14
111.68
115.5
119.22
122.95
126.74
130.44
134.25
138.08
142.0
145.76
149.47
153.3
157.03
160.75
164.42
167.78
171.17
174.27
177.54
180.97
184.47
187.97
191.2
194.52
197.63
200.76
203.57
206.16
209.09
212.1
215.68
219.23
222.95
226.8
229.99
233.14
236.63
240.3
244.18
247.56
251.03
255.05
258.85
262.52
266.18
269.94
273.89
277.82
