0.0
0.91
1.81
2.74
3.5
4.23
4.95
5.73
6.45
7.26
8.2
9.12
10.03
10.84
11.59
12.4
13.16
13.89
14.65
15.44
16.21
16.88
17.61
18.31
19.05
19.75
20.37
20.98
21.58
22.26
22.99
23.64
24.37
25.02
25.69
26.4
27.07
27.73
28.37
29.03
29.66
30.29
30.93
31.59
32.24
32.89
33.58
34.16
34.77
35.4
35.99
36.63
37.21
37.85
38.45
39.08
39.69
40.44
41.14
41.89
42.56
43.27
44.01
44.83
45.64
46.46
47.36
48.21
49.04
49.87
50.78
51.65
52.64
53.59
54.44
55.3
56.15
57.03
57.97
58.85
59.73
60.72
61.63
62.58
63.69
64.81
65.86
66.93
68.02
69.13
70.25
71.33
72.44
73.52
74.5
75.49
76.55
77.56
78.52
79.56
80.54
81.5
82.38
83.29
84.18
85.03
85.76
86.56
87.28
88.08
88.82
89.56
90.36
91.08
91.84
92.61
93.41
94.13
94.91
95.63
96.38
97.15
97.88
98.67
99.42
100.15
100.93
101.85
102.77
103.65
104.58
105.48
106.35
107.28
108.15
109.01
109.86
110.67
111.47
112.18
112.88
113.62
114.31
115.05
115.73
116.42
117.11
117.78
118.52
119.24
120.05
120.87
121.63
122.46
123.19
123.92
124.65
125.39
126.17
126.91
127.62
128.36
129.15
129.85
130.61
131.36
132.05
132.8
133.53
134.26
134.9
135.6
136.22
136.88
137.49
138.16
138.8
139.42
140.07
140.69
141.36
142.0
142.65
143.28
143.95
144.56
145.14
145.77
146.38
146.97
147.58
148.22
148.82
149.48
150.12
150.91
151.65
152.4
153.19
154.03
154.83
155.75
156.74
157.72
158.76
159.8
160.76
161.68
162.66
163.6
164.57
165.48
166.42
167.4
168.32
169.27
170.26
171.18
172.18
173.11
174.08
175.1
176.13
177.17
178.26
179.24
180.28
181.28
182.22
183.26
184.19
185.16
186.17
187.13
188.17
189.2
190.2
191.21
192.32
193.4
194.52
195.59
196.6
197.64
198.7
199.7
200.76
201.89
202.94
204.07
205.13
206.16
207.23
208.15
209.1
210.1
211.02
212.0
212.88
213.81
214.79
215.68
216.63
217.56
218.41
219.23
220.1
221.04
222.02
222.96
223.86
224.8
225.79
226.81
227.81
228.73
229.61
230.39
231.17
231.94
232.74
233.57
234.38
235.16
235.94
236.83
237.64
238.52
239.37
240.31
241.23
242.24
243.16
244.19
245.1
246.06
247.04
248.08
249.03
250.06
251.04
251.97
253.02
254.17
255.26
256.31
257.3
258.36
259.44
260.53
261.53
262.53
263.59
264.54
265.33
266.19
266.93
267.72
268.45
269.17
269.95
270.77
271.56
272.32
273.09
273.9
274.65
275.43
276.22
277.0
277.83
278.69
279.52
280.38
281.22
282.09
282.89
283.78
284.64
285.44
286.27
287.14
