0.65
1.39
2.14
2.92
3.65
4.35
5.06
5.78
6.54
7.3
8.02
8.78
9.49
10.18
10.9
11.71
12.44
13.26
14.08
14.9
15.75
16.48
17.19
17.92
18.65
19.48
20.38
21.39
22.5
23.59
24.48
25.43
26.3
27.25
28.14
28.99
29.9
30.82
31.72
32.62
33.42
34.29
35.1
36.0
36.84
37.65
38.52
39.39
40.28
41.13
42.0
42.79
43.61
44.41
45.26
46.09
46.97
47.75
48.59
49.37
50.06
50.78
51.51
52.22
52.95
53.67
54.43
55.18
55.92
56.69
57.44
58.19
58.92
59.76
60.77
61.71
62.82
63.93
65.02
66.06
67.05
68.1
69.17
70.15
71.2
72.25
73.36
74.47
75.48
76.46
77.47
78.56
79.58
80.65
81.73
82.75
83.83
84.87
85.94
86.96
87.91
88.9
89.96
90.93
91.91
92.91
93.89
94.8
95.75
96.75
97.67
98.6
99.47
100.37
101.31
102.17
103.13
104.09
105.2
106.28
107.41
108.45
109.54
110.57
111.54
112.61
113.6
114.64
115.72
116.69
117.72
118.66
119.72
120.69
121.72
122.68
123.76
124.81
125.85
126.94
127.93
129.0
130.0
130.92
131.87
132.77
133.72
134.62
135.45
136.31
137.23
138.08
139.0
139.93
140.9
141.88
142.86
143.97
144.98
146.1
147.11
148.22
149.28
150.41
151.51
152.61
153.59
154.68
155.82
156.89
157.99
159.08
160.02
160.96
161.92
162.9
163.89
164.78
165.75
166.63
167.56
168.57
169.48
170.61
171.7
172.79
173.74
174.75
175.76
176.75
177.8
178.84
179.86
180.98
182.1
183.15
184.22
185.36
186.46
187.49
188.64
189.66
190.72
191.86
192.91
194.05
195.08
196.11
197.19
198.23
199.35
200.4
201.44
202.56
203.67
204.71
205.6
206.47
207.29
208.19
209.01
209.95
210.85
211.82
212.73
213.67
214.66
215.56
216.51
217.51
218.52
219.46
220.42
221.5
222.43
223.33
224.17
225.14
226.1
227.1
228.15
229.01
229.73
230.36
230.94
231.55
232.21
232.89
233.53
234.2
234.88
235.5
236.06
236.57
237.11
237.67
238.28
238.85
239.43
239.99
240.63
241.23
241.85
242.49
243.27
243.99
244.78
245.55
246.3
247.03
247.79
248.56
249.5
250.44
251.56
252.57
253.7
254.76
255.88
256.95
258.08
259.12
260.2
261.2
262.27
263.41
264.46
265.59
266.68
267.66
268.67
269.68
270.61
271.59
272.52
273.52
274.44
275.43
276.35
277.28
278.17
279.05
280.0
280.89
281.64
282.43
283.27
284.09
284.89
285.69
286.51
287.34
288.17
288.97
289.77
290.68
291.52
292.47
293.46
294.42
295.49
296.54
297.51
298.61
299.61
