3.64
6.53
9.48
12.44
15.74
18.64
22.49
26.74
30.4
33.76
36.83
40.27
43.6
46.96
50.06
52.94
56.14
60.19
64.03
68.09
72.24
76.45
80.64
84.86
88.88
92.91
96.77
100.37
104.09
108.45
112.61
116.68
120.68
124.8
129.0
132.77
136.91
141.09
144.95
149.27
153.59
157.98
161.92
165.86
169.94
174.19
178.43
182.63
186.49
190.18
194.05
198.22
202.55
206.22
209.94
213.66
217.5
221.52
225.13
229.0
232.88
237.04
240.62
244.14
247.95
251.75
254.82
257.64
260.62
264.02
267.73
271.58
275.43
279.06
282.42
285.68
288.96
292.45
296.11
