3.43
6.71
10.16
13.49
16.99
20.37
23.72
26.86
29.89
32.93
36.02
39.57
42.92
46.32
49.74
53.13
56.76
59.53
62.07
64.62
67.2
69.73
71.83
73.58
75.28
76.91
78.61
80.46
82.19
83.87
85.63
87.39
89.31
91.05
92.71
94.34
96.0
97.64
99.27
100.92
102.72
104.46
106.1
107.81
109.56
111.31
112.94
114.57
116.2
117.75
119.3
120.85
122.41
123.95
125.5
127.08
128.72
130.51
132.34
134.21
136.19
138.39
141.23
144.28
147.59
150.88
154.22
157.86
161.4
165.02
168.39
171.83
175.28
178.78
182.28
186.15
189.59
192.91
196.36
199.56
202.31
204.86
207.4
209.96
212.51
214.62
216.36
218.03
219.69
221.39
223.21
224.97
226.7
228.52
230.33
232.23
233.95
235.67
237.56
239.53
241.52
243.86
246.43
249.4
252.53
255.99
259.37
262.77
266.47
270.09
273.76
277.34
280.83
