0.2
1.01
1.83
2.62
3.44
4.29
5.06
5.88
6.72
7.61
8.45
9.31
10.16
11.01
11.83
12.65
13.5
14.37
15.21
16.09
17.0
17.86
18.72
19.6
20.38
21.2
22.04
22.87
23.72
24.59
25.41
26.13
26.86
27.6
28.37
29.13
29.9
30.69
31.44
32.19
32.93
33.69
34.41
35.18
35.94
36.69
37.39
38.13
38.87
39.66
40.49
41.27
42.09
42.93
43.73
44.57
45.48
46.33
47.21
48.05
48.85
49.65
50.54
51.39
52.26
53.14
54.06
54.97
55.71
56.18
56.61
57.07
57.49
57.94
58.37
58.81
59.27
59.71
60.15
60.59
61.0
61.45
61.86
62.31
62.71
63.13
63.53
63.96
64.38
64.83
65.28
65.71
66.16
66.59
67.0
67.44
67.84
68.28
68.68
69.11
69.52
69.96
70.36
70.82
71.28
71.78
72.26
72.73
73.15
73.58
74.01
74.45
74.85
75.28
75.69
76.1
76.51
76.92
77.35
77.75
78.2
78.62
79.06
79.51
79.99
80.46
80.92
81.36
81.77
82.19
82.61
83.03
83.46
83.88
84.3
84.76
85.18
85.64
86.07
86.52
86.95
87.39
87.84
88.27
88.68
89.11
89.55
89.97
90.42
90.83
91.27
91.68
92.1
92.5
92.91
93.35
93.76
94.21
94.64
95.09
95.57
96.09
96.58
97.04
97.54
97.97
98.37
98.79
99.21
99.63
100.06
100.48
100.92
101.37
101.83
102.27
102.72
103.18
103.62
104.06
104.46
104.88
105.28
105.69
106.1
106.55
107.02
107.47
107.9
108.37
108.81
109.27
109.68
110.11
110.52
110.92
111.32
111.75
112.14
112.55
112.96
113.36
113.76
114.17
114.58
114.97
115.37
115.78
116.21
116.6
116.99
117.36
117.75
118.12
118.53
118.91
119.3
119.68
120.08
120.47
120.85
121.26
121.63
122.04
122.41
122.79
123.18
123.57
123.95
124.34
124.73
125.13
125.51
125.89
126.29
126.7
127.1
127.53
127.94
128.34
128.73
129.12
129.5
129.89
130.27
130.66
131.05
131.45
131.85
132.24
132.62
133.02
133.41
133.81
134.22
134.62
135.03
135.43
135.82
136.2
136.6
136.97
137.38
137.75
138.16
138.55
138.94
139.31
139.69
140.07
140.45
140.83
141.22
141.6
141.98
142.34
142.72
143.1
143.5
143.89
144.29
144.72
145.14
145.55
145.95
146.38
146.77
147.18
147.6
148.01
148.41
148.83
149.23
149.65
150.05
150.48
150.88
151.3
151.7
152.11
152.54
152.94
153.36
153.8
154.27
154.7
155.15
155.6
156.06
156.52
156.97
157.42
157.87
158.31
158.73
159.19
159.61
160.05
160.5
160.95
161.41
161.87
162.32
162.75
163.2
163.65
164.1
164.57
165.02
165.47
165.87
166.31
166.71
167.13
167.55
167.97
168.4
168.82
169.23
169.65
170.09
170.53
170.94
171.4
171.84
172.28
172.71
173.15
173.58
174.04
174.47
174.88
175.29
175.71
176.15
176.58
177.02
177.45
177.9
178.32
178.78
179.22
179.65
180.09
180.52
180.97
181.42
181.85
182.29
182.76
183.2
183.64
184.1
184.56
184.95
185.36
185.74
186.16
186.58
187.03
187.44
187.87
188.32
188.75
189.16
189.59
190.0
190.44
190.84
191.28
191.69
192.11
192.5
192.92
193.33
193.77
194.19
194.64
195.08
195.53
195.93
196.36
196.78
197.22
197.63
198.1
198.53
199.0
199.44
199.9
200.32
200.77
201.2
201.64
202.1
202.54
202.94
203.37
203.79
204.23
204.65
205.1
205.51
205.94
206.34
206.77
207.19
207.63
208.05
208.49
208.92
209.36
209.77
210.21
210.61
211.05
211.45
211.88
212.3
212.76
213.24
213.71
214.18
214.62
215.06
215.5
215.92
216.36
216.77
217.21
217.62
218.04
218.44
218.86
219.29
219.7
220.13
220.53
220.98
221.4
221.82
222.27
222.74
223.22
223.69
224.11
224.56
224.97
225.4
225.83
226.26
226.7
227.14
227.62
228.07
228.52
228.98
229.44
229.87
230.33
230.81
231.29
231.79
232.23
232.67
233.11
233.54
233.96
234.39
234.83
235.25
235.67
236.11
236.59
237.07
237.57
238.05
238.52
239.01
239.54
240.01
240.52
241.04
241.53
242.11
242.69
243.29
243.87
244.48
245.04
245.77
246.44
247.17
247.85
248.61
249.4
250.15
250.92
251.76
252.62
253.42
254.3
255.15
256.0
256.86
257.79
258.6
259.39
260.25
261.08
261.94
262.8
263.73
264.58
265.56
266.48
267.42
268.29
269.17
270.11
271.05
271.94
272.9
273.78
274.73
275.58
276.52
277.34
278.23
279.06
279.92
280.84
281.79
