0.21
0.98
1.81
2.65
3.48
4.31
5.16
5.99
6.81
7.66
8.54
9.4
10.16
11.0
11.8
12.64
13.47
14.34
15.18
16.04
16.87
17.74
18.65
19.49
20.32
21.19
22.08
22.94
23.83
24.68
25.55
26.35
27.14
27.93
28.71
29.52
30.28
31.08
31.92
32.69
33.54
34.34
35.18
35.96
36.82
37.63
38.47
39.34
40.2
41.0
41.88
42.75
43.65
44.53
45.41
46.28
47.2
48.13
48.99
49.86
50.73
51.63
52.53
53.44
54.37
55.25
56.15
57.03
57.96
58.85
59.74
60.62
61.5
62.39
63.23
64.06
64.95
65.86
66.77
67.62
68.51
69.37
70.26
71.13
72.04
72.91
73.79
74.69
75.57
76.52
77.43
78.29
79.2
80.08
81.03
81.92
82.79
83.66
84.52
85.39
86.3
87.22
88.1
89.01
89.92
90.82
91.72
92.6
93.49
94.47
95.39
96.37
97.31
98.23
99.09
99.96
100.85
101.73
102.64
103.51
104.42
105.27
106.09
106.95
107.86
108.75
109.62
110.51
111.42
112.27
113.09
113.91
114.76
115.57
116.39
117.28
118.11
118.9
119.7
120.49
121.28
122.1
122.97
123.78
124.66
125.55
126.4
127.21
128.0
128.83
129.66
130.47
131.28
132.13
132.99
133.79
134.6
135.48
136.29
137.1
137.96
138.8
139.68
140.54
141.43
142.38
143.32
144.18
145.05
146.0
146.89
147.76
148.59
149.44
150.33
151.18
152.02
152.87
153.77
154.64
155.45
156.31
157.11
158.01
158.86
159.77
160.68
161.58
162.53
163.36
164.26
165.13
165.98
166.87
167.7
168.57
169.44
170.3
171.19
172.08
172.95
173.79
174.32
174.77
175.23
175.69
176.14
176.59
177.05
177.51
177.94
178.38
178.82
179.28
179.72
180.18
180.64
181.09
181.52
181.96
182.39
182.81
183.26
183.71
184.15
184.6
185.06
185.51
185.95
186.39
186.84
187.28
187.73
188.15
188.59
189.06
189.53
189.98
190.43
190.86
191.31
191.75
192.18
192.62
193.07
193.52
193.95
194.39
194.87
195.36
195.85
196.31
196.76
197.21
197.66
198.1
198.55
198.99
199.41
199.84
200.28
200.71
201.17
201.63
202.09
202.57
203.03
203.47
203.95
204.41
204.85
205.31
205.74
206.17
206.59
207.03
207.48
207.93
208.37
208.8
209.21
209.65
210.09
210.54
210.97
211.42
211.86
212.31
212.75
213.19
213.61
214.05
214.5
214.93
215.35
215.79
216.22
216.66
217.11
217.55
218.0
218.45
218.9
219.34
219.76
220.19
220.63
221.05
221.49
221.95
222.43
222.88
223.34
223.78
224.21
224.66
225.11
225.55
225.99
226.45
226.9
227.36
227.79
228.24
228.69
229.13
229.55
229.98
230.4
230.84
231.28
231.74
232.19
232.65
233.09
233.54
233.99
234.45
234.9
235.36
235.83
236.29
236.73
237.18
237.61
238.05
238.5
238.94
239.38
239.84
240.33
240.79
241.26
241.73
242.21
242.66
243.14
243.61
244.1
244.56
245.04
245.53
246.04
246.54
247.04
247.62
248.21
248.81
249.4
250.03
250.75
251.45
252.18
253.0
253.85
254.65
255.51
256.41
257.29
258.14
259.06
260.02
260.83
261.66
262.53
263.39
264.32
265.22
266.15
267.09
268.05
268.95
269.85
270.76
271.69
272.57
273.51
274.37
275.28
276.12
277.04
277.87
278.78
279.68
280.54
281.36
282.29
283.21
284.16
