2.55
4.21
5.88
7.65
9.4
11.0
12.63
14.34
16.03
17.73
19.48
21.19
22.94
24.67
26.35
27.93
29.5
31.07
32.69
34.33
35.97
37.64
39.34
41.0
42.75
44.52
46.27
48.12
49.85
51.63
53.44
55.24
57.04
58.84
60.61
62.38
64.27
66.08
67.83
69.6
71.35
73.13
74.9
76.55
78.29
80.08
81.91
83.65
85.39
87.21
89.0
90.82
92.59
94.43
96.35
98.22
99.97
101.73
103.5
105.25
106.94
108.74
110.51
112.26
113.9
115.57
117.21
118.8
120.38
121.97
123.57
125.15
126.72
128.28
129.88
131.45
132.99
134.59
136.27
137.95
139.67
141.46
143.31
145.09
146.88
148.58
150.32
152.02
153.76
155.44
157.11
158.85
160.67
162.52
164.25
165.97
167.7
169.43
171.18
172.95
174.75
176.59
178.37
180.17
181.95
183.71
185.51
187.27
189.06
190.85
192.62
194.38
196.07
197.87
199.62
201.35
203.03
204.84
206.58
208.36
210.06
211.85
213.6
215.35
217.1
218.89
220.62
222.42
224.2
225.98
227.79
229.54
231.26
233.09
234.89
236.73
238.49
240.32
242.2
244.1
246.04
248.2
250.58
252.99
255.5
258.14
261.65
265.21
268.85
272.47
276.04
279.57
283.2
