3.82
7.41
11.12
14.67
18.42
22.12
25.9
29.42
32.72
35.99
39.35
42.94
46.59
50.47
54.34
58.12
61.99
64.16
65.97
67.76
69.43
71.2
72.81
74.52
76.26
78.04
79.78
81.58
83.42
85.19
86.96
88.67
90.37
92.24
94.15
96.01
97.78
99.43
101.15
102.97
104.86
106.79
108.83
110.72
112.74
114.77
116.79
118.72
120.6
122.53
124.4
126.23
128.09
129.78
131.46
133.14
134.82
136.48
138.15
139.84
141.53
143.18
144.83
146.5
148.14
149.72
151.32
153.04
154.86
156.64
158.45
160.28
162.09
163.89
165.71
167.56
169.38
171.2
172.99
174.84
176.77
178.68
180.62
182.54
184.38
186.23
188.12
190.05
191.93
193.81
195.8
197.68
199.59
201.62
203.92
205.89
207.7
209.5
211.17
212.96
214.72
216.47
218.25
220.07
221.81
223.55
225.18
226.92
228.63
230.31
232.04
233.75
235.45
237.13
238.83
240.63
242.39
244.1
245.77
247.51
249.47
252.02
254.56
257.07
259.36
262.2
265.41
268.66
272.07
276.19
280.09
284.08
288.26
292.56
296.62
300.93
304.47
