0.0
0.97
1.95
2.9
3.84
4.71
5.64
6.53
7.51
8.4
9.35
10.26
11.13
12.03
12.91
13.77
14.67
15.6
16.49
17.45
18.42
19.35
20.27
21.17
22.13
23.1
24.04
25.01
25.91
26.89
27.76
28.59
29.43
30.25
31.06
31.89
32.72
33.55
34.37
35.17
35.99
36.85
37.66
38.49
39.36
40.19
41.09
42.0
42.95
43.83
44.76
45.65
46.6
47.56
48.44
49.46
50.47
51.54
52.53
53.45
54.35
55.31
56.24
57.19
58.13
59.11
60.06
61.03
61.84
62.33
62.8
63.25
63.7
64.17
64.63
65.09
65.52
65.98
66.42
66.87
67.32
67.77
68.19
68.6
69.01
69.43
69.88
70.33
70.77
71.22
71.69
72.16
72.59
73.03
73.44
73.88
74.3
74.73
75.16
75.62
76.04
76.5
76.94
77.41
77.83
78.29
78.7
79.15
79.56
80.0
80.43
80.86
81.3
81.73
82.14
82.57
83.01
83.43
83.88
84.32
84.77
85.19
85.65
86.07
86.53
86.96
87.37
87.81
88.25
88.68
89.11
89.53
89.97
90.5
91.02
91.51
92.01
92.52
93.03
93.55
94.09
94.59
95.13
95.57
96.01
96.47
96.93
97.35
97.79
98.2
98.61
99.01
99.43
99.85
100.26
100.73
101.16
101.61
102.08
102.51
102.98
103.45
103.94
104.39
104.87
105.33
105.8
106.29
106.8
107.36
107.88
108.35
108.83
109.32
109.78
110.26
110.74
111.23
111.75
112.22
112.67
113.11
113.58
114.03
114.48
114.93
115.36
115.82
116.3
116.8
117.26
117.74
118.24
118.72
119.18
119.67
120.12
120.6
121.07
121.55
122.04
122.54
123.02
123.49
123.94
124.4
124.87
125.34
125.79
126.24
126.68
127.15
127.58
128.0
128.43
128.83
129.25
129.68
130.13
130.56
131.02
131.45
131.9
132.32
132.72
133.14
133.58
133.99
134.41
134.82
135.23
135.65
136.07
136.49
136.91
137.32
137.74
138.16
138.6
139.02
139.43
139.85
140.28
140.69
141.12
141.54
141.96
142.38
142.78
143.18
143.59
144.01
144.43
144.83
145.24
145.65
146.08
146.5
146.9
147.33
147.73
148.15
148.55
148.97
149.4
149.85
150.28
150.7
151.1
151.53
151.96
152.38
152.79
153.22
153.62
154.05
154.46
154.88
155.3
155.75
156.19
156.65
157.1
157.56
158.01
158.45
158.9
159.37
159.83
160.29
160.75
161.22
161.67
162.1
162.57
163.0
163.46
163.9
164.35
164.82
165.26
165.71
166.17
166.63
167.1
167.56
168.02
168.48
168.92
169.38
169.85
170.3
170.78
171.22
171.76
172.26
172.8
173.32
173.84
174.38
174.85
175.35
175.83
176.3
176.77
177.25
177.73
178.23
178.69
179.17
179.65
180.13
180.63
181.1
181.57
182.05
182.55
183.02
183.48
183.92
184.38
184.86
185.31
185.76
186.24
186.72
187.17
187.67
188.13
188.61
189.11
189.58
190.06
190.52
191.01
191.46
191.93
192.41
192.89
193.34
193.82
194.34
194.8
195.3
195.8
196.29
196.75
197.21
197.69
198.16
198.63
199.11
199.6
200.09
200.58
201.09
201.63
202.11
202.55
203.0
203.45
203.93
204.44
204.91
205.39
205.89
206.38
206.83
207.26
207.71
208.14
208.6
209.05
209.51
209.91
210.31
210.72
211.17
211.62
212.06
212.51
212.97
213.43
213.88
214.3
214.72
215.16
215.6
216.06
216.48
216.94
217.37
217.81
218.26
218.73
219.16
219.61
220.08
220.55
220.98
221.39
221.82
222.27
222.68
223.11
223.56
223.97
224.36
224.77
225.19
225.63
226.07
226.49
226.92
227.37
227.81
228.22
228.63
229.05
229.49
229.89
230.31
230.73
231.17
231.6
232.04
232.5
232.94
233.34
233.76
234.18
234.62
235.03
235.45
235.86
236.29
236.72
237.14
237.54
237.96
238.42
238.84
239.3
239.74
240.2
240.64
241.1
241.52
241.96
242.4
242.82
243.25
243.67
244.11
244.53
244.93
245.36
245.88
246.38
246.86
247.37
247.85
248.41
248.92
249.49
250.01
250.57
251.09
251.62
252.24
252.9
253.51
254.15
254.77
255.39
256.02
256.67
257.47
258.21
258.99
259.81
260.63
261.43
262.21
263.01
263.81
264.62
265.41
266.23
267.03
267.81
268.67
269.5
270.33
271.14
272.07
273.08
274.11
275.18
276.19
277.2
278.21
279.18
280.11
281.08
282.1
283.09
284.09
285.12
286.14
287.19
288.27
289.3
290.37
291.45
292.57
293.6
294.57
295.6
296.63
297.6
298.64
299.7
300.69
301.7
302.64
303.53
304.48
305.38
306.33
