0.29
1.02
1.78
2.56
3.29
4.1
4.88
5.69
6.49
7.34
8.18
9.09
9.92
10.67
11.49
12.23
13.04
13.84
14.65
15.49
16.35
17.18
18.05
18.89
19.67
20.52
21.37
22.2
23.05
23.86
24.69
25.5
26.3
27.09
27.88
28.7
29.51
30.32
31.12
31.87
32.65
33.39
34.16
34.99
35.78
36.59
37.44
38.21
38.99
39.72
40.53
41.28
42.09
42.88
43.74
44.57
45.43
46.23
47.08
47.92
48.76
49.57
50.41
51.24
52.1
52.91
53.43
53.92
54.33
54.76
55.16
55.59
56.01
56.44
56.84
57.27
57.68
58.1
58.5
58.92
59.31
59.72
60.13
60.56
60.96
61.39
61.8
62.24
62.68
63.1
63.5
63.92
64.32
64.74
65.14
65.57
65.95
66.37
66.71
67.07
67.43
67.85
68.26
68.67
69.08
69.49
69.9
70.3
70.7
71.11
71.53
71.97
72.4
72.81
73.22
73.63
74.05
74.47
74.88
75.29
75.71
76.14
76.55
76.96
77.37
77.79
78.2
78.6
79.0
79.44
79.85
80.29
80.73
81.16
81.58
82.02
82.43
82.88
83.3
83.76
84.18
84.61
85.02
85.44
85.84
86.25
86.65
87.06
87.47
87.88
88.31
88.76
89.18
89.6
90.01
90.43
90.87
91.31
91.74
92.36
93.08
93.78
94.58
95.41
96.2
97.02
97.87
98.76
99.58
100.43
101.2
102.03
102.83
103.65
104.47
105.29
106.1
106.92
107.77
108.56
109.33
110.16
110.93
111.77
112.55
113.32
114.07
114.86
115.61
116.39
117.1
117.8
118.51
119.21
119.95
120.73
121.46
122.18
122.94
123.65
124.38
125.09
125.81
126.53
127.28
127.98
128.75
129.54
130.32
131.11
131.89
132.71
133.51
134.32
135.11
135.87
136.63
137.44
138.22
139.05
139.83
140.63
141.41
142.25
143.05
143.84
144.64
145.5
146.32
147.12
147.99
148.8
149.67
150.56
151.44
152.36
153.31
154.21
155.15
155.98
156.77
157.55
158.31
159.12
159.9
160.71
161.52
162.38
163.24
164.13
164.92
165.77
166.6
167.46
168.24
169.09
169.92
170.76
171.56
172.4
173.21
174.04
174.86
175.42
175.88
176.28
176.69
177.1
177.52
177.92
178.32
178.71
179.13
179.53
179.93
180.34
180.76
181.13
181.52
181.91
182.33
182.71
183.13
183.53
183.95
184.36
184.77
185.17
185.57
185.95
186.34
186.74
187.13
187.52
187.91
188.31
188.74
189.13
189.55
189.96
190.37
190.77
191.18
191.56
191.96
192.36
192.78
193.17
193.58
193.96
194.36
194.77
195.2
195.61
196.04
196.45
196.89
197.31
197.72
198.12
198.53
198.92
199.34
199.73
200.15
200.54
200.97
201.36
201.78
202.19
202.61
203.0
203.42
203.82
204.25
204.72
205.17
205.62
206.03
206.47
206.9
207.31
207.72
208.12
208.55
208.95
209.36
209.77
210.19
210.63
211.05
211.44
211.85
212.27
212.68
213.09
213.49
213.9
214.32
214.75
215.2
215.63
216.08
216.5
216.93
217.37
217.79
218.23
218.66
219.07
219.48
219.89
220.29
220.69
221.1
221.51
221.91
222.33
222.75
223.21
223.64
224.07
224.5
224.93
225.38
225.82
226.24
226.85
227.58
228.34
229.06
229.78
230.53
231.27
232.02
232.76
233.5
234.28
235.06
235.82
236.61
237.44
238.22
239.02
239.91
240.79
241.71
242.61
243.46
244.27
245.09
245.89
246.74
247.55
248.35
249.31
250.2
251.11
251.88
252.72
253.48
254.3
255.11
256.07
256.97
257.86
258.72
259.68
260.56
261.48
262.38
263.28
264.23
