3.3
6.48
9.91
13.03
16.35
19.67
23.04
26.29
29.24
32.16
34.98
37.52
39.69
41.34
42.95
44.57
46.22
47.91
49.56
51.23
52.9
54.53
56.21
57.88
59.51
61.17
62.89
64.52
66.16
67.84
69.48
71.1
72.8
74.45
76.12
77.79
79.43
81.15
82.87
84.6
86.24
87.87
89.59
91.3
93.0
94.58
96.19
97.87
99.57
101.26
102.9
104.54
106.18
107.76
109.32
110.91
112.48
114.06
115.61
117.09
118.51
119.95
121.46
122.93
124.37
125.81
127.26
128.75
130.32
131.85
133.56
135.86
139.04
142.24
145.49
148.78
152.35
155.97
159.11
162.38
165.77
169.08
172.39
175.63
177.51
179.12
180.73
182.32
183.94
185.56
187.13
188.73
190.36
191.95
193.57
195.19
196.88
198.52
200.14
201.78
203.41
205.01
206.49
208.11
209.76
211.43
213.08
214.75
216.49
218.23
219.88
221.5
223.18
224.92
226.84
229.77
232.85
236.33
239.9
243.45
246.72
250.19
253.48
256.96
260.55
264.22
