1.77
3.4
5.05
6.74
8.5
10.15
11.76
13.39
15.06
16.78
18.52
20.16
21.86
23.58
25.28
26.86
28.4
29.96
31.52
33.08
34.67
36.32
38.11
39.93
41.66
43.32
44.95
46.73
48.46
50.13
51.86
53.63
55.4
57.33
58.98
60.62
62.26
63.89
65.61
67.3
69.0
70.71
72.4
73.97
75.68
77.4
79.11
80.84
82.48
84.21
86.01
87.8
89.52
91.24
93.0
94.82
96.67
98.2
99.74
101.46
103.16
104.82
106.51
108.16
109.73
111.29
112.86
114.53
116.47
118.41
120.34
122.29
124.39
126.61
129.04
131.51
134.04
136.63
139.33
142.29
145.3
148.31
151.48
154.91
158.49
161.87
164.96
168.15
169.93
171.59
173.29
174.92
176.61
178.32
180.02
181.84
183.5
185.13
186.75
188.39
190.09
191.76
193.43
195.07
196.74
198.38
200.02
201.65
203.37
205.04
206.71
208.4
210.1
211.78
213.41
215.06
216.74
218.43
220.11
221.83
223.61
225.36
227.11
228.79
230.52
232.32
234.22
236.61
239.48
242.54
245.92
249.65
253.26
256.98
261.01
264.77
268.87
272.74
276.9
