0.22
1.03
1.8
2.61
3.41
4.25
5.06
5.93
6.74
7.58
8.5
9.41
10.16
11.0
11.77
12.57
13.4
14.19
15.06
15.85
16.68
17.62
18.53
19.37
20.17
20.99
21.87
22.72
23.58
24.43
25.28
26.08
26.86
27.64
28.4
29.17
29.96
30.77
31.52
32.33
33.08
33.89
34.67
35.48
36.27
37.06
37.81
38.6
39.4
40.19
41.0
41.8
42.5
43.22
43.68
44.12
44.55
44.99
45.44
45.89
46.3
46.73
47.16
47.59
48.03
48.47
48.9
49.32
49.72
50.14
50.56
50.99
51.43
51.87
52.32
52.76
53.18
53.64
54.08
54.51
54.94
55.36
55.74
56.16
56.56
56.94
57.34
57.74
58.16
58.57
58.98
59.39
59.81
60.22
60.63
61.03
61.44
61.84
62.26
62.66
63.07
63.48
63.89
64.31
64.76
65.17
65.62
66.05
66.48
66.88
67.31
67.72
68.16
68.57
69.0
69.43
69.87
70.28
70.71
71.12
71.56
71.97
72.42
72.84
73.28
73.71
74.15
74.58
75.02
75.46
75.92
76.36
76.8
77.22
77.63
78.04
78.48
78.89
79.33
79.74
80.2
80.63
81.06
81.51
81.98
82.43
82.88
83.31
83.76
84.23
84.68
85.13
85.58
86.02
86.46
86.92
87.37
87.81
88.24
88.67
89.11
89.53
89.95
90.38
90.81
91.25
91.67
92.1
92.53
93.01
93.45
93.93
94.37
94.83
95.29
95.77
96.21
96.67
97.13
97.57
98.01
98.48
98.93
99.33
99.75
100.19
100.6
101.04
101.47
101.9
102.33
102.74
103.19
103.6
104.0
104.4
104.82
105.25
105.67
106.09
106.51
106.91
107.33
107.76
108.19
108.56
108.96
109.34
109.74
110.13
110.52
110.9
111.3
111.7
112.09
112.48
112.86
113.25
113.64
114.04
114.53
115.02
115.61
116.18
116.77
117.35
117.94
118.54
119.16
119.75
120.35
121.02
121.63
122.3
122.98
123.66
124.38
125.06
125.73
126.51
127.21
127.98
128.75
129.56
130.34
131.11
131.88
132.68
133.44
134.2
134.98
135.75
136.54
137.29
137.96
138.64
139.34
140.08
140.84
141.58
142.3
143.04
143.76
144.54
145.31
146.06
146.81
147.57
148.32
149.08
149.84
150.62
151.49
152.31
153.14
154.02
154.92
155.84
156.76
157.67
158.5
159.39
160.18
160.98
161.74
162.55
163.3
164.08
164.94
165.75
166.58
167.44
168.24
169.07
169.94
170.74
171.6
172.43
173.32
174.12
174.93
175.77
176.61
177.46
178.33
179.16
180.02
180.87
181.42
181.84
182.26
182.68
183.09
183.51
183.92
184.34
184.73
185.14
185.54
185.96
186.35
186.76
187.15
187.56
187.96
188.39
188.8
189.24
189.66
190.1
190.53
190.95
191.34
191.76
192.16
192.6
193.02
193.44
193.85
194.27
194.66
195.08
195.49
195.92
196.32
196.75
197.17
197.6
197.98
198.39
198.78
199.2
199.61
200.03
200.41
200.82
201.21
201.66
202.07
202.51
202.93
203.37
203.79
204.21
204.62
205.05
205.45
205.88
206.28
206.71
207.13
207.55
207.96
208.4
208.81
209.26
209.67
210.11
210.52
210.96
211.36
211.79
212.19
212.61
213.02
213.43
213.82
214.24
214.67
215.07
215.5
215.92
216.34
216.75
217.18
217.59
218.02
218.44
218.86
219.28
219.71
220.12
220.53
220.96
221.39
221.84
222.28
222.74
223.19
223.62
224.06
224.5
224.94
225.37
225.81
226.26
226.7
227.12
227.54
227.95
228.38
228.8
229.23
229.63
230.08
230.53
230.95
231.4
231.86
232.33
232.8
233.29
233.75
234.23
234.69
235.16
235.77
236.51
237.26
238.01
238.73
239.48
240.25
241.0
241.75
242.55
243.33
244.15
245.0
245.92
246.89
247.77
248.75
249.65
250.56
251.51
252.38
253.27
254.2
255.18
256.05
256.99
257.89
258.93
259.95
261.02
261.92
262.87
263.8
264.78
265.7
266.6
267.37
268.21
268.97
269.79
270.57
271.39
272.21
272.99
273.73
274.51
275.11
275.69
276.29
276.91
277.49
278.07
