0.5
1.26
1.96
2.72
3.44
4.1
4.75
5.41
6.1
6.76
7.42
8.1
8.8
9.56
10.27
10.96
11.7
12.43
13.16
13.91
14.68
15.38
16.15
16.77
17.39
18.02
18.66
19.27
19.87
20.52
21.11
21.76
22.36
22.99
23.62
24.22
24.84
25.45
26.09
26.76
27.38
28.1
28.91
29.73
30.49
31.29
32.09
32.93
33.65
34.42
35.21
35.94
36.68
37.42
38.18
38.89
39.56
40.28
41.0
41.67
42.33
42.95
43.62
44.23
44.83
45.36
45.93
46.51
47.07
47.63
48.16
48.75
49.3
49.86
50.38
50.94
51.53
52.13
52.73
53.32
53.97
54.61
55.35
56.13
57.01
57.83
58.69
59.65
60.54
61.5
62.46
63.38
64.3
65.25
66.22
67.17
68.18
69.05
69.95
70.85
71.78
72.68
73.55
74.55
75.48
76.41
77.37
78.26
79.21
79.97
80.8
81.49
82.19
82.84
83.55
84.22
84.91
85.64
86.27
86.9
87.46
88.0
88.58
89.13
89.64
90.14
90.66
91.21
91.7
92.25
92.77
93.27
93.8
94.26
94.76
95.24
95.72
96.18
96.64
97.13
97.57
98.01
98.45
98.87
99.31
99.75
100.16
100.56
100.97
101.38
101.81
102.23
102.64
103.04
103.46
103.88
104.29
104.68
105.07
105.48
105.89
106.28
106.68
107.08
107.49
107.88
108.29
108.67
109.11
109.58
110.02
110.48
110.93
111.37
111.8
112.22
112.62
113.04
113.47
113.91
114.35
114.79
115.24
115.69
116.11
116.53
116.93
117.36
117.77
118.19
118.61
119.03
119.46
119.88
120.31
120.73
121.14
121.57
122.0
122.45
122.88
123.34
123.76
124.2
124.66
125.08
125.49
125.88
126.29
126.7
127.12
127.54
127.93
128.34
128.77
129.15
129.55
129.95
130.34
130.73
131.14
131.52
131.91
132.28
132.66
133.05
133.43
133.8
134.18
134.57
134.95
135.34
135.73
136.12
136.55
136.99
137.44
137.91
138.34
138.74
139.17
139.56
139.98
140.38
140.76
141.16
141.56
141.99
142.41
142.83
143.25
143.66
144.08
144.52
144.97
145.43
145.87
146.34
146.78
147.16
147.56
147.98
148.37
148.74
149.13
149.52
149.94
150.35
150.78
151.22
151.65
152.07
152.48
152.9
153.3
153.69
154.08
154.48
154.88
155.3
155.7
156.13
156.52
156.94
157.36
157.77
158.16
158.58
158.99
159.4
159.8
160.19
160.59
161.0
161.42
161.84
162.27
162.69
163.12
163.54
163.95
164.38
164.78
165.19
165.61
166.0
166.43
166.82
167.19
167.58
167.97
168.36
168.76
169.19
169.64
170.07
170.47
170.88
171.28
171.67
172.07
172.45
172.83
173.22
173.62
174.07
174.54
174.99
175.42
175.87
176.35
176.83
177.32
177.81
178.29
178.75
179.25
179.72
180.17
180.64
181.13
181.6
182.05
182.55
183.05
183.57
184.08
184.56
185.05
185.56
186.08
186.54
187.02
187.5
187.98
188.46
188.98
189.48
190.03
190.53
191.07
191.59
192.19
192.88
193.53
194.21
194.91
195.69
196.42
197.13
197.91
198.64
199.38
200.08
200.83
201.54
202.31
203.02
203.77
204.46
205.2
206.0
206.73
207.45
208.18
208.89
209.58
210.3
210.96
211.62
212.25
212.89
213.52
214.18
214.8
215.23
215.7
216.14
216.58
217.04
217.48
217.93
218.4
218.89
219.34
219.81
220.23
220.67
221.13
221.57
222.0
222.44
222.87
223.31
223.78
224.21
224.67
225.11
225.54
225.98
226.42
226.88
227.32
227.76
228.19
228.64
229.07
229.53
230.05
230.53
231.03
231.49
231.99
232.45
232.91
233.37
233.84
234.29
234.76
235.22
235.67
236.13
236.61
237.06
237.52
237.97
238.44
238.92
239.4
239.87
240.33
240.78
241.24
241.68
242.12
242.57
243.04
243.48
243.91
244.37
244.81
245.24
245.69
246.11
246.56
247.03
247.46
247.92
248.37
248.83
249.28
249.74
250.19
250.64
251.1
251.57
252.03
252.49
252.92
253.38
253.82
254.25
254.68
255.12
255.54
255.96
256.39
256.82
257.26
257.7
258.11
258.55
258.98
259.42
259.85
260.3
260.72
261.15
261.6
262.02
262.46
262.89
263.3
263.73
264.19
264.68
265.15
265.57
266.0
266.41
266.85
267.25
267.68
268.1
268.55
269.0
269.47
269.91
270.35
270.82
271.25
271.68
272.12
272.56
272.98
273.42
273.83
274.25
274.68
275.1
275.54
275.97
276.38
276.82
277.24
277.67
278.1
278.55
278.97
279.39
279.82
280.26
280.68
281.1
281.52
281.96
282.36
282.79
283.22
283.65
284.09
284.55
284.99
285.42
285.86
286.3
286.76
287.24
287.7
288.15
288.58
289.01
289.46
289.88
290.32
290.76
291.19
291.61
292.02
292.44
292.87
293.32
293.74
294.16
294.59
295.0
295.42
295.88
296.31
296.74
297.19
297.64
298.08
298.51
298.96
299.37
299.79
300.22
300.62
301.02
301.43
301.87
302.3
302.72
303.15
303.59
304.0
304.45
304.87
305.28
305.69
306.11
306.54
306.97
307.37
307.83
308.25
308.7
309.15
309.62
310.07
310.5
310.96
311.42
311.85
312.27
312.68
313.1
313.54
313.95
314.37
314.84
315.29
315.72
316.18
316.65
317.09
317.55
318.03
318.49
318.94
319.4
319.84
320.27
320.7
321.14
321.58
322.02
322.46
322.9
323.36
323.8
324.22
324.66
325.07
325.52
325.93
326.37
326.8
327.25
327.7
328.13
328.59
329.07
329.55
330.04
330.54
331.04
331.54
332.05
332.56
333.05
333.55
334.04
334.55
335.07
335.56
335.97
336.41
336.82
337.23
337.62
338.05
338.45
338.85
339.26
339.67
340.1
340.53
340.98
341.41
341.84
342.25
342.64
343.06
343.46
343.89
344.33
344.76
345.21
345.68
346.13
346.56
346.99
347.4
347.83
348.23
348.65
349.09
349.49
349.91
350.34
350.79
351.23
351.68
352.11
352.52
352.95
353.39
353.83
354.29
354.72
355.16
355.6
356.05
356.48
356.93
357.4
357.83
358.3
358.73
359.17
359.63
360.05
360.48
360.9
361.33
361.75
362.18
362.62
363.03
363.46
363.89
364.33
364.77
365.19
365.64
366.06
366.51
366.96
367.38
367.83
368.29
368.77
369.23
369.67
370.13
370.59
371.07
371.61
372.13
372.64
373.17
373.58
374.02
374.45
374.89
375.3
375.75
376.17
376.62
377.06
377.51
377.95
378.39
378.88
379.33
379.8
380.27
380.74
381.22
381.68
382.16
382.64
383.09
383.56
384.05
384.52
384.97
385.42
385.89
386.34
386.81
387.28
387.73
388.15
388.58
389.03
389.45
389.86
390.3
390.7
391.12
391.57
392.0
392.44
392.89
393.34
393.75
394.2
394.63
395.06
395.49
395.92
396.35
396.76
397.19
397.66
398.09
398.58
399.07
399.58
400.08
400.54
401.05
401.51
402.01
402.47
402.97
403.41
403.84
404.27
404.71
405.16
405.59
406.0
406.44
406.86
407.29
407.74
408.17
408.59
408.99
409.41
409.84
410.27
410.72
411.15
411.58
412.01
412.42
412.87
413.31
413.77
414.27
414.78
415.33
415.87
416.38
416.9
417.46
417.96
418.57
419.18
419.79
420.43
421.01
421.65
422.25
422.87
423.48
424.06
424.7
425.3
425.95
426.57
427.19
427.81
428.41
429.02
429.65
430.31
430.95
431.67
432.53
433.43
434.37
435.36
436.3
437.14
438.02
438.92
439.77
440.59
441.47
442.42
443.31
444.28
445.33
446.38
447.38
448.39
449.38
450.39
451.46
452.46
453.43
454.37
455.31
456.31
457.26
458.26
459.21
460.17
461.1
462.11
462.98
463.81
464.66
465.43
466.21
466.96
467.71
468.44
469.22
469.93
470.66
471.34
472.05
472.73
473.43
474.14
474.83
475.57
476.31
477.01
477.71
478.39
479.1
479.78
480.45
481.11
481.79
482.46
483.15
483.85
484.53
485.24
485.94
486.63
487.31
488.01
488.65
489.31
489.97
490.59
491.23
491.83
492.59
493.41
494.21
495.02
495.86
496.62
497.48
498.31
499.1
499.9
500.71
501.47
502.2
502.95
503.77
504.57
505.42
506.22
506.86
507.56
508.24
508.91
509.57
510.23
510.86
511.51
512.2
512.83
513.46
514.09
514.76
515.41
516.04
516.72
517.38
518.08
518.71
519.4
520.07
520.75
521.39
522.03
522.69
523.34
524.05
524.69
525.32
525.92
526.54
527.14
527.73
528.34
528.93
529.55
530.17
530.85
531.57
532.23
532.92
533.56
534.24
534.88
535.49
536.13
536.74
537.32
537.95
538.57
539.22
539.82
540.45
541.14
541.78
542.4
543.07
543.69
544.33
544.93
545.56
546.18
546.85
547.52
548.3
549.01
549.8
550.55
551.29
551.96
552.68
553.39
554.05
554.72
555.4
556.04
556.69
557.32
557.95
558.58
559.25
559.9
560.69
561.43
562.2
562.99
563.84
564.63
565.5
566.38
567.27
568.17
569.03
569.92
570.75
571.63
