2.71
5.4
8.1
11.01
13.91
16.96
20.25
23.94
28.09
32.28
36.67
41.0
44.43
48.07
51.81
55.35
58.68
62.46
66.21
69.98
73.54
77.37
80.79
83.55
86.27
88.65
90.58
92.46
94.33
96.18
98.0
99.74
101.37
103.04
104.68
106.27
107.87
109.45
110.95
112.59
114.32
116.11
117.77
119.45
121.11
122.87
124.65
126.27
127.91
129.54
131.14
132.66
134.17
135.73
137.44
139.16
140.75
142.41
144.08
145.86
147.55
149.12
150.77
152.47
154.08
155.69
157.35
158.98
160.58
162.26
163.95
165.6
167.17
168.76
170.47
172.06
173.62
175.42
177.31
179.25
181.13
183.03
185.03
186.95
188.97
191.09
193.52
196.41
199.37
202.26
205.19
208.18
210.96
212.65
214.37
216.13
217.93
219.8
221.56
223.3
225.1
226.87
228.63
230.52
232.45
234.28
236.12
237.96
239.86
241.67
243.48
245.24
247.02
248.82
250.63
252.48
254.25
255.95
257.69
259.41
261.15
262.88
264.68
266.4
268.07
269.91
271.68
273.41
275.1
276.81
278.54
280.25
281.95
283.63
285.41
287.24
289.0
290.72
292.44
294.16
295.88
297.64
299.36
301.01
302.71
304.45
306.11
307.82
309.63
311.4
313.1
314.83
316.67
318.55
320.26
322.0
323.78
325.5
327.25
329.06
331.01
333.05
334.71
336.4
338.04
339.67
341.4
343.06
344.76
346.56
348.22
349.9
351.67
353.38
355.15
356.93
358.73
360.47
362.18
363.88
365.63
367.37
369.22
371.06
373.16
374.88
376.62
378.38
380.26
382.16
384.05
385.88
387.72
389.44
391.11
392.89
394.62
396.32
398.08
400.08
402.0
403.83
405.58
407.29
408.98
410.72
412.42
414.26
416.37
418.57
420.99
423.52
425.99
428.41
430.94
434.36
438.01
441.46
445.32
449.37
453.41
457.25
460.46
463.8
466.95
469.92
472.72
475.56
478.38
481.1
483.84
486.63
489.31
492.58
495.8
499.1
502.19
505.41
508.24
510.86
513.46
516.04
518.7
521.38
524.04
526.53
528.92
531.56
534.23
536.75
539.21
541.77
544.31
546.84
549.79
552.67
555.39
557.94
560.68
563.83
566.96
