0.5
1.29
2.04
2.78
3.44
4.11
4.82
5.51
6.22
6.92
7.63
8.29
8.99
9.73
10.58
11.37
12.2
12.99
13.77
14.63
15.52
16.42
17.35
18.22
19.1
20.01
20.84
21.64
22.45
23.1
23.76
24.42
25.09
25.75
26.44
27.09
27.73
28.42
29.16
29.87
30.64
31.4
32.23
33.03
33.91
34.96
35.92
36.9
37.92
38.83
39.7
40.59
41.5
42.37
43.26
44.12
45.04
45.9
46.84
47.7
48.7
49.63
50.63
51.75
52.78
53.86
54.97
56.1
57.18
58.23
59.2
60.15
61.03
61.98
62.86
63.66
64.51
65.4
66.23
67.07
67.77
68.49
69.18
69.92
70.49
71.07
71.66
72.28
72.88
73.51
74.12
74.72
75.35
75.98
76.62
77.26
77.93
78.57
79.18
79.82
80.53
81.19
81.84
82.57
83.28
83.97
84.66
85.45
86.2
86.91
87.67
88.49
89.34
90.18
91.09
91.86
92.64
93.46
94.23
95.03
95.77
96.53
97.37
98.18
99.08
99.98
100.87
101.76
102.66
103.61
104.46
105.28
106.16
107.13
108.08
108.95
109.81
110.64
111.5
112.41
113.33
114.17
115.13
116.0
116.91
117.84
118.85
119.8
120.65
121.52
122.43
123.27
124.09
124.97
125.77
126.59
127.43
128.19
129.0
129.82
130.65
131.55
132.44
133.25
134.1
134.97
135.83
136.69
137.53
138.44
139.32
140.23
141.19
141.95
142.74
143.53
144.31
145.14
145.8
146.5
147.2
147.98
148.82
149.6
150.45
151.23
151.99
152.79
153.59
154.36
155.17
156.0
156.78
157.57
158.39
159.28
160.07
160.93
161.73
162.48
163.22
164.0
164.77
165.58
166.42
167.28
167.99
168.73
169.49
170.3
171.1
171.85
172.65
173.49
174.29
175.1
175.98
176.78
177.61
178.46
179.33
180.09
180.89
181.72
182.5
183.26
184.04
184.82
185.67
186.45
187.3
188.1
188.99
189.86
190.67
191.48
192.3
193.07
193.91
194.71
195.48
196.33
197.18
198.02
198.84
199.66
200.46
201.28
201.84
202.45
203.02
203.57
204.13
204.66
205.22
205.77
206.3
206.85
207.39
207.93
208.48
209.06
209.6
210.13
210.69
211.23
211.78
212.36
212.9
213.45
213.99
214.53
215.07
215.61
216.14
216.69
217.25
217.8
218.35
218.91
219.42
219.97
220.5
221.02
221.55
222.1
222.62
223.17
223.69
224.21
224.74
225.29
225.81
226.35
226.92
227.53
228.1
228.64
229.17
229.71
230.26
230.78
231.32
231.85
232.38
232.91
233.48
234.0
234.54
235.08
235.6
236.14
236.69
237.21
237.74
238.26
238.79
239.33
239.86
240.37
240.9
241.44
241.96
242.49
243.03
243.54
244.07
244.59
245.11
245.64
246.19
246.71
247.24
247.78
248.31
248.83
249.37
249.88
250.39
250.93
251.45
251.95
252.5
253.02
253.54
254.04
254.57
255.12
255.65
256.15
256.68
257.21
257.71
258.25
258.77
259.24
259.69
260.16
260.65
261.18
261.7
262.21
262.73
263.27
263.8
264.32
264.85
265.34
265.85
266.37
266.88
267.39
267.89
268.39
268.91
269.46
269.99
270.52
271.09
271.62
272.14
272.66
273.2
273.73
274.25
274.77
275.29
275.81
276.33
276.85
277.34
277.86
278.38
278.9
279.42
279.92
280.45
280.97
281.5
282.02
282.53
283.05
283.56
284.07
284.6
285.12
285.62
286.13
286.66
287.18
287.7
288.23
288.74
289.26
289.79
290.27
290.79
291.32
291.82
292.33
292.84
293.34
293.85
294.36
294.9
295.41
295.93
296.45
296.98
297.48
298.01
298.54
299.07
299.59
300.09
300.62
301.15
301.67
302.16
302.68
303.21
303.7
304.24
304.74
305.26
305.76
306.29
306.79
307.27
307.78
308.28
308.77
309.27
309.77
310.27
310.77
311.27
311.76
312.27
312.77
313.26
313.77
314.25
314.75
315.27
315.76
316.28
316.78
317.29
317.79
318.31
318.81
319.31
319.81
320.33
320.83
321.37
321.87
322.36
322.86
323.35
323.82
324.34
324.84
325.32
325.89
326.45
326.98
327.61
328.32
328.98
329.75
330.54
331.29
332.08
332.84
333.64
334.38
335.19
335.98
336.75
337.55
338.37
339.15
340.02
340.81
341.64
342.44
343.35
344.32
345.23
346.12
346.99
347.87
348.77
349.72
350.58
351.47
352.42
353.36
354.15
354.95
355.77
356.67
357.58
358.41
359.28
360.18
361.04
362.01
363.03
363.95
364.92
365.9
366.86
367.76
368.71
369.62
370.58
371.58
372.56
373.46
374.41
375.31
376.19
377.12
377.99
378.79
379.64
380.48
381.28
382.15
383.03
383.88
384.8
385.63
386.53
387.36
388.22
389.11
389.99
390.8
391.66
392.53
393.45
394.31
395.19
396.14
396.99
397.95
398.81
399.72
400.75
401.79
402.72
403.72
404.73
405.59
406.5
407.46
408.34
409.25
410.14
411.03
411.93
412.76
413.71
414.71
415.61
416.41
417.25
418.07
418.91
419.77
420.57
421.43
422.29
423.04
423.83
424.6
425.41
426.25
427.05
427.91
428.76
429.54
430.37
431.23
432.05
432.89
433.68
434.49
435.18
435.85
436.56
437.26
437.99
438.73
439.47
440.21
440.98
441.75
442.46
443.23
443.91
444.62
445.3
445.93
446.59
447.27
447.9
448.57
449.27
449.91
450.6
451.3
451.99
452.69
453.46
454.19
454.88
455.62
456.35
457.1
457.84
458.53
459.3
459.99
460.77
461.53
462.25
463.11
463.94
464.82
465.68
466.51
467.43
468.32
469.18
469.72
470.29
470.84
471.38
471.94
472.49
473.02
473.57
474.13
474.66
475.22
475.75
476.31
476.84
477.38
477.93
478.44
478.98
479.49
480.01
480.54
481.04
481.56
482.08
482.6
483.14
483.65
484.16
484.71
485.23
485.73
486.23
486.68
487.15
487.64
488.1
488.58
489.08
489.59
490.08
490.55
491.06
491.53
492.01
492.5
492.98
493.45
493.95
494.42
494.89
495.41
495.89
496.36
496.86
497.35
497.93
498.46
499.03
499.52
500.03
500.54
501.03
501.56
502.03
502.54
503.06
503.53
504.04
504.58
505.09
505.61
506.14
506.62
507.14
507.67
508.15
508.67
509.19
509.68
510.19
510.75
511.27
511.85
512.37
513.01
513.7
514.35
515.01
515.63
516.27
516.91
517.57
518.2
518.85
519.5
520.15
520.8
521.46
522.11
522.75
523.39
524.03
524.66
525.31
525.93
526.58
527.24
527.94
528.69
529.54
530.34
531.14
531.94
532.74
533.52
534.28
535.07
535.84
536.59
537.37
538.15
538.89
539.69
540.45
541.19
541.94
542.74
543.56
544.35
545.09
545.87
546.63
547.41
548.17
549.0
549.75
550.52
551.26
552.01
552.73
553.47
554.21
554.95
555.67
556.4
557.1
557.84
558.56
559.31
560.0
560.76
561.44
562.18
562.9
563.55
564.23
564.95
565.68
566.37
567.08
567.77
568.52
569.27
570.01
570.74
571.48
572.19
572.91
573.68
574.43
575.1
575.83
576.57
577.32
578.04
578.75
579.41
580.12
580.82
581.55
582.24
582.93
583.7
584.41
585.14
585.89
586.6
587.32
588.08
588.78
