2.46
5.51
8.29
11.37
14.62
17.38
20.0
22.49
25.08
27.74
30.63
33.91
36.9
39.45
42.37
45.46
48.78
52.78
57.18
60.99
63.64
66.38
69.18
71.65
74.12
76.62
79.18
81.84
84.66
87.65
91.08
94.22
97.35
100.87
104.45
107.74
111.09
114.6
118.42
122.43
125.77
129.0
132.43
135.82
139.31
142.73
145.94
149.22
152.41
155.59
158.83
162.46
165.57
168.72
171.85
175.1
178.44
181.71
184.81
188.1
192.21
196.33
199.65
202.44
204.65
206.84
209.04
211.21
213.44
215.61
217.77
219.97
222.1
224.2
226.34
228.64
230.78
232.9
235.07
237.2
239.32
241.44
243.53
245.63
247.52
249.62
251.69
253.78
255.9
257.99
260.13
262.21
264.32
266.37
268.38
270.51
272.65
274.76
276.84
278.89
280.96
283.05
285.12
287.17
289.26
291.32
293.33
295.41
297.48
299.57
301.66
303.7
305.76
307.78
309.76
311.75
313.76
315.75
317.78
319.8
321.87
323.82
325.88
328.31
331.29
334.38
337.54
340.81
344.3
348.18
351.93
355.76
359.28
363.02
366.85
370.58
374.4
377.99
381.27
384.78
388.21
391.65
395.18
398.92
402.71
406.49
410.13
413.71
417.25
420.57
423.82
427.04
430.34
433.65
436.55
439.46
442.45
445.27
447.89
450.6
453.46
456.35
459.3
462.25
465.67
469.17
471.38
473.57
475.75
477.92
480.01
482.08
484.15
486.23
488.1
490.08
492.0
493.94
495.88
497.89
500.02
502.02
504.03
506.13
508.14
510.18
512.11
513.91
515.61
517.33
519.07
520.8
522.54
524.25
525.92
527.94
531.12
534.27
537.37
540.45
543.56
546.63
549.74
552.72
555.66
558.56
561.44
564.43
567.07
570.0
572.9
575.82
578.74
581.55
584.4
