3.45
6.49
9.62
13.68
17.22
20.89
24.46
28.17
32.16
36.22
40.26
44.27
48.28
52.23
56.12
59.92
63.91
67.25
70.4
73.59
76.74
79.79
82.79
85.83
88.9
91.95
94.87
97.83
101.23
104.96
108.85
112.72
116.34
119.95
123.39
127.12
130.86
134.42
137.82
141.27
145.49
149.55
153.8
157.52
161.14
164.75
168.35
172.02
175.71
179.26
182.67
186.36
190.15
193.93
198.04
201.44
204.55
207.71
210.89
214.12
217.31
220.78
224.21
228.14
232.08
235.95
239.84
243.73
247.53
251.29
255.07
258.89
262.6
266.41
270.17
273.88
277.59
281.32
285.15
288.98
292.73
296.38
300.02
303.72
307.72
311.46
315.2
318.71
322.63
326.43
330.22
334.2
338.01
341.75
345.39
349.17
353.06
356.65
360.34
363.95
367.93
371.85
375.84
379.43
382.95
386.38
389.77
393.52
397.52
401.32
404.93
408.73
412.35
415.93
419.53
423.34
427.35
430.83
434.13
437.52
440.58
443.58
446.39
449.95
453.38
456.86
460.33
464.11
467.71
471.57
475.75
479.88
483.74
487.58
491.11
494.62
498.1
501.6
505.07
508.79
513.04
517.11
521.15
525.42
529.48
533.44
537.37
541.31
544.84
548.07
551.03
553.93
556.89
559.8
562.73
565.92
568.86
571.76
575.42
579.16
582.74
585.81
588.96
592.31
595.5
598.6
601.51
