0.56
1.3
2.04
2.74
3.48
4.23
5.01
5.73
6.49
7.23
8.03
8.82
9.63
10.45
11.21
12.01
12.81
13.7
14.59
15.42
16.32
17.22
18.18
19.09
20.0
20.9
21.76
22.66
23.61
24.47
25.37
26.26
27.25
28.18
29.17
30.2
31.21
32.17
33.23
34.2
35.17
36.23
37.26
38.18
39.16
40.11
40.99
41.97
42.9
43.82
44.71
45.76
46.73
47.77
48.81
49.8
50.69
51.58
52.49
53.43
54.36
55.22
56.15
57.05
58.05
58.96
59.93
60.95
61.96
62.89
63.92
64.95
65.75
66.49
67.26
68.09
68.88
69.63
70.42
71.21
72.04
72.83
73.61
74.37
75.15
75.93
76.74
77.49
78.25
79.01
79.8
80.53
81.31
82.04
82.78
83.56
84.33
85.08
85.82
86.58
87.37
88.13
88.9
89.62
90.36
91.05
91.78
92.53
93.24
93.99
94.77
95.57
96.33
97.13
97.87
98.71
99.54
100.43
101.24
102.06
103.03
103.92
104.96
105.93
106.92
107.84
108.87
109.86
110.81
111.74
112.73
113.73
114.57
115.5
116.35
117.24
118.14
119.07
119.96
120.88
121.7
122.62
123.44
124.4
125.28
126.17
127.13
128.0
128.91
129.85
130.82
131.74
132.61
133.56
134.43
135.25
136.08
136.95
137.82
138.74
139.6
140.41
141.28
142.29
143.44
144.44
145.5
146.55
147.6
148.57
149.6
150.67
151.69
152.69
153.76
154.75
155.66
156.56
157.53
158.44
159.3
160.23
161.15
162.06
162.94
163.88
164.76
165.62
166.54
167.42
168.36
169.31
170.22
171.1
172.03
172.99
173.87
174.79
175.72
176.75
177.72
178.73
179.66
180.67
181.7
182.63
183.66
184.66
185.47
186.37
187.32
188.24
189.18
190.16
191.15
192.02
192.94
193.93
194.9
195.94
197.04
198.05
199.08
199.89
200.69
201.45
202.23
203.03
203.79
204.55
205.33
206.14
206.91
207.73
208.55
209.35
210.15
210.91
211.71
212.51
213.31
214.15
214.92
215.75
216.55
217.32
218.12
218.9
219.64
220.4
221.2
221.95
222.69
223.49
224.22
224.89
225.58
226.23
226.88
227.54
228.16
228.84
229.49
230.15
230.82
231.47
232.09
232.73
233.37
234.03
234.65
235.31
235.96
236.58
237.24
237.85
238.5
239.16
239.85
240.51
241.2
241.84
242.47
243.1
243.74
244.4
245.05
245.69
246.3
246.94
247.55
248.21
248.84
249.45
250.08
250.7
251.3
251.9
252.5
253.14
253.81
254.44
255.08
255.75
256.39
257.03
257.66
258.29
258.9
259.5
260.1
260.73
261.38
261.99
262.62
263.25
263.91
264.53
265.17
265.8
266.42
267.03
267.67
268.29
268.93
269.56
270.18
270.8
271.43
272.06
272.66
273.28
273.88
274.49
275.14
275.73
276.36
276.98
277.6
278.25
278.88
279.5
280.09
280.72
281.33
281.95
282.58
283.22
283.9
284.55
285.19
285.88
286.51
287.11
287.74
288.37
288.99
289.6
290.23
290.85
291.48
292.1
292.73
293.36
294.0
294.6
295.19
295.79
296.39
297.03
297.63
298.22
298.8
299.4
300.02
300.65
301.26
301.87
302.5
303.14
303.73
304.33
304.95
305.52
306.12
306.74
307.4
308.01
308.65
309.26
309.89
310.52
311.15
311.8
312.44
313.06
313.69
314.29
314.9
315.5
316.09
316.7
317.25
317.83
318.43
319.03
319.66
320.25
320.81
321.4
322.01
322.64
323.26
323.9
324.52
325.18
325.79
326.44
327.04
327.67
328.3
328.97
329.61
330.23
330.87
331.5
332.21
332.92
333.59
334.22
334.83
335.46
336.09
336.73
337.4
338.03
338.64
339.28
339.92
340.54
341.15
341.76
342.35
342.97
343.55
344.15
344.78
345.39
346.01
346.72
347.49
348.26
349.04
349.8
350.51
351.3
352.05
352.76
353.51
354.28
355.05
355.79
356.55
357.26
358.01
358.76
359.54
360.36
361.16
361.91
362.74
363.58
364.36
365.22
366.11
367.04
367.96
368.87
369.85
370.8
371.86
372.83
373.82
374.8
375.85
376.74
377.66
378.61
379.48
380.41
381.34
382.32
383.27
384.18
385.07
386.01
386.78
387.6
388.49
389.32
390.23
391.17
392.02
392.92
393.86
394.74
395.62
396.58
397.55
398.44
399.42
400.42
401.33
402.19
403.1
404.02
404.94
405.87
406.72
407.6
408.46
409.25
410.15
411.03
411.94
412.82
413.68
414.61
415.45
416.37
417.33
418.25
419.17
420.05
420.96
421.94
422.86
423.88
424.94
425.94
426.88
427.92
428.77
429.69
430.57
431.47
432.41
433.26
434.14
435.0
435.86
436.68
437.54
438.48
439.36
440.21
441.16
442.12
443.2
444.23
445.38
446.41
447.56
448.64
449.61
450.56
451.46
452.44
453.39
454.32
455.19
456.0
456.87
457.73
458.55
459.43
460.33
461.3
462.2
463.13
464.11
465.01
465.88
466.77
467.7
468.66
469.66
470.66
471.58
472.61
473.65
474.75
475.76
476.86
477.88
478.85
479.9
480.89
481.83
482.8
483.76
484.73
485.74
486.69
487.6
488.46
489.36
490.23
491.13
492.02
492.87
493.74
494.63
495.52
496.43
497.24
498.12
498.98
499.85
500.7
501.62
502.46
503.38
504.21
505.09
505.95
506.88
507.72
508.81
509.85
510.89
511.98
513.06
514.07
515.1
516.15
517.14
518.12
519.12
520.16
521.17
522.27
523.32
524.38
525.42
526.45
527.51
528.52
529.49
530.42
531.36
532.38
533.45
534.42
535.37
536.35
537.38
538.37
539.35
540.32
541.31
542.25
543.11
543.98
544.86
545.71
546.54
547.33
548.09
548.86
549.59
550.32
551.04
551.76
552.5
553.22
553.93
554.65
555.38
556.13
556.92
557.65
558.38
559.07
559.81
560.57
561.28
562.0
562.73
563.47
564.29
565.13
565.92
566.63
567.39
568.12
568.87
569.56
570.29
571.04
571.76
572.5
573.28
574.01
574.75
575.43
576.15
576.85
577.6
578.31
578.99
579.69
580.43
581.23
582.01
582.76
583.52
584.31
585.07
585.82
586.59
587.35
588.1
588.97
589.81
590.59
591.42
592.3
593.08
593.94
594.75
595.5
596.26
597.03
597.87
598.63
599.53
600.34
601.22
602.07
602.89
603.79
604.64
