0.51
1.59
2.63
3.52
4.45
5.32
6.2
7.1
8.03
8.81
9.59
10.41
11.27
12.1
12.94
13.87
14.71
15.63
16.57
17.45
18.4
19.3
20.26
21.23
22.24
23.34
24.44
25.56
26.66
27.69
28.84
29.83
30.83
31.82
32.92
33.95
34.98
36.07
37.09
38.11
39.2
40.17
41.18
42.25
43.19
44.22
45.2
46.25
47.13
48.06
49.0
49.97
50.9
51.77
52.61
53.5
54.39
55.22
56.15
56.98
57.89
58.69
59.47
60.27
61.11
61.87
62.63
63.35
64.15
64.87
65.65
66.43
67.25
68.03
68.93
69.92
70.97
72.1
73.1
74.03
74.99
75.95
76.96
77.88
78.86
79.82
80.71
81.63
82.5
83.4
84.33
85.24
86.08
86.98
87.9
88.76
89.64
90.47
91.33
92.3
93.24
94.27
95.2
96.25
97.25
98.2
99.15
100.1
101.14
102.29
103.35
104.34
105.27
106.26
107.19
108.16
109.21
110.11
111.08
111.99
112.96
113.79
114.65
115.65
116.72
117.68
118.61
119.58
120.54
121.45
122.35
123.3
124.3
125.17
126.07
127.03
127.9
128.78
129.76
130.65
131.58
132.53
133.44
134.49
135.61
136.55
137.54
138.44
139.32
140.28
141.22
142.23
143.14
144.1
145.11
146.06
146.98
147.84
148.78
149.72
150.67
151.68
152.63
153.49
154.4
155.33
156.23
157.16
158.05
158.97
159.84
160.79
161.88
162.79
163.69
164.58
165.45
166.33
167.18
168.06
168.94
169.86
170.69
171.58
172.52
173.55
174.54
175.47
176.44
177.46
178.46
179.41
180.35
181.28
182.39
183.43
184.46
185.58
186.65
187.68
188.78
189.86
190.63
191.39
192.17
192.94
193.73
194.64
195.47
196.36
197.18
198.01
198.77
199.61
200.41
201.21
201.97
202.79
203.61
204.39
205.18
205.99
206.8
207.65
208.46
209.03
209.62
210.17
210.72
211.27
211.78
212.28
212.81
213.34
213.85
214.39
214.89
215.37
215.89
216.37
216.86
217.38
217.87
218.4
218.92
219.45
219.96
220.48
220.99
221.5
222.03
222.54
223.05
223.57
224.06
224.57
225.08
225.59
226.09
226.58
227.06
227.55
228.03
228.51
229.01
229.5
230.0
230.47
230.96
231.44
231.91
232.44
232.98
233.52
234.05
234.56
235.05
235.58
236.08
236.57
237.1
237.6
238.07
238.57
239.1
239.58
240.07
240.57
241.07
241.58
242.08
242.61
243.1
243.57
244.06
244.56
245.06
245.55
246.04
246.55
247.03
247.54
248.03
248.51
249.0
249.5
249.97
250.48
250.98
251.46
251.97
252.45
252.91
253.39
253.88
254.35
254.86
255.34
255.87
256.43
256.95
257.44
257.91
258.4
258.9
259.41
259.89
260.36
260.84
261.3
261.77
262.25
262.72
263.16
263.62
264.11
264.57
265.03
265.52
265.99
266.47
266.95
267.43
267.9
268.37
268.84
269.3
269.8
270.28
270.74
271.22
271.67
272.14
272.61
273.1
273.61
274.11
274.58
275.08
275.56
276.02
276.51
277.0
277.48
278.0
278.48
278.95
279.45
279.91
280.36
280.84
281.3
281.74
282.22
282.67
283.12
283.61
284.08
284.53
285.0
285.52
285.99
286.47
286.97
287.43
287.9
288.38
288.85
289.31
289.8
290.25
290.73
291.23
291.7
292.19
292.66
293.1
293.56
294.03
294.5
294.96
295.43
295.9
296.36
296.84
297.31
297.78
298.24
298.72
299.17
299.64
300.09
300.55
301.0
301.47
301.92
302.39
302.86
303.35
303.81
304.27
304.76
305.23
305.69
306.14
306.61
307.05
307.5
307.97
308.4
308.85
309.31
309.74
310.19
310.64
311.08
311.52
311.98
312.42
312.87
313.36
313.81
314.3
314.77
315.22
315.7
316.2
316.66
317.15
317.64
318.1
318.58
319.07
319.56
320.02
320.48
320.92
321.38
321.85
322.3
322.78
323.28
323.75
324.21
324.68
325.18
325.67
326.16
326.68
327.17
327.64
328.13
328.63
329.17
329.66
330.17
330.7
331.2
331.67
332.15
332.6
333.07
333.54
334.01
334.5
334.89
335.27
335.67
336.04
336.44
336.82
337.23
337.62
338.03
338.44
338.87
339.33
339.81
340.29
340.78
341.26
341.75
342.24
342.76
343.22
343.72
344.22
344.75
345.22
345.72
346.23
346.75
347.24
347.71
348.21
348.71
349.18
349.7
350.16
350.64
351.1
351.54
352.0
352.46
353.0
353.49
354.01
354.56
355.08
355.58
356.05
356.54
357.04
357.54
358.01
358.46
358.93
359.4
359.87
360.36
360.82
361.32
361.78
362.28
362.74
363.22
363.7
364.22
364.71
365.2
365.66
366.16
366.65
367.19
367.7
368.19
368.71
369.2
369.71
370.25
370.76
371.22
371.71
372.18
372.66
373.15
373.64
374.11
374.56
375.01
375.48
375.93
376.41
376.89
377.34
377.81
378.3
378.76
379.2
379.68
380.13
380.59
381.04
381.5
381.96
382.45
382.99
383.47
384.0
384.49
385.02
385.51
386.04
386.53
387.0
387.47
387.95
388.43
388.93
389.41
389.89
390.35
390.83
391.31
391.85
392.33
392.85
393.36
393.86
394.32
394.78
395.26
395.7
396.16
396.62
397.1
397.56
398.02
398.46
398.92
399.4
399.87
400.37
400.83
401.31
401.79
402.31
402.78
403.28
403.75
404.19
404.65
405.11
405.57
406.07
406.6
407.17
407.7
408.21
408.7
409.17
409.68
410.16
410.63
411.11
411.58
412.07
412.59
413.11
413.66
414.17
414.65
415.14
415.65
416.18
416.72
417.23
417.7
418.18
418.65
419.14
419.63
420.11
420.57
421.05
421.53
422.01
422.51
422.97
423.43
423.89
424.35
424.83
425.28
425.73
426.2
426.66
427.11
427.6
428.07
428.52
428.99
429.48
429.96
430.43
430.93
431.39
431.9
432.43
432.97
433.49
433.99
434.52
435.03
435.71
436.44
437.1
437.8
438.58
439.34
440.12
440.88
441.68
442.39
443.13
443.91
444.65
445.32
446.04
446.75
447.43
448.07
448.77
449.44
450.15
450.88
451.59
452.33
453.04
453.73
454.43
455.15
455.91
456.6
457.25
457.96
458.63
459.32
460.06
460.78
461.49
462.16
462.95
463.75
464.57
465.44
466.26
467.15
467.99
468.83
469.65
470.57
471.46
472.38
473.26
474.15
475.05
475.95
476.81
477.64
478.51
479.41
480.29
481.16
482.03
482.87
483.71
484.26
484.8
485.36
485.92
486.47
487.04
487.62
488.17
488.72
489.27
489.79
490.34
490.85
491.39
491.91
492.41
492.91
493.45
493.94
494.45
494.96
495.48
495.96
496.47
496.99
497.48
497.97
498.46
498.93
499.41
499.92
500.41
500.9
501.38
501.86
502.36
502.84
503.34
503.89
504.39
504.9
505.46
506.01
506.53
507.08
507.59
508.08
508.6
509.14
509.66
510.17
510.69
511.16
511.65
512.13
512.69
513.19
513.75
514.3
514.86
515.4
515.95
516.48
517.01
517.56
518.09
518.58
519.11
519.65
520.19
520.71
521.24
521.8
522.31
522.85
523.49
524.09
524.68
525.31
525.91
526.54
527.2
527.9
528.66
529.34
530.01
530.66
531.29
531.89
532.47
533.04
533.63
534.24
534.85
535.46
536.06
536.67
537.26
537.83
538.41
538.95
539.52
540.13
540.75
541.41
542.05
542.67
543.33
543.96
544.6
545.23
545.85
546.45
547.06
547.65
548.28
548.89
549.5
550.07
550.64
551.19
551.79
552.42
553.02
553.59
554.19
554.75
555.33
555.93
556.56
557.19
557.81
558.42
559.0
559.64
560.31
560.97
561.6
562.25
562.91
563.53
564.14
564.75
565.38
566.0
566.6
567.19
567.82
568.43
569.01
569.62
570.23
570.83
571.42
572.0
572.64
573.29
573.89
574.52
575.17
575.78
576.41
577.07
