0.5
4.74
8.81
12.94
16.56
20.26
24.43
27.96
31.82
36.05
40.32
44.21
48.06
51.76
55.23
58.68
61.94
65.64
69.46
73.09
76.88
80.7
84.32
87.89
91.33
95.2
99.13
102.94
106.7
110.59
114.64
118.61
122.34
126.06
129.76
133.44
137.53
141.22
145.07
148.77
152.61
156.22
159.84
163.68
167.19
170.67
174.53
178.45
182.37
186.64
190.62
193.71
197.17
200.42
203.6
206.79
210.16
212.27
214.38
216.36
218.39
220.48
222.54
224.57
226.59
228.51
230.47
232.43
234.55
236.57
238.56
240.57
242.6
244.55
246.54
248.5
250.48
252.43
254.33
256.42
258.39
260.34
262.25
264.1
265.98
267.9
269.79
271.67
273.6
275.55
277.47
279.44
281.29
283.12
285.01
286.95
288.84
290.72
292.65
294.49
296.35
298.23
300.09
301.91
303.8
305.69
307.49
309.3
311.08
312.86
314.76
316.65
318.57
320.47
322.29
324.2
326.16
328.12
330.14
331.87
333.57
335.26
336.81
338.44
340.28
342.2
344.19
346.22
348.2
350.16
351.99
354.0
356.04
358.0
359.86
361.78
363.7
365.66
367.69
369.7
371.69
373.63
375.48
377.34
379.2
381.03
382.97
385.01
387.0
388.92
390.82
392.84
394.77
396.62
398.45
400.34
402.29
404.18
406.06
408.2
410.16
412.02
413.77
415.55
417.23
419.14
421.04
422.97
424.82
426.66
428.51
430.42
432.41
434.52
436.97
440.11
443.13
446.02
448.75
451.58
454.42
457.57
461.49
465.43
468.82
472.37
475.94
479.4
482.86
486.19
488.71
490.84
492.9
494.95
496.98
498.92
500.89
502.83
504.89
507.07
509.13
511.15
513.34
515.83
518.57
521.43
524.25
526.88
529.37
531.87
534.23
536.67
538.94
541.4
543.95
546.44
548.88
551.2
553.59
555.92
558.42
560.97
563.53
565.99
568.42
570.83
573.32
