0.51
1.37
2.26
3.18
4.11
5.0
5.82
6.68
7.54
8.43
9.2
9.98
10.78
11.59
12.36
13.12
13.85
14.66
15.4
16.2
17.02
17.79
18.57
19.36
20.1
20.88
21.72
22.52
23.31
24.07
24.8
25.53
26.31
27.11
27.94
28.72
29.52
30.31
31.19
31.99
32.81
33.65
34.54
35.33
36.16
36.99
37.86
38.64
39.52
40.34
41.1
41.94
42.7
43.5
44.38
45.3
46.16
47.07
47.95
48.9
49.88
50.86
51.83
52.77
53.73
54.62
55.55
56.47
57.45
58.36
59.24
60.2
61.06
62.14
63.2
64.32
65.36
66.46
67.44
68.45
69.46
70.46
71.41
72.32
73.2
74.04
74.86
75.77
76.68
77.57
78.44
79.21
79.99
80.79
81.53
82.31
83.09
83.88
84.71
85.47
86.3
87.07
87.92
88.74
89.54
90.41
91.24
92.14
93.12
94.06
94.87
95.62
96.43
97.2
98.02
98.82
99.68
100.54
101.46
102.42
103.34
104.15
105.01
105.95
106.79
107.73
108.63
109.48
110.41
111.27
112.17
113.08
114.01
114.84
115.69
116.55
117.4
118.28
119.06
119.82
120.6
121.47
122.35
123.18
124.02
124.85
125.71
126.53
127.35
128.18
129.04
129.91
130.74
131.53
132.44
133.36
134.21
135.01
135.86
136.72
137.59
138.45
139.27
140.16
141.15
142.0
142.83
143.65
144.47
145.23
145.95
146.8
147.66
148.45
149.26
150.11
150.93
151.76
152.64
153.5
154.37
155.14
155.94
156.72
157.66
158.52
159.42
160.28
161.24
162.23
163.17
164.04
165.0
165.87
166.72
167.63
168.51
169.38
170.3
171.15
172.07
173.09
174.03
175.02
176.04
176.97
177.89
178.84
179.81
180.69
181.63
182.42
183.12
183.82
184.52
185.25
185.95
186.69
187.4
188.17
188.9
189.76
190.57
191.4
192.17
193.02
193.8
194.61
195.41
196.24
197.07
197.88
198.44
199.05
199.64
200.17
200.73
201.28
201.81
202.34
202.88
203.42
203.96
204.48
205.01
205.56
206.07
206.61
207.12
207.66
208.18
208.73
209.25
209.78
210.32
210.86
211.41
211.95
212.51
213.03
213.58
214.11
214.64
215.2
215.74
216.26
216.8
217.31
217.82
218.36
218.88
219.41
219.94
220.46
221.02
221.57
222.12
222.67
223.26
223.89
224.49
225.06
225.63
226.2
226.76
227.34
227.89
228.49
229.03
229.58
230.15
230.73
231.28
231.83
232.37
232.9
233.47
234.01
234.55
235.12
235.66
236.22
236.78
237.34
237.9
238.45
239.02
239.58
240.12
240.66
241.21
241.77
242.33
242.84
243.39
243.94
244.47
245.01
245.56
246.11
246.65
247.2
247.73
248.28
248.82
249.35
249.89
250.44
250.98
251.52
252.07
252.61
253.16
253.7
254.25
254.82
255.39
255.93
256.49
257.05
257.61
258.15
258.7
259.26
259.82
260.36
260.89
261.43
261.99
262.52
263.05
263.58
264.12
264.66
265.22
266.02
266.83
267.66
268.46
269.32
270.16
270.98
271.84
272.67
273.51
274.38
275.25
276.11
276.93
277.77
278.58
279.41
280.24
281.06
281.9
282.75
283.6
284.44
285.25
286.06
286.92
287.75
288.56
289.36
290.23
291.05
291.87
292.68
293.24
293.83
294.37
294.93
295.49
296.05
296.6
297.14
297.67
298.22
298.76
299.29
299.83
300.38
300.92
301.46
302.02
302.55
303.1
303.66
304.22
304.78
305.31
305.87
306.39
306.94
307.48
308.02
308.56
309.1
309.64
310.18
310.76
311.29
311.85
312.37
312.9
313.47
314.01
314.52
315.11
315.67
316.27
316.85
317.41
317.94
318.51
319.06
319.63
320.23
320.79
321.33
321.89
322.45
323.03
323.65
324.23
324.79
325.37
325.93
326.51
327.09
327.66
328.26
328.89
329.48
330.06
330.68
331.29
331.85
332.43
333.0
333.6
334.17
334.74
335.34
335.94
336.58
337.22
337.85
338.62
339.41
340.14
340.9
341.7
342.42
343.18
343.96
344.79
345.66
346.55
347.49
348.48
349.29
350.1
350.9
351.71
352.58
353.38
354.17
355.04
355.81
356.72
357.62
358.68
359.7
360.69
361.72
362.67
363.68
364.62
365.68
366.64
367.62
368.67
369.65
370.59
371.49
372.37
373.3
374.17
375.18
376.12
377.05
378.04
378.99
379.98
380.78
381.64
382.51
383.33
384.19
385.07
386.02
386.92
387.88
388.84
389.81
390.76
391.72
392.76
393.89
394.93
396.08
397.0
397.95
398.88
399.76
400.66
401.6
402.51
403.37
404.16
405.03
405.92
406.78
407.66
408.28
408.87
409.42
410.0
410.61
411.15
411.68
412.23
412.81
413.34
413.84
414.37
414.93
415.43
415.93
416.44
416.94
417.48
417.97
418.48
419.02
419.55
420.04
420.55
421.03
421.56
422.05
422.52
423.02
423.49
423.98
424.47
424.94
425.41
425.89
426.37
426.85
427.35
427.83
428.29
428.79
429.26
429.72
430.19
430.63
431.1
431.55
431.99
432.44
432.88
433.4
433.95
434.48
434.93
435.37
435.81
436.25
436.71
437.14
437.59
438.09
438.59
439.06
439.55
440.06
440.59
441.14
441.64
442.18
442.76
443.29
443.84
444.41
444.93
445.53
446.12
446.7
447.25
447.99
448.79
449.54
450.34
451.14
451.92
452.69
453.37
454.03
454.72
455.44
456.12
456.82
457.56
458.29
459.04
459.82
460.56
461.28
461.98
462.72
463.4
464.14
464.81
465.46
466.14
466.78
467.45
468.13
468.75
469.42
470.13
470.76
471.43
472.13
472.83
473.61
474.44
475.24
476.05
476.88
477.76
478.54
479.41
480.22
481.01
481.84
482.67
483.5
484.05
484.57
485.12
485.69
486.24
486.78
487.33
487.9
488.44
488.98
489.54
490.1
490.63
491.21
491.79
492.35
492.96
493.52
494.08
494.65
495.21
495.76
496.32
496.88
497.43
497.98
498.57
499.14
499.72
500.25
500.79
501.36
501.91
502.45
503.01
503.56
504.09
504.64
505.16
505.69
506.23
506.79
507.31
507.83
508.35
508.89
509.42
509.93
510.45
510.98
511.51
512.02
512.52
513.04
513.59
514.09
514.6
515.13
515.64
516.16
516.63
517.07
517.52
517.97
518.47
519.0
519.57
520.13
520.64
521.18
521.73
522.23
522.8
523.35
523.9
524.44
525.01
525.55
526.12
526.69
527.25
527.81
528.39
528.97
529.56
530.15
530.77
531.43
532.05
532.61
533.19
533.79
534.36
534.93
535.48
536.07
536.63
537.2
537.75
538.28
538.8
539.35
539.86
540.4
540.88
541.42
541.92
542.42
543.04
543.72
544.4
545.01
545.66
546.26
547.05
547.87
548.64
549.39
550.13
550.83
551.55
552.27
553.01
553.71
554.41
555.09
555.79
556.5
557.28
558.0
558.69
559.38
560.08
560.76
561.46
562.16
562.89
563.6
564.3
565.01
565.69
566.35
567.05
567.75
568.46
569.14
569.87
570.59
571.23
571.88
572.59
573.32
574.05
574.72
575.39
576.06
576.79
577.49
578.13
578.82
579.54
580.21
580.92
581.58
582.32
583.03
583.73
584.45
585.18
585.9
586.6
587.32
587.99
588.69
589.39
590.12
590.9
591.63
592.37
593.1
593.8
594.59
595.34
596.07
596.84
597.63
598.41
599.16
599.95
600.69
601.49
602.26
603.06
