3.45
6.63
9.19
11.58
13.85
16.2
18.56
20.89
23.3
25.54
27.93
30.55
33.73
36.99
40.29
43.49
46.6
49.88
52.77
55.55
58.35
61.04
63.77
66.45
69.46
72.31
74.87
77.5
79.98
82.52
85.24
87.91
90.4
93.12
95.61
98.01
100.53
102.94
105.46
108.18
110.81
113.6
116.07
118.89
121.46
124.01
126.53
129.04
131.52
134.37
136.72
139.26
142.0
144.46
146.79
149.25
151.75
154.36
156.75
159.41
162.22
164.99
167.62
170.3
173.08
176.03
178.84
181.62
184.51
187.4
190.56
193.01
195.4
197.87
200.45
202.87
204.47
206.07
207.65
209.24
210.85
212.5
214.1
215.73
217.3
218.88
220.45
222.11
223.88
225.62
227.33
229.03
230.72
232.37
234.0
235.66
237.33
239.01
240.65
242.32
243.92
245.55
247.2
248.82
250.43
252.06
253.69
255.38
257.04
258.7
260.36
261.99
263.58
265.21
267.64
269.31
270.97
272.67
274.37
276.1
277.77
279.4
281.05
282.75
284.43
286.06
287.75
289.35
291.04
292.68
294.37
296.04
297.66
299.28
300.92
302.54
304.21
305.86
307.47
309.1
310.75
312.37
314.01
315.66
317.69
320.22
322.75
325.37
327.96
330.67
333.22
335.93
338.8
341.43
343.95
346.54
349.56
352.2
354.6
357.17
359.8
362.66
365.74
368.66
371.75
374.76
377.51
380.29
383.02
386.02
388.84
391.72
394.92
397.94
400.65
403.33
405.92
408.61
410.62
412.24
413.85
415.42
416.91
418.47
420.03
421.52
423.01
424.44
425.88
427.34
428.78
430.18
431.54
432.88
434.48
435.8
437.13
438.58
440.04
441.64
443.28
444.92
446.68
448.79
451.04
453.36
456.11
459.04
461.97
464.8
467.44
470.12
472.82
475.23
477.76
480.21
482.66
485.11
486.78
488.43
490.09
491.79
493.52
495.2
496.87
498.56
500.25
501.91
503.55
505.15
506.78
508.35
509.92
511.51
513.04
514.59
516.15
517.95
519.56
521.17
522.79
524.44
526.11
527.8
529.55
531.44
533.78
536.07
538.27
540.39
542.41
544.4
546.23
547.85
549.38
550.82
552.27
553.71
555.09
556.49
558.0
560.07
562.15
564.29
566.34
568.45
570.59
572.57
574.71
576.79
578.84
580.91
583.02
585.17
587.31
589.39
591.62
593.8
595.82
597.85
599.77
