0.49
2.39
4.48
6.9
9.45
11.98
14.48
17.0
19.42
21.98
24.57
27.19
29.88
32.74
35.67
38.42
41.3
44.45
47.95
51.65
55.75
59.45
63.01
66.0
68.9
72.39
75.65
78.72
81.91
85.26
88.53
91.7
95.11
98.6
102.25
106.17
110.41
114.07
117.95
122.09
126.26
130.38
134.22
137.88
141.8
146.0
150.3
153.68
157.33
161.45
165.51
169.2
173.03
176.91
180.62
184.46
188.5
192.47
196.5
200.86
204.9
208.75
212.68
216.64
220.61
223.91
226.92
229.96
232.77
234.93
236.95
238.89
240.88
242.87
244.85
246.85
248.88
250.85
252.79
254.7
256.62
258.58
260.61
262.68
264.69
266.75
268.91
270.98
272.97
274.95
276.95
278.92
280.99
283.04
285.08
287.09
289.16
291.08
292.88
294.81
296.72
298.65
300.75
302.78
304.78
306.8
308.73
310.71
312.85
314.76
316.68
318.69
320.68
322.76
324.83
326.84
328.86
330.98
333.18
335.28
337.27
339.34
341.28
343.18
345.21
347.29
349.31
351.32
353.36
355.6
358.28
361.53
365.19
368.53
371.64
374.75
377.95
381.27
384.51
388.18
392.16
396.52
400.85
405.17
409.4
413.47
415.76
417.76
419.76
421.89
424.2
426.41
428.62
430.76
432.87
435.1
437.28
439.46
441.69
444.08
446.47
448.64
450.74
452.92
455.29
457.48
459.69
461.83
463.86
465.82
467.99
469.99
471.99
473.94
475.9
478.03
480.38
482.77
485.63
488.53
491.83
495.24
499.1
503.06
507.21
511.5
515.55
519.28
523.09
526.94
530.43
533.36
535.64
537.79
539.85
542.04
544.11
546.09
548.13
550.11
552.12
554.13
556.05
557.98
559.85
561.65
563.52
565.43
567.39
569.36
571.21
572.97
574.66
576.38
578.26
580.2
582.28
584.48
587.25
590.18
592.95
595.61
598.17
600.78
603.64
606.55
609.4
612.2
614.91
617.73
620.64
623.35
626.1
629.06
631.87
634.85
637.52
640.25
642.92
