0.5
1.15
1.85
2.49
3.14
3.83
4.48
5.06
5.67
6.28
6.91
7.51
8.16
8.82
9.46
10.1
10.71
11.37
11.98
12.62
13.24
13.83
14.46
15.09
15.72
16.36
17.01
17.62
18.23
18.81
19.42
20.09
20.73
21.34
21.99
22.66
23.3
23.94
24.58
25.23
25.92
26.57
27.2
27.87
28.5
29.22
29.89
30.62
31.32
32.08
32.8
33.51
34.21
34.97
35.68
36.46
37.11
37.76
38.43
39.13
39.78
40.49
41.3
42.11
42.9
43.69
44.46
45.3
46.19
47.01
47.96
48.85
49.82
50.69
51.66
52.67
53.75
54.74
55.75
56.85
57.86
58.97
60.0
60.96
62.0
63.01
64.13
65.23
66.1
67.02
67.91
68.87
69.71
70.62
71.51
72.39
73.11
73.73
74.4
74.93
75.49
76.08
76.61
77.18
77.76
78.27
78.77
79.29
79.84
80.33
80.88
81.41
81.92
82.44
83.0
83.51
84.07
84.64
85.2
85.76
86.3
86.88
87.41
88.0
88.54
89.11
89.59
90.05
90.55
91.01
91.51
91.97
92.47
92.92
93.35
93.8
94.23
94.68
95.12
95.55
96.0
96.46
96.92
97.37
97.78
98.2
98.61
99.05
99.46
99.9
100.35
100.82
101.31
101.76
102.25
102.72
103.17
103.64
104.14
104.63
105.15
105.69
106.19
106.71
107.26
107.75
108.19
108.62
109.06
109.5
109.95
110.42
110.92
111.41
111.88
112.38
112.93
113.5
114.05
114.53
115.0
115.47
115.96
116.44
116.97
117.48
117.97
118.51
118.99
119.46
119.95
120.48
121.04
121.57
122.12
122.69
123.23
123.74
124.24
124.78
125.26
125.78
126.28
126.76
127.26
127.77
128.32
128.85
129.39
129.9
130.4
130.95
131.45
131.96
132.42
132.86
133.32
133.78
134.24
134.72
135.17
135.62
136.05
136.5
136.97
137.44
137.89
138.37
138.89
139.37
139.85
140.31
140.79
141.28
141.81
142.33
142.83
143.32
143.85
144.43
145.02
145.55
146.09
146.61
147.12
147.68
148.21
148.74
149.26
149.79
150.31
150.85
151.42
152.0
152.61
153.19
153.71
154.27
154.84
155.36
155.88
156.38
156.88
157.36
157.88
158.39
158.86
159.38
159.86
160.38
160.91
161.45
161.96
162.47
162.96
163.46
163.97
164.52
165.04
165.52
165.99
166.48
167.03
167.59
168.1
168.64
169.21
169.67
170.16
170.63
171.08
171.56
172.03
172.49
173.04
173.64
174.22
174.81
175.44
175.93
176.41
176.92
177.43
177.9
178.34
178.8
179.27
179.74
180.2
180.66
181.1
181.58
182.04
182.51
182.99
183.46
183.97
184.47
184.97
185.48
185.95
186.46
186.95
187.46
187.99
188.5
189.0
189.52
190.05
190.58
191.05
191.53
192.0
192.48
192.99
193.46
193.97
194.48
195.01
195.5
195.98
196.5
197.0
197.5
198.07
198.65
199.23
199.79
200.31
200.87
201.43
201.96
202.57
203.19
203.79
204.36
204.96
205.6
206.22
206.85
207.51
208.14
208.77
209.4
210.0
210.63
211.29
211.94
212.69
213.53
214.34
215.14
215.93
216.75
217.61
218.33
219.09
219.85
220.62
221.37
222.16
222.95
223.75
224.53
225.36
226.12
226.93
227.73
228.47
229.25
229.97
230.73
231.52
232.25
232.78
233.35
233.88
234.4
234.93
235.46
235.97
236.47
236.96
237.44
237.93
238.4
238.89
239.39
239.89
240.39
240.89
241.38
241.85
242.35
242.88
243.37
243.87
244.37
244.85
245.37
245.86
246.36
246.86
247.35
247.86
248.38
248.89
249.42
249.9
250.37
250.86
251.36
251.84
252.33
252.8
253.27
253.75
254.24
254.71
255.19
255.69
256.14
256.63
257.08
257.55
258.07
258.59
259.1
259.61
260.11
260.61
261.12
261.61
262.13
262.68
263.2
263.68
264.19
264.7
265.21
265.74
266.25
266.76
267.25
267.79
268.34
268.92
269.46
269.98
270.49
270.99
271.49
271.98
272.47
272.97
273.47
273.95
274.47
274.96
275.45
275.95
276.44
276.96
277.45
277.94
278.42
278.92
279.4
279.85
280.34
280.79
281.28
281.77
282.3
282.79
283.3
283.83
284.31
284.83
285.34
285.82
286.32
286.84
287.34
287.84
288.35
288.86
289.39
289.9
290.38
290.85
291.34
291.85
292.37
292.87
293.34
293.82
294.34
294.81
295.31
295.79
296.25
296.72
297.16
297.62
298.12
298.65
299.17
299.68
300.22
300.76
301.29
301.8
302.29
302.78
303.28
303.81
304.31
304.79
305.29
305.78
306.3
306.8
307.29
307.78
308.27
308.74
309.23
309.72
310.22
310.71
311.21
311.68
312.13
312.61
313.1
313.59
314.11
314.67
315.22
315.69
316.19
316.69
317.2
317.7
318.19
318.7
319.18
319.66
320.18
320.7
321.26
321.79
322.28
322.78
323.29
323.82
324.32
324.83
325.35
325.86
326.36
326.85
327.34
327.86
328.36
328.87
329.37
329.91
330.43
330.99
331.52
332.05
332.6
333.19
333.8
334.29
334.79
335.29
335.78
336.26
336.76
337.28
337.82
338.33
338.84
339.34
339.83
340.3
340.8
341.29
341.75
342.23
342.73
343.19
343.69
344.21
344.7
345.22
345.73
346.24
346.79
347.3
347.8
348.32
348.84
349.32
349.84
350.33
350.83
351.32
351.81
352.33
352.85
353.37
353.94
354.47
355.0
355.61
356.21
356.88
357.54
358.29
359.03
359.8
360.67
361.54
362.42
363.36
364.21
365.19
366.18
367.12
368.17
369.1
370.13
371.08
372.11
373.17
373.93
374.79
375.57
376.4
377.16
377.97
378.76
379.62
380.51
381.36
382.0
382.55
383.15
383.72
384.28
384.88
385.41
385.97
386.53
387.12
387.67
388.19
388.72
389.26
389.84
390.43
391.03
391.61
392.16
392.7
393.27
393.84
394.35
394.92
395.42
395.98
396.51
397.01
397.54
398.07
398.62
399.2
399.75
400.27
400.85
401.37
401.93
402.49
403.02
403.55
404.1
404.63
405.18
405.74
406.31
406.86
407.39
407.92
408.41
408.91
409.42
409.96
410.47
410.95
411.45
411.97
412.46
412.97
413.47
413.92
414.35
414.8
415.27
415.77
416.3
416.78
417.3
417.77
418.27
418.75
419.24
419.76
420.26
420.83
421.34
421.9
422.44
423.02
423.63
424.2
424.77
425.31
425.86
426.42
426.97
427.55
428.09
428.63
429.18
429.73
430.23
430.76
431.29
431.83
432.37
432.88
433.43
434.01
434.56
435.11
435.66
436.19
436.73
437.28
437.83
438.41
438.95
439.46
440.0
440.54
441.15
441.72
442.28
442.86
443.46
444.07
444.71
445.29
445.86
446.45
447.07
447.6
448.1
448.65
449.17
449.69
450.25
450.75
451.29
451.86
452.39
452.93
453.51
454.09
454.71
455.3
455.83
456.37
456.93
457.49
458.05
458.57
459.1
459.67
460.21
460.75
461.26
461.81
462.4
463.0
463.55
464.16
464.72
465.32
465.83
466.35
466.88
467.41
467.97
468.48
468.98
469.47
469.99
470.47
470.97
471.47
472.0
472.48
472.96
473.45
473.95
474.46
474.95
475.43
475.9
476.39
476.94
477.47
478.05
478.66
479.23
479.79
480.38
480.96
481.55
482.19
482.78
483.48
484.18
484.93
485.64
486.35
487.05
487.81
488.85
489.87
490.85
491.84
492.87
493.85
494.91
495.93
497.03
498.08
499.11
500.19
501.23
502.17
503.09
504.15
505.14
506.16
507.22
508.26
509.37
510.48
511.51
512.51
513.58
514.6
515.55
516.57
517.63
518.66
519.65
520.67
521.62
522.62
523.58
524.38
525.25
526.13
526.94
527.9
528.79
529.64
530.44
531.23
532.05
532.8
533.37
533.99
534.57
535.12
535.65
536.19
536.73
537.26
537.79
538.31
538.82
539.33
539.86
540.4
540.97
541.53
542.05
542.56
543.08
543.6
544.11
544.6
545.09
545.59
546.1
546.59
547.11
547.61
548.14
548.64
549.13
549.63
550.11
550.6
551.08
551.59
552.13
552.64
553.13
553.61
554.13
554.6
555.1
555.58
556.06
556.54
557.01
557.5
557.99
558.45
558.92
559.4
559.85
560.33
560.8
561.24
561.66
562.1
562.55
563.03
563.53
564.01
564.48
564.97
565.44
565.91
566.41
566.93
567.41
567.94
568.43
568.88
569.37
569.84
570.29
570.77
571.22
571.66
572.09
572.55
572.98
573.41
573.85
574.26
574.69
575.12
575.68
576.21
576.75
577.45
578.17
579.07
579.93
580.86
581.72
582.65
583.59
584.48
585.33
586.19
587.12
587.97
588.72
589.47
590.19
590.9
591.62
592.29
592.96
593.64
594.29
594.96
595.61
596.26
596.91
597.53
598.18
598.8
599.41
600.04
600.79
601.53
602.26
602.96
603.64
604.35
605.05
605.83
606.56
607.28
607.95
608.66
609.4
610.15
610.82
611.51
612.22
612.9
613.54
614.2
614.91
615.64
616.33
617.02
617.73
618.43
619.19
619.9
620.65
621.35
622.17
622.92
623.74
624.54
625.36
626.11
626.84
627.6
628.31
629.06
629.81
630.49
631.18
631.88
632.62
633.39
634.14
634.87
635.6
636.35
637.12
637.87
638.56
639.27
639.94
640.64
641.36
642.11
642.93
643.67
644.47
645.26
646.04
