0.35
0.96
1.54
2.14
2.7
3.29
3.89
4.51
5.11
5.68
6.29
6.91
7.49
8.08
8.72
9.35
9.97
10.64
11.27
11.92
12.54
13.12
13.73
14.35
14.94
15.52
16.17
16.81
17.44
18.04
18.69
19.34
19.96
20.59
21.24
21.91
22.54
23.14
23.76
24.4
25.02
25.61
26.22
26.81
27.44
28.04
28.63
29.23
29.87
30.55
31.2
31.9
32.54
33.14
33.73
34.34
34.98
35.57
36.13
36.73
37.34
37.91
38.5
39.13
39.73
40.33
40.9
41.5
42.13
42.7
43.26
43.85
44.48
45.07
45.66
46.28
46.87
47.5
48.14
48.73
49.38
49.99
50.59
51.23
51.85
52.45
53.04
53.65
54.25
54.81
55.38
55.97
56.58
57.17
57.77
58.35
58.93
59.52
60.12
60.78
61.38
62.04
62.61
63.2
63.79
64.34
64.92
65.49
66.1
66.68
67.31
67.96
68.61
69.26
69.91
70.54
71.14
71.75
72.39
72.96
73.56
74.13
74.71
75.29
75.87
76.46
77.06
77.66
78.24
78.82
79.44
80.0
80.66
81.28
81.95
82.57
83.18
83.84
84.43
85.05
85.67
86.23
86.8
87.4
87.97
88.6
89.19
89.8
90.44
91.01
91.58
92.17
92.72
93.31
93.86
94.39
94.93
95.5
96.06
96.69
97.35
97.96
98.61
99.2
99.82
100.44
101.09
101.69
102.28
102.92
103.57
104.22
104.85
105.54
106.16
106.84
107.47
108.16
108.85
109.47
110.11
110.75
111.41
112.04
112.67
113.34
113.99
114.69
115.47
116.31
117.14
118.0
118.8
119.63
120.36
121.02
121.65
122.27
122.93
123.57
124.2
124.83
125.48
126.11
126.71
127.32
127.96
128.56
129.16
129.73
130.31
130.9
131.53
132.15
132.78
133.43
134.06
134.67
135.27
135.85
136.47
137.05
137.66
138.24
138.85
139.44
140.11
140.72
141.37
142.05
142.76
143.43
144.07
144.67
145.25
145.86
146.48
147.03
147.62
148.27
148.91
149.48
150.1
150.71
151.28
151.9
152.53
153.18
153.79
154.43
155.05
155.75
156.43
157.07
157.73
158.34
158.97
159.61
160.29
160.92
161.57
162.2
162.87
163.49
164.14
164.75
165.41
166.03
166.66
167.3
167.98
168.65
169.29
169.98
170.71
171.33
171.94
172.57
173.23
173.83
174.5
175.21
175.87
176.54
177.16
177.82
178.52
179.15
179.79
180.4
181.04
181.68
182.33
182.98
183.63
184.3
184.94
185.64
186.39
187.07
187.69
188.31
188.97
189.58
190.22
190.92
191.66
192.33
192.97
193.56
194.18
194.78
195.42
196.01
196.64
197.26
197.9
198.59
199.22
199.86
200.55
201.29
201.98
202.61
203.28
203.83
204.4
205.0
205.63
206.22
206.83
207.46
208.1
208.69
209.34
209.94
210.57
211.15
211.76
212.38
213.01
213.59
214.21
214.86
215.49
216.11
216.68
217.27
217.82
218.41
219.0
219.62
220.21
220.78
221.38
221.95
222.54
223.16
223.77
224.36
224.94
225.54
226.17
226.78
227.39
228.01
228.65
229.36
230.06
230.71
231.32
231.89
232.49
233.11
233.74
234.33
234.93
235.54
236.17
236.76
237.37
238.02
238.64
239.17
239.73
240.32
240.86
241.42
242.0
242.58
243.21
243.81
244.4
244.99
245.61
246.19
246.76
247.38
248.06
248.69
249.38
249.96
250.57
251.14
251.72
252.31
252.85
253.42
254.0
254.6
255.24
255.83
256.41
256.97
257.57
258.13
258.71
259.32
259.96
260.56
261.16
261.73
262.32
262.87
263.44
264.0
264.61
265.2
265.82
266.44
267.09
267.69
268.33
268.91
269.46
270.05
270.65
271.22
271.79
272.37
272.95
273.52
274.08
274.67
275.26
275.95
276.68
277.35
278.06
278.76
279.43
280.07
280.68
281.27
281.88
282.48
283.09
283.69
284.27
284.82
285.39
286.0
286.64
287.23
287.85
288.46
289.03
289.63
290.21
290.78
291.39
291.97
292.53
293.1
293.69
294.28
294.89
295.51
296.16
296.78
297.36
297.93
298.53
299.19
299.85
300.48
301.12
301.74
302.37
303.01
303.71
304.34
305.01
305.66
306.36
307.02
307.67
308.33
308.99
309.64
310.32
310.95
311.75
312.55
313.26
313.97
314.7
315.49
316.28
317.05
317.82
318.52
319.18
319.91
320.6
321.27
321.97
322.66
323.35
324.08
324.83
325.57
326.34
327.16
327.93
328.66
329.43
330.23
330.97
331.77
332.63
333.39
334.21
335.01
335.84
336.73
337.65
338.59
339.53
340.44
341.4
342.3
343.26
