1.55
3.89
6.28
8.73
11.26
13.72
16.16
18.68
21.24
23.75
26.21
28.62
31.32
34.33
36.72
39.15
41.66
44.17
46.81
49.39
51.84
54.24
56.57
58.96
61.42
63.78
66.09
68.61
71.13
73.55
75.86
78.49
81.28
83.83
86.22
88.59
91.01
93.3
95.5
97.96
100.43
102.91
105.53
108.15
110.75
113.34
115.81
118.07
120.36
122.92
125.47
127.95
130.31
132.77
135.27
137.65
140.1
142.53
144.93
147.34
149.78
152.53
155.17
157.72
160.27
162.87
165.39
167.98
170.69
173.22
175.86
178.52
181.04
183.62
186.44
188.95
191.65
194.17
196.63
199.14
201.37
203.82
206.21
208.7
211.14
213.58
216.1
218.34
220.77
223.15
225.53
228.0
230.69
233.1
235.53
238.0
240.45
242.92
245.45
248.05
250.55
252.84
255.22
257.56
259.95
262.32
264.61
267.09
269.46
271.78
274.09
276.67
279.43
281.87
284.26
286.64
289.02
291.38
293.68
296.15
298.53
301.11
303.69
306.36
308.98
311.73
314.69
318.1
321.22
324.07
327.15
330.22
333.38
336.71
340.42
