1.92
4.1
6.26
8.56
10.85
13.08
15.57
18.04
20.35
22.63
25.07
27.5
29.71
31.92
34.08
36.33
38.58
40.93
43.25
45.92
48.45
50.55
52.66
55.17
57.39
59.72
61.86
64.05
66.36
68.55
70.76
72.99
74.89
76.78
78.91
81.05
83.23
85.42
87.72
89.83
92.09
94.33
96.56
98.89
101.3
103.59
105.99
108.6
111.7
114.45
117.03
119.56
122.1
124.43
126.95
129.43
131.94
134.28
136.8
139.4
141.99
144.4
146.97
149.41
151.83
154.19
156.46
158.66
161.07
163.34
165.82
168.17
170.61
172.98
175.46
177.74
180.22
182.67
185.2
187.86
190.41
192.97
195.54
197.76
199.97
202.29
204.68
206.96
209.26
211.67
214.05
216.59
218.78
220.96
223.19
225.46
227.72
230.05
232.29
234.56
236.7
238.85
241.06
243.16
245.32
247.51
249.77
252.24
254.48
256.7
258.92
261.11
263.17
265.27
267.38
269.58
271.74
274.01
276.17
278.53
280.9
283.21
285.52
287.98
290.24
292.58
295.05
297.54
300.17
302.98
305.75
308.87
311.84
314.79
318.0
