0.0
0.49
0.98
1.46
1.93
2.47
3.03
3.54
4.11
4.62
5.19
5.72
6.27
6.82
7.42
7.96
8.56
9.12
9.67
10.25
10.86
11.42
11.97
12.52
13.08
13.69
14.32
14.95
15.58
16.17
16.82
17.41
18.05
18.63
19.19
19.77
20.36
20.96
21.51
22.06
22.64
23.24
23.88
24.46
25.07
25.69
26.32
26.89
27.51
28.09
28.71
29.34
29.94
30.5
31.09
31.69
32.29
32.92
33.52
34.08
34.61
35.17
35.74
36.34
36.89
37.48
38.05
38.59
39.17
39.75
40.36
40.94
41.49
42.1
42.65
43.26
43.92
44.63
45.27
45.93
46.55
47.21
47.82
48.46
48.97
49.49
50.02
50.57
51.11
51.64
52.15
52.67
53.23
53.89
54.58
55.17
55.75
56.28
56.82
57.39
57.99
58.62
59.18
59.73
60.28
60.82
61.34
61.86
62.41
62.97
63.5
64.03
64.59
65.1
65.66
66.19
66.75
67.28
67.83
68.38
68.95
69.48
70.04
70.58
71.12
71.7
72.25
72.8
73.38
73.96
74.51
75.1
75.66
76.25
76.78
77.32
77.86
78.36
78.91
79.45
79.99
80.54
81.06
81.58
82.13
82.7
83.24
83.81
84.35
84.9
85.43
85.97
86.54
87.15
87.73
88.27
88.8
89.3
89.84
90.34
90.88
91.47
92.09
92.68
93.21
93.75
94.32
94.9
95.46
95.99
96.57
97.14
97.73
98.29
98.9
99.49
100.07
100.67
101.3
101.92
102.47
103.01
103.59
104.18
104.77
105.36
105.99
106.59
107.21
107.83
108.42
109.03
109.61
110.18
110.8
111.39
111.96
112.54
113.16
113.79
114.45
115.09
115.7
116.35
117.03
117.66
118.29
118.91
119.56
120.19
120.82
121.48
122.1
122.68
123.27
123.86
124.48
125.13
125.74
126.34
126.96
127.6
128.22
128.81
129.44
130.03
130.66
131.28
131.98
132.61
133.28
133.89
134.53
135.18
135.84
136.45
137.11
137.74
138.37
139.04
139.7
140.34
141.03
141.66
142.32
143.03
143.68
144.38
145.03
145.71
146.36
146.95
147.56
148.2
148.78
149.41
150.0
150.62
151.25
151.84
152.41
153.0
153.58
154.2
154.76
155.38
155.9
156.47
157.0
157.58
158.13
158.67
159.22
159.78
160.43
161.07
161.62
162.18
162.75
163.36
163.91
164.53
165.15
165.81
166.42
167.01
167.58
168.18
168.79
169.44
170.03
170.61
171.19
171.79
172.39
172.98
173.55
174.14
174.82
175.47
176.01
176.58
177.15
177.76
178.31
178.91
179.55
180.23
180.87
181.46
182.05
182.67
183.31
183.96
184.56
185.21
185.83
186.51
187.19
187.87
188.53
189.19
189.8
190.44
191.11
191.67
192.2
192.72
193.26
193.82
194.39
194.92
195.52
196.07
196.63
197.23
197.77
198.31
198.88
199.4
199.97
200.52
201.05
201.65
202.3
202.92
203.49
204.12
204.69
205.24
205.81
206.41
206.97
207.5
208.05
208.61
209.25
209.92
210.54
211.09
211.67
212.29
212.87
213.44
214.06
214.69
215.34
216.0
216.6
217.14
217.67
218.22
218.78
219.35
219.93
220.45
220.96
221.49
222.06
222.64
223.2
223.77
224.38
224.92
225.47
226.05
226.61
227.18
227.72
228.28
228.85
229.46
230.05
230.61
231.2
231.76
232.3
232.84
233.42
233.96
234.49
235.07
235.59
236.14
236.71
237.25
237.81
238.33
238.87
239.44
239.95
240.51
241.07
241.58
242.12
242.64
243.17
243.73
244.26
244.77
245.33
245.89
246.44
247.0
247.51
248.06
248.65
249.21
249.78
250.38
251.04
251.69
252.25
252.8
253.39
253.96
254.49
255.04
255.59
256.17
256.71
257.29
257.83
258.37
258.93
259.49
260.07
260.57
261.11
261.62
262.12
262.66
263.18
263.69
264.23
264.72
265.27
265.8
266.32
266.87
267.38
267.9
268.45
269.03
269.58
270.12
270.65
271.21
271.75
272.3
272.87
273.46
274.02
274.55
275.09
275.63
276.18
276.72
277.3
277.89
278.49
279.09
279.69
280.32
280.91
281.49
282.06
282.62
283.22
283.77
284.36
284.91
285.53
286.12
286.71
287.34
287.99
288.63
289.16
289.69
290.24
290.82
291.4
291.96
292.59
293.19
293.8
294.42
295.17
295.88
296.61
297.29
297.99
298.7
299.42
300.17
300.88
301.6
302.27
302.99
303.69
304.38
305.03
305.76
306.54
307.31
308.13
308.87
309.67
310.38
311.07
311.79
312.51
313.25
314.02
314.79
315.53
316.29
317.14
318.0
318.91
