1.66
4.95
8.16
11.1
13.33
15.43
17.4
19.47
21.68
24.03
26.45
28.88
30.94
33.12
35.29
37.62
39.94
42.2
44.58
47.09
49.63
51.95
54.28
56.72
59.13
61.47
63.79
66.16
68.48
70.63
72.78
75.16
77.41
79.57
81.94
84.22
86.65
88.95
92.0
94.69
97.1
99.62
102.18
104.81
107.42
110.07
112.97
116.22
119.47
122.43
125.15
127.89
130.62
133.05
135.49
137.99
140.5
143.02
145.72
148.42
151.09
153.79
156.54
159.44
162.39
164.8
167.26
170.05
173.7
176.48
178.96
181.42
184.02
186.75
189.26
191.81
194.25
196.76
198.85
201.12
203.34
205.75
208.13
210.4
212.67
215.15
217.58
219.97
222.4
224.85
227.35
230.03
232.54
234.94
237.29
239.57
241.85
244.37
247.0
249.34
251.64
254.06
256.41
258.71
260.95
263.29
265.56
267.78
270.22
272.86
275.28
277.5
279.83
282.21
284.6
286.97
289.36
292.07
294.48
296.99
299.56
302.13
304.73
307.38
310.03
312.8
316.38
320.29
324.59
328.7
332.28
335.54
