0.5
1.05
1.62
2.15
2.71
3.29
3.83
4.41
4.96
5.48
6.01
6.59
7.13
7.73
8.28
8.87
9.42
9.97
10.56
11.11
11.67
12.21
12.76
13.34
13.88
14.44
14.96
15.57
16.19
16.84
17.4
17.9
18.45
18.94
19.47
19.98
20.53
21.11
21.69
22.27
22.82
23.42
24.05
24.65
25.23
25.83
26.45
27.08
27.67
28.28
28.9
29.61
30.24
30.93
31.48
32.04
32.58
33.14
33.68
34.2
34.73
35.29
35.85
36.46
37.01
37.62
38.19
38.75
39.33
39.94
40.48
41.06
41.62
42.21
42.77
43.35
43.9
44.47
45.07
45.61
46.18
46.78
47.33
47.89
48.49
49.03
49.64
50.19
50.8
51.38
51.95
52.48
53.05
53.65
54.29
54.88
55.48
56.09
56.73
57.39
58.04
58.6
59.15
59.72
60.31
60.88
61.46
62.0
62.61
63.17
63.78
64.34
64.94
65.57
66.16
66.73
67.31
67.91
68.49
69.02
69.57
70.09
70.63
71.16
71.72
72.26
72.82
73.38
73.98
74.57
75.14
75.68
76.25
76.82
77.42
77.98
78.52
79.06
79.6
80.18
80.77
81.37
81.94
82.51
83.05
83.62
84.22
84.86
85.44
86.07
86.66
87.24
87.82
88.41
89.02
89.66
90.25
90.85
91.42
92.0
92.59
93.23
93.81
94.45
95.09
95.73
96.42
97.06
97.73
98.35
98.97
99.63
100.24
100.88
101.53
102.2
102.81
103.46
104.11
104.81
105.47
106.1
106.75
107.42
108.1
108.75
109.39
110.08
110.71
111.39
112.08
112.7
113.33
113.97
114.63
115.28
115.92
116.56
117.2
117.84
118.47
119.09
119.71
120.33
121.0
121.65
122.36
123.02
123.71
124.39
125.12
125.81
126.49
127.15
127.88
128.55
129.22
129.95
130.62
131.22
131.84
132.46
133.05
133.66
134.3
134.91
135.5
136.11
136.76
137.39
138.0
138.58
139.17
139.81
140.5
141.15
141.81
142.44
143.03
143.56
144.13
144.71
145.25
145.84
146.44
147.07
147.73
148.43
149.09
149.74
150.45
151.1
151.82
152.47
153.12
153.75
154.35
154.97
155.62
156.23
156.86
157.43
158.01
158.64
159.25
159.89
160.51
161.14
161.73
162.38
162.99
163.6
164.19
164.8
165.38
165.98
166.61
167.27
167.89
168.52
169.19
169.79
170.39
170.96
171.6
172.18
172.82
173.4
174.03
174.65
175.23
175.88
176.49
177.09
177.73
178.35
178.96
179.59
180.22
180.83
181.43
182.06
182.75
183.38
184.02
184.69
185.37
186.08
186.76
187.38
188.01
188.62
189.27
189.9
190.57
191.2
191.81
192.47
193.06
193.67
194.27
194.89
195.54
196.14
196.76
197.49
198.14
198.85
199.43
200.02
200.55
201.13
201.68
202.25
202.78
203.35
203.89
204.44
205.01
205.56
206.09
206.59
207.12
207.65
208.14
208.72
209.25
209.81
210.41
210.97
211.54
212.1
212.68
213.24
213.9
214.5
215.16
215.79
216.36
216.96
217.59
218.16
218.78
219.39
219.97
220.56
221.17
221.81
222.4
222.98
223.59
224.24
224.86
225.48
226.11
226.73
227.36
228.02
228.64
229.25
229.8
230.35
230.91
231.43
231.96
232.55
233.11
233.71
234.33
234.94
235.51
236.11
236.74
237.3
237.88
238.46
239.0
239.59
240.12
240.7
241.24
241.86
242.43
243.1
243.72
244.36
245.02
245.69
246.38
247.01
247.6
248.22
248.78
249.35
249.88
250.45
251.02
251.65
252.26
252.87
253.46
254.07
254.71
255.3
255.87
256.41
256.98
257.56
258.13
258.71
259.24
259.82
260.36
260.96
261.5
262.07
262.7
263.3
263.85
264.44
265.04
265.57
266.13
266.7
267.22
267.78
268.34
268.89
269.44
270.05
270.61
271.22
271.82
272.4
272.95
273.53
274.11
274.72
275.29
275.83
276.37
276.92
277.5
278.08
278.66
279.26
279.84
280.39
280.97
281.58
282.22
282.8
283.43
284.04
284.6
285.14
285.7
286.28
286.85
287.38
287.95
288.55
289.1
289.72
290.3
290.89
291.49
292.07
292.66
293.26
293.82
294.47
295.07
295.72
296.33
297.0
297.65
298.29
298.9
299.56
300.18
300.82
301.46
302.14
302.77
303.42
304.06
304.74
305.41
306.07
306.7
307.39
308.03
308.71
309.39
310.02
310.68
311.35
312.06
312.81
313.63
314.4
315.21
316.0
316.84
317.63
318.49
319.39
320.3
321.32
322.46
323.52
324.6
325.73
326.75
327.73
328.71
329.68
330.65
331.65
332.59
333.57
334.5
335.55
336.6
337.75
338.77
339.82
