0.0
0.55
1.07
1.56
2.07
2.59
3.11
3.61
4.11
4.62
5.12
5.62
6.09
6.54
7.0
7.45
7.92
8.38
8.85
9.32
9.77
10.23
10.68
11.14
11.6
12.07
12.54
13.0
13.45
13.91
14.38
14.83
15.29
15.75
16.2
16.65
17.12
17.57
18.06
18.52
18.97
19.43
19.9
20.36
20.81
21.28
21.74
22.2
22.65
23.11
23.57
24.02
24.46
24.9
25.37
25.82
26.28
26.74
27.21
27.68
28.13
28.59
29.07
29.55
30.01
30.45
30.92
31.37
31.84
32.29
32.77
33.22
33.68
34.13
34.59
35.04
35.49
35.93
36.39
36.85
37.32
37.77
38.24
38.69
39.15
39.61
40.07
40.52
40.98
41.44
41.92
42.37
42.83
43.28
43.73
44.16
44.59
45.03
45.5
45.95
46.42
46.89
47.36
47.81
48.28
48.74
49.21
49.68
50.13
50.58
51.04
51.49
51.93
52.38
52.84
53.29
53.73
54.19
54.65
55.09
55.54
55.99
56.46
56.9
57.36
57.83
58.29
58.75
59.21
59.67
60.13
60.6
61.06
61.52
62.0
62.46
62.92
63.38
63.84
64.3
64.75
65.2
65.66
66.11
66.55
67.0
67.46
67.92
68.37
68.82
69.28
69.72
70.17
70.61
71.08
71.52
71.97
72.43
72.88
73.32
73.77
74.23
74.7
75.15
75.59
76.03
76.51
76.95
77.41
77.86
78.32
78.77
79.22
79.65
80.12
80.59
81.04
81.5
81.97
82.43
82.88
83.33
83.8
84.25
84.7
85.14
85.59
86.05
86.49
86.95
87.47
87.96
88.43
88.88
89.34
89.8
90.26
90.72
91.19
91.65
92.11
92.58
93.04
93.5
93.96
94.43
94.92
95.37
95.82
96.27
96.74
97.19
97.62
98.07
98.53
98.97
99.42
99.89
100.41
100.89
101.37
101.83
102.26
102.72
103.21
103.68
104.18
104.64
105.08
105.56
106.01
106.47
106.92
107.39
107.84
108.3
108.76
109.22
109.67
110.1
110.55
110.99
111.46
111.89
112.34
112.79
113.26
113.7
114.15
114.59
115.05
115.5
115.94
116.39
116.86
117.31
117.76
118.2
118.66
119.11
119.55
119.98
120.43
120.89
121.34
121.79
122.25
122.69
123.12
123.56
124.01
124.45
124.89
125.34
125.81
126.26
126.7
127.18
127.7
128.17
128.63
129.08
129.53
129.99
130.43
130.89
131.35
131.81
132.27
132.72
133.18
133.63
134.1
134.54
135.0
135.44
135.89
136.32
136.76
137.21
137.66
138.09
138.52
138.96
139.38
139.82
140.28
140.71
141.15
141.59
142.04
142.48
142.91
143.35
143.8
144.25
144.69
145.13
145.59
146.04
146.49
146.97
147.44
147.91
148.41
148.89
149.36
149.82
150.3
150.68
151.03
151.41
151.79
152.18
152.54
152.94
153.32
153.7
154.08
154.44
154.84
155.2
