1.06
3.11
5.12
6.99
8.85
10.67
12.54
14.38
16.19
18.05
19.89
21.73
23.57
25.36
27.21
29.07
30.91
32.76
34.59
36.39
38.23
40.06
41.92
43.72
45.5
47.35
49.21
51.03
52.84
54.64
56.45
58.28
60.13
61.99
63.84
65.66
67.45
69.27
71.08
72.88
74.69
76.5
78.32
80.11
81.97
83.79
85.59
87.47
89.33
91.19
93.04
94.91
96.73
98.53
100.41
102.26
104.17
106.01
107.84
109.66
111.45
113.25
115.04
116.85
118.65
120.43
122.24
124.0
125.8
127.68
129.53
131.34
133.18
134.99
136.76
138.51
140.28
142.03
143.8
145.59
147.44
149.39
151.03
152.53
