0.27
0.68
1.08
1.48
1.9
2.32
2.71
3.13
3.54
3.96
4.35
4.77
5.18
5.56
5.95
6.35
6.74
7.12
7.51
7.91
8.31
8.72
9.12
9.52
9.92
10.32
10.73
11.13
11.52
11.93
12.35
12.79
13.21
13.62
14.01
14.4
14.81
15.21
15.62
16.04
16.45
16.84
17.22
17.63
18.03
18.42
18.82
19.22
19.61
20.01
20.43
20.82
21.21
21.61
22.01
22.42
22.83
23.23
23.64
24.04
24.44
24.86
25.29
25.72
26.12
26.55
26.98
27.4
27.8
28.22
28.62
29.03
29.44
29.85
30.25
30.66
31.07
31.48
31.91
32.34
32.74
33.17
33.59
34.01
34.42
34.82
35.24
35.65
36.05
36.46
36.87
37.28
37.68
38.09
38.53
38.96
39.38
39.82
40.27
40.72
41.13
41.54
41.97
42.38
42.77
43.18
43.61
44.01
44.41
44.8
45.21
45.64
46.03
46.45
46.85
47.25
47.65
48.05
48.46
48.87
49.27
49.69
50.13
50.55
50.96
51.38
51.78
52.19
52.6
53.0
53.41
53.83
54.24
54.64
55.06
55.46
55.86
56.27
56.68
57.1
57.51
57.91
58.33
58.73
59.13
59.55
59.99
60.41
60.83
61.22
61.63
62.03
62.44
62.84
63.24
63.65
64.06
64.46
64.86
65.28
65.69
66.12
66.54
66.96
67.37
67.82
68.29
68.73
69.15
69.57
69.97
70.37
70.79
71.19
71.62
72.05
72.46
72.86
73.27
73.7
74.1
74.5
74.93
75.35
75.75
76.16
76.57
76.98
77.4
77.84
78.31
78.75
79.16
79.58
79.98
80.4
80.81
81.22
81.63
82.03
82.43
82.86
83.29
83.71
84.13
84.53
84.95
85.37
85.78
86.19
86.62
87.02
87.45
87.87
88.31
88.73
89.16
89.6
90.06
90.49
90.91
91.33
91.75
92.16
92.58
92.99
93.41
93.83
94.24
94.63
95.04
95.44
95.84
96.23
96.65
97.07
97.5
97.92
98.32
98.73
99.13
99.53
99.94
100.32
100.73
101.15
101.59
102.02
102.46
102.87
103.27
103.69
104.09
104.5
104.93
105.36
105.76
106.16
106.56
106.96
107.36
107.76
108.17
108.57
108.97
109.38
109.82
110.26
110.69
111.09
111.49
111.9
112.3
112.71
113.11
113.53
113.95
114.38
114.83
115.28
115.72
116.14
116.54
116.98
117.4
117.82
118.23
118.65
119.06
119.48
119.92
120.33
120.72
121.13
121.54
121.95
122.36
122.77
123.18
123.59
124.0
124.42
124.83
125.24
125.64
126.06
126.48
126.87
127.29
127.7
128.1
128.53
128.94
129.35
129.75
130.14
130.54
130.94
131.34
131.74
132.16
132.59
133.01
133.43
133.84
134.27
134.71
135.15
135.56
136.01
136.41
136.83
137.27
137.68
138.12
138.54
138.98
139.39
139.84
140.27
140.68
141.13
141.55
