1.07
2.71
4.35
5.95
7.5
9.12
10.72
12.34
14.01
15.61
17.22
18.82
20.42
22.01
23.63
25.29
26.98
28.62
30.24
31.91
33.58
35.24
36.86
38.52
40.26
41.96
43.6
45.2
46.84
48.45
50.12
51.77
53.4
55.05
56.68
58.32
59.98
61.62
63.23
64.86
66.53
68.28
69.96
71.61
73.27
74.92
76.56
78.3
79.97
81.62
83.29
84.94
86.61
88.3
90.05
91.75
93.4
95.03
96.65
98.31
99.93
101.59
103.26
104.92
106.56
108.16
109.81
111.48
113.11
114.83
116.54
118.23
119.94
121.88
123.59
125.23
126.86
128.52
130.13
131.74
133.42
135.22
137.18
