2.06
4.14
6.25
8.15
9.75
11.37
13.07
14.73
16.36
18.02
19.76
21.49
23.06
24.59
26.13
27.75
29.35
30.93
32.47
34.06
35.57
37.14
38.69
40.28
41.86
43.42
45.01
46.59
48.2
49.79
51.38
52.88
54.18
55.66
57.25
58.82
60.4
61.96
63.48
64.94
66.52
68.0
69.59
71.13
72.71
74.33
76.1
77.8
79.47
81.16
82.8
84.42
86.07
87.69
89.33
90.94
92.62
94.21
95.77
97.3
98.84
100.38
101.92
103.52
105.07
106.69
108.31
109.89
111.46
113.04
114.58
116.14
117.73
119.34
120.93
122.55
124.4
126.34
128.24
130.06
131.96
133.74
135.33
136.98
138.91
140.42
141.93
143.42
144.95
146.83
148.59
150.26
152.0
153.63
155.29
156.95
158.53
160.15
161.66
163.26
164.88
166.47
168.14
169.74
171.32
172.96
174.81
176.52
178.19
179.86
181.5
183.32
185.11
186.95
188.6
190.17
191.87
193.5
195.1
196.66
198.4
199.99
201.78
203.6
205.24
206.88
208.44
210.02
211.6
213.18
214.73
216.41
218.11
219.81
221.52
223.56
225.72
227.95
230.1
232.18
234.14
235.74
237.28
238.89
240.52
242.22
244.14
245.74
247.29
248.89
250.45
252.02
253.54
255.05
256.63
258.21
259.84
261.43
263.15
264.82
266.46
267.98
269.57
271.13
272.6
274.17
275.71
277.23
278.79
280.36
281.92
283.47
285.01
286.46
288.04
289.54
291.17
292.68
294.26
295.85
297.55
299.23
300.9
302.55
304.17
305.82
307.53
309.11
310.71
312.34
313.98
315.55
317.1
318.69
320.24
321.8
323.36
324.96
326.51
328.11
329.67
331.23
332.81
334.39
335.92
337.43
338.98
340.53
342.09
343.67
345.47
347.65
350.53
353.76
357.0
360.05
363.13
366.29
369.45
372.58
375.69
378.52
381.37
384.52
387.65
390.79
393.78
396.64
399.73
402.62
405.48
407.73
409.75
411.75
413.6
415.24
416.84
418.42
419.96
421.46
422.92
424.31
425.86
427.6
429.4
431.21
432.91
434.57
436.2
437.9
439.34
440.83
442.25
443.77
445.59
