0.0
0.52
1.02
1.55
2.07
2.59
3.09
3.62
4.18
4.7
5.24
5.75
6.26
6.73
7.24
7.72
8.16
8.57
8.97
9.35
9.76
10.16
10.57
10.95
11.38
11.79
12.23
12.64
13.07
13.49
13.91
14.32
14.73
15.14
15.57
15.96
16.37
16.8
17.21
17.6
18.02
18.44
18.88
19.32
19.77
20.19
20.64
21.06
21.49
21.89
22.28
22.67
23.06
23.45
23.84
24.22
24.59
24.98
25.37
25.75
26.14
26.52
26.92
27.33
27.76
28.17
28.56
28.96
29.36
29.75
30.15
30.55
30.94
31.33
31.71
32.09
32.48
32.85
33.25
33.65
34.07
34.47
34.85
35.21
35.58
35.96
36.34
36.74
37.14
37.51
37.92
38.3
38.7
39.09
39.47
39.88
40.29
40.69
41.08
41.46
41.86
42.25
42.63
43.03
43.41
43.8
44.2
44.6
45.02
45.42
45.82
46.2
46.6
47.0
47.4
47.81
48.21
48.61
49.01
49.4
49.8
50.19
50.58
50.99
51.39
51.78
52.17
52.58
53.0
53.42
53.83
54.19
54.57
54.95
55.32
55.68
56.04
56.44
56.85
57.26
57.66
58.06
58.44
58.83
59.22
59.62
60.0
60.41
60.8
61.19
61.57
61.96
62.34
62.75
63.11
63.49
63.88
64.23
64.58
64.94
65.34
65.74
66.14
66.53
66.93
67.3
67.66
68.02
68.42
68.81
69.19
69.6
70.01
70.38
70.75
71.13
71.52
71.87
72.24
72.66
73.09
73.52
73.94
74.34
74.77
75.22
75.65
76.11
76.53
76.96
77.36
77.8
78.22
78.64
79.04
79.48
79.9
80.3
80.72
81.16
81.56
81.98
82.38
82.8
83.21
83.62
84.02
84.43
84.84
85.27
85.67
86.08
86.47
86.88
87.29
87.7
88.1
88.5
88.92
89.34
89.74
90.14
90.55
90.98
91.38
91.78
92.19
92.63
93.05
93.43
93.82
94.22
94.59
94.99
95.38
95.78
96.15
96.54
96.93
97.31
97.71
98.08
98.46
98.85
99.24
99.62
100.0
100.39
100.78
101.16
101.53
101.93
102.34
102.73
103.12
103.52
103.92
104.29
104.68
105.08
105.5
105.9
106.3
106.69
107.09
107.49
107.89
108.32
108.73
109.12
109.52
109.9
110.29
110.68
111.08
111.47
111.88
112.27
112.66
113.05
113.43
113.82
114.21
114.59
114.98
115.37
115.76
116.15
116.55
116.93
117.33
117.73
118.15
118.55
118.95
119.34
119.75
120.15
120.55
120.93
121.33
121.75
122.13
122.55
122.97
123.45
123.92
124.41
124.92
125.41
125.88
126.35
126.84
127.29
127.78
128.25
128.71
129.16
129.61
130.1
130.57
131.02
131.51
131.98
132.44
132.88
133.34
133.74
134.15
134.54
134.94
135.33
135.73
136.13
136.55
136.99
137.4
137.78
138.16
138.54
138.91
139.29
139.68
140.06
140.43
140.8
141.19
141.56
141.94
142.31
142.68
143.05
143.42
143.79
144.16
144.55
144.96
145.41
145.85
146.31
146.78
147.24
147.68
148.15
148.62
149.01
149.42
149.84
150.29
150.7
151.13
151.58
152.01
152.42
152.81
153.23
153.63
154.06
154.46
154.88
155.31
155.72
156.16
156.55
156.96
157.35
157.74
158.14
158.54
158.94
159.35
159.75
160.16
160.54
160.92
161.3
161.66
162.05
162.45
162.86
163.27
163.65
164.05
164.47
164.87
165.27
165.66
166.05
166.48
166.89
167.33
167.75
168.15
168.54
168.93
169.33
169.75
170.13
170.55
170.95
171.32
171.73
172.1
172.52
172.95
173.38
173.8
174.19
174.58
174.98
175.39
175.8
176.18
176.59
176.98
177.38
177.79
178.2
178.63
179.02
179.45
179.86
180.27
180.68
181.07
181.48
181.99
182.48
182.96
183.49
184.02
184.56
185.11
185.62
186.08
186.53
186.96
187.43
187.88
188.36
188.8
189.28
189.73
190.18
190.62
191.05
191.47
191.88
192.29
192.69
193.09
193.5
193.96
194.39
194.84
195.29
195.74
196.22
196.67
197.14
197.57
197.98
198.4
198.8
199.18
199.58
200.0
200.42
200.83
201.19
201.59
201.95
202.35
202.71
203.14
203.59
204.01
204.42
204.83
205.25
205.64
206.05
206.47
206.88
207.26
207.65
208.05
208.45
208.84
209.23
209.62
210.03
210.44
210.82
211.23
211.61
212.0
212.4
212.79
213.18
213.56
213.94
214.33
214.74
215.18
215.6
216.0
216.42
216.86
217.28
217.68
218.12
218.59
219.05
219.54
220.03
220.53
221.03
221.52
222.07
222.58
223.11
223.57
224.08
224.57
225.03
225.52
226.01
226.47
226.95
227.44
227.96
228.5
229.01
229.57
230.07
230.6
231.13
231.69
232.19
232.7
233.25
233.74
234.26
234.81
235.33
235.8
236.3
236.8
237.29
237.71
238.11
238.49
238.89
239.3
239.71
240.1
240.52
240.93
241.38
241.8
242.22
242.67
243.14
243.65
244.14
244.54
244.96
245.36
245.75
246.13
246.52
246.91
247.3
247.69
248.09
248.5
248.89
249.28
249.67
250.06
250.46
250.85
251.25
251.63
252.02
252.4
252.77
253.17
253.55
253.92
254.31
254.68
255.06
255.46
255.85
256.22
256.63
257.01
257.39
257.81
258.21
258.64
259.05
259.46
259.84
260.22
260.58
260.95
261.33
261.68
262.08
262.5
262.89
263.3
263.69
264.09
264.48
264.88
265.3
265.68
266.1
266.47
266.86
267.25
267.62
267.99
268.37
268.78
269.17
269.58
269.97
270.36
270.74
271.13
271.51
271.89
272.24
272.61
273.0
273.39
273.78
274.18
274.58
274.98
275.39
275.74
276.12
276.49
276.86
277.22
277.61
278.01
278.41
278.79
279.18
279.57
279.95
280.37
280.76
281.15
281.52
281.92
282.3
282.7
283.08
283.47
283.88
284.27
284.66
285.03
285.41
285.75
286.11
286.47
286.86
287.24
287.66
288.05
288.45
288.82
289.18
289.54
289.95
290.34
290.76
291.18
291.56
291.94
292.3
292.68
293.08
293.46
293.86
294.28
294.68
295.07
295.46
295.86
296.28
296.7
297.13
297.56
297.98
298.38
298.8
299.24
299.66
300.06
300.48
300.91
301.32
301.72
302.12
302.55
302.95
303.36
303.77
304.18
304.59
305.01
305.41
305.83
306.26
306.7
307.13
307.53
307.93
308.34
308.73
309.12
309.49
309.9
310.3
310.71
311.11
311.51
311.92
312.35
312.76
313.16
313.56
313.99
314.39
314.76
315.16
315.56
315.95
316.33
316.72
317.1
317.5
317.88
318.28
318.7
319.09
319.48
319.85
320.25
320.65
321.03
321.42
321.81
322.21
322.58
322.97
323.36
323.77
324.18
324.58
324.97
325.36
325.74
326.13
326.52
326.93
327.33
327.72
328.11
328.51
328.9
329.29
329.68
330.07
330.45
330.85
331.23
331.63
332.03
332.42
332.82
333.24
333.63
334.01
334.4
334.77
335.16
335.54
335.93
336.31
336.68
337.06
337.44
337.81
338.21
338.59
338.98
339.39
339.78
340.17
340.54
340.94
341.33
341.73
342.1
342.49
342.9
343.27
343.67
344.1
344.55
345.0
345.47
345.95
346.43
346.88
347.35
347.79
348.25
348.73
349.18
349.65
350.11
350.54
350.99
351.46
351.93
352.42
352.89
353.32
353.77
354.21
354.59
354.97
355.37
355.77
356.18
356.58
357.0
357.41
357.79
358.17
358.55
358.91
359.31
359.67
360.06
360.43
360.82
361.21
361.58
361.98
362.37
362.75
363.14
363.52
363.91
364.3
364.69
365.1
365.47
365.88
366.27
366.64
367.04
367.45
367.86
368.24
368.65
369.06
369.45
369.82
370.2
370.59
370.97
371.33
371.67
372.04
372.39
372.75
373.12
373.51
373.88
374.25
374.62
374.97
375.35
375.7
376.05
376.41
376.79
377.14
377.49
377.83
378.19
378.53
378.92
379.27
379.66
380.09
380.48
380.91
381.37
381.83
382.28
382.73
383.18
383.63
384.08
384.53
384.98
385.42
385.88
386.31
386.78
387.23
387.66
388.12
388.57
389.04
389.53
389.98
390.45
390.94
391.41
391.86
392.35
392.88
393.45
394.01
394.54
395.1
395.7
396.29
396.84
397.44
398.0
398.61
399.19
399.73
400.3
400.89
401.46
402.03
402.63
403.19
403.77
404.39
404.95
405.55
406.15
406.68
407.24
407.74
408.23
408.72
409.22
409.73
410.25
410.8
411.29
411.76
412.23
412.67
413.13
413.61
414.03
414.44
414.86
415.25
415.65
416.06
416.46
416.84
417.24
417.65
418.05
418.42
418.79
419.19
419.57
419.96
420.34
420.72
421.1
421.47
421.84
422.21
422.57
422.93
423.27
423.63
423.97
424.32
424.66
425.01
425.42
425.84
426.25
426.66
427.07
427.48
427.87
428.31
428.73
429.13
429.57
429.98
430.39
430.83
431.25
431.65
432.07
432.5
432.92
433.35
433.74
434.15
434.58
434.98
435.38
435.8
436.21
436.62
437.04
437.49
437.91
438.27
438.63
438.98
439.35
439.72
440.09
440.46
440.83
441.19
441.55
441.9
442.26
442.62
442.99
443.37
443.77
444.2
444.65
445.12
445.6
446.06
446.54
447.02
