0.98
2.69
4.39
6.2
8.07
9.72
11.36
13.09
14.75
16.41
18.11
19.88
21.61
23.25
24.86
26.46
28.07
29.73
31.38
32.98
34.62
36.19
37.76
39.31
40.91
42.49
44.2
45.89
47.54
49.17
50.79
52.48
54.14
55.73
57.39
59.03
60.64
62.33
64.0
65.54
67.2
68.76
70.4
71.93
73.61
75.27
76.97
78.69
80.42
82.13
83.89
85.57
87.24
88.94
90.65
92.33
94.01
95.75
97.44
99.06
100.68
102.33
103.93
105.57
107.21
108.89
110.54
112.16
113.79
115.49
117.2
118.89
120.58
122.26
123.88
125.53
127.25
129.13
131.01
132.85
134.67
136.4
137.98
139.58
141.31
142.86
144.4
145.96
147.55
149.32
150.95
152.56
154.11
155.7
157.37
159.1
160.66
162.27
163.88
165.53
167.13
168.68
170.25
171.89
173.53
175.18
176.84
178.56
180.23
181.91
183.61
185.26
186.81
188.45
190.17
191.71
193.35
195.06
196.77
199.02
200.75
202.45
204.2
205.95
207.66
209.36
211.09
212.79
214.44
216.13
217.88
219.56
221.24
222.92
224.6
226.32
227.94
229.46
231.2
232.91
234.64
236.41
238.06
239.83
241.49
243.14
244.89
246.63
248.3
249.94
251.61
253.26
254.89
256.49
258.09
259.7
261.21
262.77
264.31
265.89
267.46
269.16
270.82
272.47
274.1
275.74
277.44
279.17
280.82
282.47
284.11
285.73
287.41
289.07
290.61
292.27
293.83
295.47
297.01
298.63
300.26
301.99
303.69
305.43
307.12
308.85
310.49
312.15
313.81
315.48
317.17
318.81
320.52
322.19
323.86
325.49
327.13
328.73
330.36
331.97
333.62
335.25
336.87
338.46
340.15
341.83
343.52
345.21
346.86
348.46
350.09
351.82
353.73
355.59
357.34
358.94
360.64
362.2
363.74
365.44
367.19
368.93
370.61
372.34
374.04
375.84
377.63
379.39
381.16
382.88
384.61
386.38
388.18
390.06
391.98
393.88
395.99
398.18
400.43
402.97
405.6
408.12
410.55
412.9
415.25
417.15
418.97
420.69
422.41
424.06
425.71
427.34
428.88
430.41
432.09
433.89
435.62
437.3
438.99
440.68
442.33
443.83
445.31
446.8
448.37
450.05
