0.15
0.56
0.99
1.44
1.87
2.3
2.69
3.11
3.51
3.89
4.27
4.66
5.06
5.46
5.82
6.21
6.59
6.94
7.31
7.68
8.09
8.51
8.92
9.31
9.72
10.15
10.56
10.95
11.36
11.79
12.24
12.67
13.09
13.53
13.96
14.36
14.76
15.17
15.59
15.99
16.42
16.84
17.27
17.67
18.12
18.55
18.99
19.43
19.88
20.31
20.77
21.2
21.61
22.03
22.44
22.85
23.25
23.66
24.07
24.48
24.87
25.26
25.66
26.06
26.47
26.87
27.28
27.67
28.08
28.5
28.9
29.33
29.73
30.16
30.57
30.99
31.38
31.77
32.18
32.58
32.98
33.4
33.81
34.21
34.63
35.05
35.46
35.83
36.2
36.59
36.97
37.36
37.77
38.16
38.55
38.94
39.31
39.71
40.1
40.51
40.92
41.31
41.7
42.1
42.5
42.93
43.38
43.81
44.22
44.67
45.08
45.49
45.9
46.32
46.73
47.15
47.55
47.96
48.36
48.78
49.18
49.58
49.98
50.39
50.8
51.22
51.66
52.07
52.49
52.92
53.34
53.74
54.14
54.54
54.94
55.34
55.74
56.15
56.56
56.98
57.4
57.81
58.21
58.63
59.03
59.43
59.82
60.22
60.64
61.07
61.49
61.92
62.34
62.75
63.18
63.6
64.01
64.41
64.8
65.17
65.54
65.96
66.37
66.78
67.22
67.62
68.01
68.38
68.75
69.16
69.57
69.99
70.4
70.81
71.2
71.56
71.94
72.35
72.76
73.18
73.62
74.04
74.46
74.86
75.27
75.67
76.09
76.52
76.98
77.42
77.85
78.27
78.7
79.13
79.55
79.98
80.43
80.86
81.28
81.7
82.14
82.56
82.99
83.43
83.89
84.33
84.74
85.17
85.58
85.99
86.42
86.83
87.25
87.68
88.1
88.52
88.95
89.39
89.8
90.22
90.66
91.08
91.49
91.91
92.34
92.73
93.14
93.58
94.03
94.46
94.9
95.32
95.76
96.18
96.61
97.02
97.45
97.86
98.26
98.65
99.07
99.47
99.88
100.28
100.69
101.12
101.52
101.93
102.34
102.75
103.14
103.54
103.93
104.35
104.75
105.17
105.58
106.0
106.41
106.82
107.22
107.65
108.06
108.48
108.9
109.32
109.73
110.15
110.54
110.95
111.35
111.77
112.16
112.58
112.98
113.41
113.8
114.22
114.65
115.08
115.49
115.93
116.35
116.79
117.2
117.63
118.05
118.47
118.9
119.32
119.74
120.16
120.59
121.04
121.47
121.87
122.27
122.68
123.11
123.51
123.89
124.32
124.73
125.13
125.54
125.96
126.4
126.82
127.25
127.73
128.21
128.68
129.12
129.58
130.05
130.53
131.01
131.5
131.96
132.42
132.85
133.31
133.75
134.22
134.69
135.14
135.57
136.01
136.41
136.79
137.19
137.59
137.98
138.39
138.76
139.16
139.58
140.05
140.5
140.9
141.32
141.72
142.11
142.49
142.87
143.26
143.64
144.02
144.41
144.8
145.19
145.58
145.96
146.36
146.75
147.14
147.55
147.99
148.44
148.88
149.33
149.72
150.12
150.51
150.95
151.38
151.81
152.34
152.83
153.35
153.87
154.38
154.87
155.35
155.84
156.32
156.84
157.35
157.83
158.24
158.68
159.1
159.48
159.87
160.26
160.67
161.07
161.46
161.86
162.28
162.68
163.08
163.47
163.89
164.29
164.71
165.11
165.53
165.95
166.35
166.73
167.13
167.52
167.89
168.28
168.68
169.08
169.46
169.85
170.26
170.66
171.07
171.48
171.89
172.31
172.72
173.14
173.54
173.95
174.35
174.76
175.18
175.61
176.03
176.44
176.85
177.28
177.69
178.12
178.57
179.0
179.41
179.82
180.24
180.68
181.1
181.52
181.94
182.36
182.77
183.2
183.62
184.03
184.44
184.88
185.37
185.84
186.3
186.74
187.17
187.59
188.01
188.46
188.87
189.3
189.73
190.17
190.57
190.94
191.34
191.72
192.13
192.5
192.92
193.35
193.78
194.21
194.64
195.07
195.49
195.91
196.34
196.77
197.15
197.51
197.91
198.27
198.67
199.03
199.46
199.9
200.32
200.76
201.19
201.63
202.04
202.46
202.89
203.31
203.78
204.22
204.68
205.11
205.53
205.96
206.39
206.81
207.23
207.67
208.1
208.51
208.94
209.37
209.81
210.24
210.67
211.09
211.53
211.94
212.36
212.79
213.2
213.63
214.03
214.45
214.86
215.28
215.68
216.14
216.57
217.0
217.44
217.89
218.33
218.75
219.15
219.57
220.01
220.43
220.83
221.25
221.69
222.11
222.51
222.93
223.37
223.77
224.19
224.61
225.05
225.49
225.89
226.32
226.75
227.16
227.57
227.95
228.34
228.72
229.09
229.47
229.84
230.21
230.58
230.95
231.31
231.68
232.05
232.5
232.92
233.36
233.77
234.22
234.64
235.08
235.51
235.97
236.41
236.83
237.25
237.65
238.07
238.51
238.95
239.41
239.85
240.29
240.7
241.09
241.5
241.91
242.34
242.73
243.15
243.57
244.03
244.45
244.89
245.33
245.79
246.23
246.64
247.08
247.49
247.9
248.31
248.72
249.13
249.54
249.95
250.37
250.78
251.2
251.61
252.04
252.45
252.86
253.26
253.67
254.08
254.49
254.9
255.29
255.69
256.09
256.49
256.89
257.28
257.69
258.09
258.51
258.91
259.32
259.71
260.12
260.5
260.87
261.22
261.61
261.96
262.37
262.77
263.18
263.56
263.95
264.31
264.71
265.09
265.49
265.9
266.29
266.68
267.08
267.48
267.9
268.34
268.76
269.17
269.6
270.01
270.41
270.83
271.24
271.66
272.09
272.49
272.9
273.29
273.7
274.11
274.51
274.91
275.32
275.74
276.17
276.6
277.02
277.45
277.87
278.3
278.73
279.18
279.6
280.01
280.41
280.82
281.24
281.64
282.08
282.48
282.89
283.3
283.71
284.12
284.52
284.91
285.31
285.74
286.15
286.58
286.99
287.42
287.84
288.24
288.66
289.08
289.47
289.86
290.24
290.62
291.04
291.45
291.86
292.28
292.69
293.07
293.45
293.84
294.25
294.65
295.06
295.47
295.89
296.27
296.64
297.02
297.42
297.82
298.23
298.66
299.07
299.48
299.88
300.27
300.66
301.1
301.53
301.99
302.43
302.85
303.27
303.7
304.15
304.58
305.0
305.44
305.86
306.27
306.7
307.13
307.58
307.99
308.43
308.86
309.28
309.68
310.09
310.5
310.91
311.33
311.73
312.16
312.57
312.98
313.39
313.82
314.24
314.65
315.07
315.49
315.93
316.33
316.75
317.17
317.57
317.98
318.4
318.82
319.25
319.67
320.1
320.53
320.94
321.36
321.79
322.2
322.63
323.04
323.46
323.87
324.27
324.68
325.08
325.49
325.91
326.31
326.73
327.13
327.54
327.93
328.34
328.74
329.14
329.54
329.95
330.36
330.78
331.18
331.58
331.98
332.4
332.8
333.21
333.62
334.04
334.45
334.86
335.25
335.66
336.07
336.48
336.87
337.29
337.68
338.09
338.47
338.89
339.32
339.74
340.16
340.59
341.0
341.42
341.84
342.26
342.68
343.11
343.52
343.96
344.38
344.79
345.22
345.66
346.09
346.48
346.87
347.28
347.69
348.09
348.47
348.87
349.29
349.69
350.1
350.51
350.95
351.37
351.82
352.3
352.8
353.28
353.74
354.22
354.67
355.13
355.6
356.06
356.51
356.94
357.34
357.74
358.15
358.56
358.97
359.38
359.81
360.22
360.63
361.01
361.41
361.82
362.2
362.59
362.98
363.36
363.75
364.14
364.55
364.94
365.33
365.71
366.09
366.5
366.87
367.26
367.66
368.09
368.52
368.93
369.36
369.78
370.19
370.62
371.04
371.48
371.92
372.35
372.76
373.19
373.64
374.05
374.52
374.97
375.42
375.85
376.3
376.76
377.21
377.63
378.07
378.51
378.95
379.39
379.83
380.29
380.73
381.17
381.59
382.02
382.47
382.89
383.32
383.74
384.13
384.5
384.85
385.22
385.6
385.96
386.35
386.71
387.07
387.44
387.83
388.18
388.55
388.94
389.29
389.66
390.05
390.41
390.76
391.09
391.44
391.79
392.15
392.49
392.86
393.19
393.56
393.89
394.26
394.59
394.94
395.29
395.66
396.0
396.34
396.72
397.06
397.45
397.8
398.19
398.54
398.93
399.29
399.67
400.02
400.44
400.82
401.24
401.66
402.07
402.46
402.88
403.3
403.7
404.09
404.49
404.89
405.29
405.72
406.16
406.6
407.04
407.46
407.91
408.36
408.78
409.24
409.66
410.1
410.56
411.0
411.44
411.88
412.29
412.72
413.16
413.6
414.03
414.46
414.89
415.31
415.74
416.19
416.66
417.15
417.62
418.08
418.51
418.98
419.42
419.83
420.26
420.7
421.14
421.56
421.99
422.41
422.84
423.27
423.67
424.07
424.49
424.9
425.31
425.71
426.14
426.53
426.95
427.34
427.73
428.13
428.51
428.89
429.27
429.66
430.03
430.42
430.82
431.23
431.65
432.1
432.56
433.01
433.47
433.9
434.35
434.8
435.23
435.65
436.06
436.49
436.89
437.31
437.74
438.16
438.57
439.0
439.43
439.85
440.27
440.69
441.12
441.53
441.94
442.33
442.73
443.09
443.46
443.84
444.21
444.58
444.95
445.32
445.68
446.06
446.43
446.81
447.18
447.57
447.96
448.38
448.79
449.21
449.63
450.06
450.46
450.88
451.3
