0.99
2.54
4.31
6.05
7.68
9.29
10.91
12.67
14.3
15.92
17.54
19.29
21.01
22.57
24.15
25.71
27.28
28.87
30.45
31.94
33.45
34.99
36.61
38.11
39.68
41.27
42.88
44.47
46.07
47.67
49.27
50.89
52.5
54.08
55.68
57.25
58.83
60.45
62.02
63.53
65.1
66.59
68.16
69.67
71.14
72.58
74.21
75.86
77.5
79.13
80.74
82.3
83.88
85.46
87.06
88.64
90.29
91.91
93.44
94.94
96.47
98.02
99.55
101.1
102.66
104.19
105.7
107.25
108.78
110.37
111.94
113.53
115.11
116.69
118.25
119.82
121.51
123.26
125.11
126.81
128.54
130.27
131.79
133.3
134.99
136.51
138.06
139.63
141.24
143.01
144.83
146.65
148.4
150.2
151.91
153.4
155.0
156.58
158.2
159.78
161.29
162.85
164.39
165.93
167.55
169.25
170.85
172.46
174.28
176.07
177.87
179.53
181.2
182.76
184.29
185.88
187.48
189.01
190.48
192.04
193.59
195.1
196.57
198.12
199.65
201.17
202.7
204.23
205.83
207.45
209.01
210.6
212.14
213.73
215.51
217.19
218.67
220.16
221.74
223.35
225.01
226.68
228.41
230.0
231.61
233.29
234.9
236.47
238.05
239.62
241.14
242.7
244.21
245.73
247.23
248.75
250.29
251.76
253.3
254.82
256.42
257.99
259.61
261.18
262.72
264.31
265.89
267.47
269.05
270.61
272.14
273.71
275.28
276.76
278.32
279.83
281.4
282.91
284.4
285.88
287.54
289.17
290.78
292.38
293.98
295.54
297.17
298.76
300.33
301.9
303.51
305.09
306.63
308.17
309.71
311.25
312.77
314.38
315.94
317.49
319.01
320.56
322.1
323.67
325.26
326.83
328.44
330.01
331.55
333.12
334.79
336.57
338.34
340.1
341.85
343.58
345.08
346.6
348.14
349.65
351.28
352.9
354.63
356.48
358.33
360.68
363.08
365.53
367.96
370.61
373.44
376.34
378.9
381.29
383.74
385.81
387.65
389.51
391.35
393.01
394.67
396.23
397.78
399.32
400.83
402.31
403.78
405.25
406.71
408.06
409.45
410.85
412.13
413.4
414.68
416.1
417.52
419.02
420.53
422.19
423.61
425.03
426.53
428.08
429.67
