0.18
1.0
1.8
2.58
3.43
4.32
5.13
6.03
6.85
7.69
8.5
9.29
10.13
10.92
11.79
12.67
13.5
14.3
15.14
15.93
16.77
17.55
18.44
19.3
20.19
21.01
21.8
22.58
23.38
24.15
24.92
25.71
26.49
27.28
28.08
28.87
29.68
30.45
31.2
31.94
32.7
33.45
34.24
35.0
35.8
36.61
37.38
38.11
38.89
39.69
40.45
41.27
42.06
42.91
43.71
44.46
45.26
46.08
46.88
47.67
48.47
49.27
50.1
50.9
51.69
52.52
53.33
54.08
54.9
55.69
56.47
57.26
58.04
58.83
59.65
60.46
61.27
62.02
62.78
63.52
64.31
65.1
65.85
66.59
67.37
68.17
68.91
69.67
70.42
71.15
71.89
72.58
73.37
74.23
75.04
75.86
76.66
77.52
78.32
79.14
79.96
80.74
81.52
82.3
83.09
83.89
84.69
85.47
86.27
87.07
87.86
88.65
89.44
90.29
91.15
91.92
92.67
93.45
94.2
94.93
95.72
96.47
97.25
98.02
98.79
99.56
100.34
101.1
101.87
102.67
103.42
104.19
104.95
105.7
106.49
107.25
108.02
108.79
109.57
110.37
111.16
111.95
112.75
113.54
114.33
115.12
115.93
116.68
117.5
118.26
119.07
119.83
120.64
121.52
122.42
123.26
124.17
125.12
125.97
126.82
127.64
128.55
129.41
130.27
131.02
131.8
132.52
133.3
134.17
134.99
135.76
136.52
137.29
138.06
138.85
139.64
140.45
141.24
142.1
142.96
143.86
144.82
145.7
146.65
147.54
148.41
149.27
150.21
151.06
151.91
152.68
153.41
154.17
155.0
155.8
156.58
157.4
158.21
159.01
159.78
160.55
161.3
162.08
162.86
163.63
164.4
165.17
165.94
166.68
167.42
168.2
168.92
169.66
170.46
171.24
172.03
172.8
173.59
174.39
175.15
175.63
176.07
176.51
176.98
177.43
177.87
178.29
178.69
179.11
179.53
179.97
180.39
180.8
181.21
181.63
182.01
182.37
182.77
183.13
183.51
183.89
184.29
184.7
185.09
185.48
185.88
186.29
186.7
187.09
187.48
187.9
188.28
188.64
189.02
189.36
189.73
190.08
190.48
190.88
191.27
191.66
192.04
192.43
192.82
193.21
193.59
194.0
194.37
194.72
195.11
195.46
195.83
196.21
196.59
196.99
197.36
197.73
198.12
198.52
198.9
199.27
199.66
200.04
200.42
200.8
201.18
201.57
201.95
202.33
202.7
203.1
203.47
203.85
204.23
204.62
205.01
205.41
205.84
206.24
206.66
207.04
207.45
207.86
208.24
208.63
209.02
209.42
209.82
210.19
210.6
210.99
211.38
211.75
212.14
212.55
212.94
213.33
213.73
214.15
214.55
214.93
215.32
215.7
216.09
216.47
216.83
217.19
217.58
217.94
218.32
218.67
219.06
219.41
219.81
220.18
220.58
220.97
221.35
221.74
222.16
222.56
222.94
223.35
223.77
224.22
224.67
225.1
225.51
225.91
226.29
226.69
227.11
227.54
227.99
228.41
228.83
229.23
229.61
230.01
230.43
230.83
231.21
231.61
232.03
232.46
232.87
233.29
233.72
234.13
234.54
234.91
235.31
235.69
236.08
236.48
236.89
237.29
237.67
238.06
238.45
238.83
239.22
239.62
240.0
240.38
240.76
241.15
241.54
241.94
242.33
242.71
243.09
243.46
243.84
244.22
244.61
244.98
245.37
245.73
246.12
246.5
246.87
247.24
247.62
248.01
248.38
248.75
249.15
249.51
249.9
250.29
250.67
251.04
251.39
251.76
252.15
252.52
252.92
253.3
253.68
254.04
254.45
254.83
255.24
255.63
256.03
256.43
256.82
257.24
257.62
258.0
258.39
258.8
259.2
259.61
260.0
260.4
260.79
261.19
261.57
261.95
262.34
262.73
263.13
263.54
263.94
264.32
264.72
265.12
265.5
265.89
266.27
266.66
267.07
267.47
267.85
268.26
268.66
269.05
269.45
269.84
270.22
270.62
271.0
271.39
271.76
272.15
272.54
272.93
273.33
273.72
274.11
274.49
274.9
275.29
275.67
276.03
276.4
276.76
277.17
277.55
277.94
278.33
278.72
279.09
279.46
279.84
280.24
280.63
281.02
281.41
281.8
282.35
282.92
283.67
284.41
285.18
285.89
286.7
287.55
288.36
289.18
289.98
290.8
291.59
292.38
293.17
293.99
294.77
295.54
296.36
297.18
297.98
298.75
299.56
300.34
301.13
301.91
302.72
303.52
304.32
305.1
305.88
306.64
307.42
308.18
308.96
309.72
310.48
311.26
312.03
312.78
313.59
314.39
315.15
315.95
316.72
317.49
318.26
319.01
319.79
320.56
321.33
322.11
322.89
323.68
324.47
325.26
326.06
326.84
327.64
328.45
329.26
330.01
330.82
331.56
332.37
333.12
333.94
334.8
335.71
336.56
337.42
338.34
339.24
340.1
340.96
341.86
342.74
343.58
344.36
345.19
345.97
346.76
347.53
348.38
349.22
350.07
350.86
351.68
352.53
353.35
354.19
355.05
355.83
356.71
357.51
358.34
359.16
359.98
360.85
361.67
362.48
363.27
364.08
364.9
365.64
366.41
367.15
367.86
368.57
369.24
369.9
370.62
371.34
372.06
372.77
373.44
374.21
374.96
375.67
376.35
376.98
377.64
378.29
378.91
379.51
380.09
380.68
381.29
381.88
382.47
383.03
383.48
383.97
384.42
384.91
385.36
385.82
386.27
386.73
387.21
387.65
388.13
388.59
389.05
389.51
389.95
390.41
390.87
391.35
391.78
392.22
392.62
393.02
393.43
393.84
394.25
394.68
395.08
395.46
395.87
396.24
396.63
397.03
397.42
397.8
398.17
398.56
398.94
399.32
399.69
400.06
400.44
400.83
401.2
401.57
401.93
402.31
402.68
403.05
403.41
403.79
404.16
404.52
404.89
405.26
405.64
406.0
406.37
406.71
407.04
407.39
407.73
408.07
408.42
408.77
409.11
409.46
409.82
410.18
410.55
410.89
411.25
411.62
411.99
412.35
412.69
413.07
413.41
413.8
414.17
414.53
414.91
415.28
415.65
416.02
416.38
416.76
417.14
417.53
417.92
418.29
418.66
419.04
419.42
419.78
420.17
420.54
420.94
421.34
421.77
422.18
422.54
422.9
423.26
423.62
423.97
424.32
424.68
425.04
425.41
425.8
426.16
426.53
426.93
427.31
427.7
428.09
428.48
428.88
429.25
429.66
430.05
430.44
430.81
431.22
431.59
