0.18
0.58
0.98
1.39
1.78
2.2
2.6
3.01
3.46
3.91
4.38
4.84
5.29
5.77
6.19
6.63
7.03
7.42
7.82
8.23
8.63
9.0
9.39
9.8
10.21
10.59
11.0
11.39
11.81
12.23
12.66
13.09
13.5
13.89
14.28
14.7
15.12
15.51
15.92
16.34
16.76
17.14
17.54
17.96
18.37
18.8
19.24
19.66
20.08
20.51
20.96
21.39
21.8
22.21
22.6
23.01
23.41
23.83
24.22
24.62
25.02
25.42
25.83
26.22
26.61
27.01
27.44
27.87
28.28
28.7
29.11
29.54
29.94
30.36
30.75
31.13
31.53
31.91
32.3
32.7
33.09
33.48
33.89
34.3
34.68
35.05
35.42
35.82
36.23
36.63
37.04
37.44
37.84
38.22
38.62
39.03
39.42
39.83
40.25
40.66
41.05
41.43
41.84
42.22
42.59
42.95
43.31
43.69
44.09
44.48
44.87
45.26
45.66
46.08
46.47
46.9
47.3
47.69
48.07
48.47
48.86
49.24
49.64
50.07
50.46
50.87
51.27
51.68
52.07
52.47
52.88
53.31
53.74
54.14
54.52
54.92
55.33
55.73
56.15
56.57
56.97
57.37
57.76
58.15
58.55
58.94
59.34
59.74
60.14
60.56
60.95
61.36
61.75
62.17
62.57
62.98
63.4
63.77
64.14
64.5
64.91
65.32
65.73
66.13
66.56
66.93
67.29
67.65
68.06
68.48
68.9
69.31
69.72
70.1
70.48
70.87
71.27
71.65
72.02
72.4
72.8
73.18
73.54
73.94
74.31
74.66
75.03
75.4
75.79
76.14
76.52
76.9
77.31
77.74
78.15
78.54
78.95
79.38
79.79
80.19
80.59
81.02
81.41
81.81
82.21
82.62
83.03
83.42
83.81
84.21
84.61
85.0
85.37
85.74
86.13
86.51
86.9
87.28
87.68
88.07
88.46
88.87
89.3
89.71
90.1
90.49
90.89
91.31
91.69
92.09
92.5
92.9
93.29
93.69
94.1
94.49
94.87
95.26
95.67
96.06
96.44
96.82
97.24
97.65
98.06
98.49
98.94
99.37
99.76
100.18
100.58
101.0
101.4
101.79
102.18
102.58
102.98
103.4
103.8
104.23
104.63
105.02
105.41
105.83
106.23
106.65
107.06
107.5
107.9
108.32
108.73
109.15
109.55
109.96
110.36
110.76
111.17
111.58
111.97
112.39
112.79
113.21
113.62
114.04
114.45
114.86
115.27
115.67
116.07
116.49
116.9
117.31
117.73
118.14
118.56
119.0
119.42
119.84
120.22
120.63
121.04
121.43
121.82
122.22
122.65
123.04
123.48
123.89
124.32
124.7
125.06
125.46
125.84
126.2
126.6
126.98
127.34
127.72
128.1
128.52
128.93
129.36
129.79
130.2
130.58
130.97
131.33
131.71
132.12
132.55
132.99
133.43
133.85
134.25
134.65
135.04
135.44
135.85
136.26
136.69
137.09
137.55
137.98
138.41
138.86
139.3
139.7
140.09
140.49
140.87
141.27
141.66
142.04
142.43
142.82
143.22
143.61
143.99
144.4
144.79
145.18
145.58
146.01
146.45
146.89
147.32
147.74
148.16
148.56
148.98
149.42
149.86
150.32
150.74
151.16
151.61
152.03
152.45
152.81
153.17
153.54
153.91
154.34
154.77
155.21
155.65
156.06
156.43
156.82
157.22
157.61
158.02
158.4
158.84
159.26
159.71
160.15
160.58
161.01
161.42
161.81
162.2
162.61
163.01
163.41
163.82
164.22
164.61
165.01
165.41
165.8
166.18
166.54
166.9
167.27
167.66
168.06
168.45
168.84
169.23
169.64
170.07
170.48
170.89
171.28
171.67
172.06
172.44
172.83
173.19
173.57
173.95
174.34
174.75
175.13
175.53
175.92
176.29
176.7
177.1
177.51
177.9
178.29
178.7
179.12
179.54
179.94
180.33
180.7
181.11
181.49
181.87
182.26
182.67
183.06
183.45
183.84
184.21
184.62
184.99
185.41
185.84
186.3
186.76
187.24
187.72
188.19
188.63
189.11
189.5
189.93
190.33
190.74
191.15
191.52
191.91
192.31
192.69
193.08
193.48
193.89
194.3
194.74
195.15
195.6
196.03
196.44
196.86
197.28
197.66
198.06
198.46
198.85
199.24
199.63
200.04
200.45
200.88
201.3
201.74
202.18
202.6
203.0
203.41
203.8
204.18
204.58
204.98
205.37
205.76
206.16
206.57
206.96
207.35
207.75
208.16
208.56
208.96
209.36
209.74
210.14
210.53
210.93
211.33
211.73
212.13
212.5
212.85
213.18
213.54
213.88
214.27
214.68
215.07
215.44
215.84
216.26
216.66
217.04
217.44
217.85
218.25
218.63
219.02
219.42
219.82
220.19
220.58
220.99
221.38
221.74
222.13
222.52
222.9
223.25
223.6
223.98
224.32
224.71
225.06
225.45
225.8
226.19
226.54
226.92
227.3
227.65
228.02
228.39
228.79
229.21
229.62
230.04
230.44
230.88
231.31
231.75
232.21
232.65
233.09
233.53
233.94
234.37
234.79
235.19
235.56
235.96
236.36
236.75
237.12
237.51
237.91
238.32
238.7
239.12
239.52
239.95
240.36
240.78
241.2
241.64
242.06
242.48
242.89
243.29
243.69
244.1
244.5
244.91
245.32
245.72
246.13
246.54
246.94
247.35
247.75
248.16
248.56
248.97
249.39
249.79
250.21
250.62
251.03
251.41
251.81
252.22
252.63
253.03
253.44
253.85
254.26
254.67
255.08
255.48
255.89
256.31
256.75
257.17
257.59
257.98
258.37
258.78
259.19
259.57
259.93
260.31
260.72
261.11
261.51
261.93
262.33
262.71
263.09
263.5
263.87
264.22
264.59
264.96
265.33
265.73
266.14
266.53
266.92
267.32
267.74
268.14
268.56
268.96
269.37
269.76
270.16
270.57
270.95
271.35
271.75
272.17
272.57
272.96
273.36
273.76
274.15
274.58
275.02
275.46
275.84
276.23
276.61
277.0
277.41
277.81
278.22
278.61
279.0
279.39
279.8
280.2
280.6
280.99
281.39
281.8
282.19
282.59
283.0
283.39
283.8
284.2
284.62
285.03
285.4
285.76
286.14
286.54
286.94
287.36
287.77
288.19
288.55
288.91
289.28
289.7
290.09
290.5
290.93
291.34
291.73
292.1
292.5
292.9
293.29
293.66
294.07
294.46
294.84
295.22
295.61
296.05
296.51
296.95
297.41
297.83
298.24
298.65
299.06
299.48
299.87
300.28
300.7
301.1
301.48
301.88
302.31
302.72
303.12
303.52
303.95
304.35
304.75
305.14
305.56
305.98
306.42
306.83
307.23
307.62
308.02
308.4
308.81
309.2
309.6
310.0
310.42
310.84
311.23
311.62
312.02
312.42
312.8
313.19
313.59
314.01
314.39
314.79
315.21
315.6
315.98
316.37
316.78
317.17
317.56
317.95
318.38
318.78
319.18
319.61
320.05
320.49
320.89
321.3
321.69
322.09
322.49
322.86
323.25
323.66
324.05
324.47
324.86
325.27
325.67
326.05
326.45
326.87
327.26
327.67
328.06
328.49
328.88
329.31
329.71
330.13
330.53
330.94
331.33
331.74
332.14
332.55
332.95
333.37
333.78
334.19
334.6
335.02
335.42
335.83
336.25
336.66
337.07
337.48
337.89
338.31
338.72
339.12
339.55
339.99
340.42
340.85
341.24
341.65
342.08
342.49
342.88
343.3
343.73
344.13
344.57
345.0
345.43
345.86
346.3
346.76
347.25
347.71
348.17
348.66
349.13
349.56
349.99
350.45
350.89
351.28
351.66
352.05
352.43
352.82
353.25
353.68
354.12
354.56
354.97
355.36
355.74
356.14
356.53
356.95
357.36
357.8
358.25
358.7
359.14
359.56
360.0
360.44
360.9
361.34
361.78
362.17
362.55
362.94
363.33
363.72
364.1
364.51
364.9
365.31
365.73
366.17
366.6
367.02
367.47
367.9
368.31
368.7
369.12
369.52
369.93
370.34
370.77
371.15
371.54
371.92
372.32
372.7
373.09
373.48
373.89
374.27
374.64
375.01
375.39
375.76
376.13
376.49
376.83
377.21
377.56
377.92
378.27
378.64
378.99
379.36
379.73
380.09
380.45
380.85
381.26
381.66
382.07
382.5
382.91
383.32
383.71
384.13
384.54
384.94
385.33
385.75
386.15
386.55
386.94
387.33
387.75
388.14
388.54
388.93
389.33
389.73
390.13
390.55
390.93
391.35
391.75
392.12
392.53
392.9
393.31
393.68
394.07
394.46
394.87
395.24
395.65
396.02
396.43
396.8
397.21
397.58
397.99
398.38
398.77
399.16
399.55
399.94
400.32
400.7
401.1
401.49
401.89
402.25
402.65
403.03
403.41
403.79
404.18
404.6
405.0
405.4
405.8
406.2
406.59
406.98
407.39
407.8
408.19
408.6
409.01
409.44
409.84
410.22
410.62
411.02
411.43
411.84
412.22
412.62
413.02
413.41
413.78
414.18
414.57
414.96
415.35
415.75
416.15
416.54
416.94
417.35
417.75
418.14
418.54
418.95
419.34
419.74
420.15
420.55
420.95
421.35
421.73
422.13
422.54
422.94
423.34
423.74
424.15
424.54
424.92
425.3
425.68
426.08
426.46
426.84
427.25
427.69
428.1
428.53
428.96
429.41
429.84
430.27
430.69
431.15
431.59
432.01
432.45
432.9
433.35
433.79
434.23
434.65
435.1
435.49
435.9
436.3
436.7
437.11
437.53
437.95
438.39
438.85
439.27
439.71
440.13
440.55
440.93
441.29
441.66
442.04
442.4
442.78
443.17
443.56
443.94
444.32
444.7
445.07
445.47
445.86
446.26
446.68
447.12
447.54
447.95
448.37
448.78
