2.59
4.36
5.98
7.81
9.38
10.99
12.66
14.28
15.91
17.54
19.24
20.98
22.6
24.22
25.82
27.44
29.11
30.74
32.29
33.89
35.43
37.04
38.62
40.24
41.83
43.67
45.25
46.89
48.47
50.06
51.67
53.3
54.91
56.56
58.15
59.74
61.35
62.98
64.49
66.13
67.65
69.3
70.86
72.4
74.21
76.07
77.73
79.37
81.01
82.62
84.38
86.12
87.67
89.29
90.88
92.5
94.09
95.66
97.24
98.93
100.57
102.16
103.8
105.4
107.06
108.72
110.35
111.96
113.61
115.26
116.89
118.55
120.21
121.81
123.47
125.22
127.11
128.92
130.73
132.53
134.24
135.85
137.54
139.3
140.87
142.43
143.99
145.57
147.31
148.97
150.72
152.44
153.98
155.64
157.21
158.83
160.58
162.2
163.82
165.4
166.89
168.44
170.06
171.66
173.4
175.13
176.7
178.28
179.95
181.75
183.57
185.38
187.25
189.1
190.73
192.3
193.88
195.41
196.85
198.45
200.03
201.66
203.41
204.98
206.56
208.15
209.73
211.32
212.85
214.26
215.83
217.43
219.0
220.56
222.41
224.25
226.18
228.25
230.44
232.31
234.18
236.11
237.9
239.51
241.2
242.88
244.49
246.13
247.74
249.38
251.02
252.62
254.25
255.77
257.19
258.77
260.31
261.92
263.5
265.32
266.91
268.56
270.15
271.74
273.35
275.02
276.6
278.21
279.79
281.38
282.99
284.61
286.13
287.76
289.27
290.92
292.49
294.07
295.61
297.39
299.06
300.69
302.3
303.94
305.55
307.22
308.8
310.41
312.01
313.59
315.2
316.77
318.37
320.04
321.68
323.24
324.85
326.44
328.05
329.71
331.33
332.95
334.59
336.24
337.89
339.54
341.23
342.87
344.56
346.3
348.08
349.67
351.28
352.82
354.55
356.13
357.8
359.57
361.33
362.93
364.5
366.16
368.3
370.76
373.66
376.81
379.73
382.93
386.1
389.15
392.1
395.21
398.37
401.48
404.56
407.38
409.43
411.01
412.61
414.19
415.74
417.34
418.95
420.54
422.12
423.73
425.29
426.84
428.53
430.25
431.93
433.49
435.1
436.7
438.38
440.13
441.65
443.16
444.7
446.25
447.95
