0.0
1.03
2.05
3.05
4.04
4.98
5.89
6.81
7.6
8.36
9.15
9.91
10.66
11.44
12.17
12.9
13.59
14.26
14.91
15.58
16.28
16.96
17.63
18.24
18.91
19.54
20.2
20.92
21.56
22.27
22.93
23.52
24.14
24.79
25.38
26.02
26.65
27.34
28.04
28.68
29.29
29.95
30.6
31.27
31.95
32.61
33.23
33.92
34.55
35.27
35.99
36.65
37.35
38.1
38.81
39.52
40.21
40.9
41.62
42.37
43.08
43.88
44.74
45.38
46.04
46.68
47.37
48.0
48.67
49.45
50.19
50.91
51.67
52.38
53.08
53.78
54.41
55.11
55.73
56.32
56.95
57.58
58.24
58.86
59.56
60.22
60.97
61.66
62.37
63.13
63.85
64.62
65.33
66.08
66.81
67.57
68.31
69.04
69.81
70.51
71.28
71.98
72.69
73.36
73.96
74.55
75.17
75.79
76.48
77.18
77.8
78.38
78.99
79.65
80.31
80.99
81.61
82.2
82.83
83.47
84.2
84.89
85.58
86.23
86.93
87.68
88.39
89.08
89.79
90.54
91.24
91.99
92.7
93.38
94.06
94.71
95.37
96.09
96.86
97.57
98.35
99.07
99.74
100.44
101.12
101.82
102.45
103.14
103.76
104.43
105.05
105.66
106.29
106.93
107.59
108.21
108.85
109.52
110.16
110.77
111.49
112.24
112.96
113.74
114.48
115.16
115.91
116.59
117.28
118.0
118.68
119.41
120.17
120.88
121.46
122.09
122.69
123.29
123.9
124.55
125.17
125.77
126.38
127.03
127.65
128.3
128.93
129.59
130.21
130.83
131.53
132.24
132.99
133.72
134.43
135.16
135.93
136.6
137.32
137.97
138.66
139.36
140.1
140.8
141.44
142.12
142.78
143.41
144.08
144.69
145.29
145.91
146.56
147.16
147.79
148.38
148.93
149.51
150.11
150.76
151.39
152.0
152.65
153.28
153.97
154.68
155.41
156.17
156.86
157.49
158.08
158.7
159.3
159.87
160.54
161.18
161.91
162.61
163.23
163.9
164.5
165.06
165.6
166.17
166.71
167.23
167.78
168.3
168.85
169.38
169.95
170.45
171.0
171.53
172.04
172.58
173.1
173.62
174.13
174.65
175.21
175.86
176.53
177.16
177.83
178.46
179.08
179.73
180.33
180.99
181.61
182.24
182.86
183.5
184.14
184.78
185.45
186.09
186.72
187.35
187.95
188.56
189.19
189.86
190.48
191.17
191.81
192.43
193.07
193.73
194.29
194.86
195.44
196.08
196.69
197.28
197.96
198.67
199.4
200.09
200.78
201.52
202.2
202.95
203.69
204.46
205.17
205.94
206.67
207.41
208.14
208.9
209.62
210.3
211.03
211.77
212.46
213.22
213.99
214.8
215.57
216.36
217.1
217.88
218.65
219.47
220.23
221.06
221.84
222.63
223.43
224.25
225.07
225.83
226.55
227.35
228.07
228.85
229.6
230.27
231.01
231.67
232.38
233.07
233.8
234.4
235.03
235.69
236.25
236.82
237.41
238.02
238.67
239.29
239.88
240.5
241.13
241.72
242.33
242.91
243.46
243.98
244.54
245.06
245.61
246.14
246.71
247.26
247.89
248.49
249.19
249.94
250.65
251.29
251.98
252.67
253.32
254.03
254.67
255.28
255.92
256.56
257.23
257.83
258.45
259.07
259.69
260.3
260.94
261.55
262.14
262.76
263.31
263.88
264.42
265.04
265.75
266.41
267.12
267.82
268.48
269.18
269.91
270.59
271.24
271.93
272.61
273.22
273.88
274.52
275.08
275.68
276.27
276.93
277.57
278.19
278.86
279.47
280.11
280.79
281.44
282.13
282.75
283.43
284.04
284.69
285.3
285.95
286.51
287.13
287.71
288.28
288.9
289.49
290.04
290.62
291.22
291.86
292.46
293.13
293.77
294.38
295.04
295.68
296.28
296.91
297.57
298.18
298.77
299.33
299.87
300.42
300.96
301.47
302.01
302.5
303.07
303.68
304.24
304.79
305.39
305.95
306.53
307.09
307.64
308.26
308.89
309.53
310.15
310.76
311.36
311.99
312.66
313.29
313.99
314.64
315.31
315.93
316.7
317.44
318.23
319.08
319.86
320.69
321.65
322.53
323.47
324.51
325.47
326.53
327.53
328.51
329.41
330.37
331.28
332.15
333.08
333.99
334.98
335.98
337.04
338.13
339.19
340.19
341.22
342.24
343.27
344.2
345.17
346.17
347.16
348.19
349.16
350.12
351.14
352.1
353.07
354.04
355.05
355.97
357.04
358.03
359.04
360.12
361.26
362.21
363.15
364.14
365.06
366.04
366.98
367.94
368.96
369.92
370.86
371.8
372.68
373.64
374.49
375.37
376.32
377.28
378.37
379.37
380.38
381.48
382.56
383.64
384.6
385.62
386.58
387.62
388.49
389.42
390.38
391.29
392.16
393.02
393.9
394.82
395.69
396.53
397.43
398.29
399.15
400.04
400.79
401.59
402.36
403.09
403.91
404.69
405.39
406.13
406.84
407.59
408.34
409.03
409.76
410.43
411.13
411.77
412.4
413.08
413.71
414.34
414.94
415.59
416.29
416.99
417.67
418.38
419.08
419.79
420.48
421.2
421.97
422.7
423.37
424.0
424.65
425.35
425.98
426.66
427.27
427.93
428.58
429.29
430.0
430.69
431.46
432.2
433.06
433.9
434.7
435.54
436.33
437.08
437.73
438.42
439.13
439.84
440.5
441.16
441.85
442.57
443.31
444.02
444.77
445.56
446.27
447.06
447.78
448.47
449.19
449.91
450.68
451.37
452.17
452.91
453.66
454.5
455.36
456.24
457.13
457.94
458.85
459.68
