4.01
7.59
10.66
13.59
16.27
18.91
21.55
24.14
26.66
29.29
32.07
35.29
38.58
41.62
44.72
47.35
50.17
53.08
56.04
58.85
61.67
64.62
67.56
70.5
73.36
75.79
78.37
81.0
83.46
86.22
89.07
91.98
94.69
97.56
100.44
103.13
105.65
108.18
110.77
113.33
115.91
118.42
120.88
123.26
125.76
128.05
130.21
132.98
135.92
138.65
141.43
144.09
146.55
148.93
151.38
153.96
156.84
159.29
161.89
164.49
166.7
168.84
171.36
174.89
178.46
181.95
185.73
189.53
193.38
197.28
201.08
204.7
208.26
211.76
215.88
220.13
224.49
228.84
232.95
236.59
240.18
243.98
248.23
251.98
255.9
259.68
263.3
266.4
269.17
271.92
274.52
276.92
279.44
281.97
284.95
288.75
292.97
296.91
300.41
303.67
307.63
311.08
314.63
318.38
322.26
325.77
329.39
333.07
337.04
341.21
345.17
349.15
353.07
357.1
360.46
363.43
366.03
368.67
371.57
374.47
377.54
381.47
385.61
389.41
393.01
396.87
400.78
404.69
407.59
410.42
413.01
415.59
418.39
421.19
423.97
426.73
430.11
433.21
436.33
439.12
441.84
444.75
447.78
450.75
453.64
457.16
