1.65
2.99
4.28
5.56
6.89
8.19
9.63
11.06
12.48
13.82
15.17
16.56
17.96
19.23
20.52
21.89
23.23
24.6
26.02
27.36
28.63
29.91
31.16
32.36
33.51
34.72
35.96
37.26
38.57
39.92
41.25
42.55
43.83
45.19
46.54
47.89
49.18
50.49
51.83
53.16
54.53
55.85
57.14
58.42
59.82
61.25
62.65
64.05
65.46
66.89
68.26
69.63
70.98
72.26
73.6
74.87
76.18
77.45
78.73
80.03
81.43
82.83
84.21
85.64
87.07
88.39
89.71
91.04
92.38
93.66
94.93
96.21
97.51
98.83
100.12
101.57
102.88
104.16
105.53
106.86
108.18
109.52
110.8
112.07
113.38
114.72
115.97
117.22
118.45
119.73
121.02
122.27
123.52
124.78
126.06
127.29
128.53
129.79
131.07
132.43
133.83
135.27
136.7
138.06
139.33
140.63
141.99
143.33
144.67
145.97
147.22
148.46
149.7
150.92
152.13
153.41
154.7
156.02
157.37
158.77
160.09
161.39
162.74
164.07
165.36
166.65
167.88
169.18
170.5
171.84
173.19
174.53
175.85
177.21
178.59
179.9
181.35
182.88
184.36
185.76
187.1
188.53
189.93
191.3
192.71
194.08
195.39
196.71
198.09
199.45
200.81
202.16
203.43
204.71
205.99
207.25
208.49
209.78
211.05
212.31
213.62
214.89
216.27
217.61
218.9
220.17
221.5
222.82
224.14
225.48
226.78
228.11
229.45
230.77
232.04
233.3
234.57
235.93
237.46
239.12
240.66
242.12
243.53
244.86
246.25
247.58
248.86
250.15
251.42
252.73
254.02
255.29
256.63
258.12
259.56
260.97
262.44
263.89
265.28
266.75
268.29
270.14
272.02
274.1
276.12
