0.3
0.64
1.0
1.33
1.66
2.0
2.35
2.67
2.99
3.34
3.66
3.98
4.29
4.62
4.94
5.25
5.57
5.9
6.21
6.56
6.89
7.22
7.54
7.86
8.19
8.55
8.92
9.28
9.64
9.99
10.37
10.71
11.07
11.43
11.79
12.12
12.48
12.81
13.16
13.48
13.82
14.18
14.5
14.84
15.18
15.52
15.86
16.21
16.57
16.93
17.28
17.63
17.96
18.29
18.6
18.92
19.24
19.57
19.89
20.2
20.53
20.88
21.22
21.55
21.9
22.25
22.58
22.91
23.23
23.57
23.91
24.23
24.6
24.95
25.28
25.64
26.02
26.38
26.73
27.04
27.37
27.69
28.01
28.32
28.64
28.96
29.29
29.61
29.91
30.23
30.54
30.85
31.16
31.46
31.77
32.09
32.42
32.74
33.05
33.37
33.69
34.01
34.34
34.66
34.98
35.3
35.64
35.97
36.29
36.62
36.94
37.27
37.6
37.94
38.25
38.58
38.89
39.24
39.59
39.93
40.27
40.6
40.93
41.25
41.57
41.91
42.23
42.55
42.88
43.2
43.52
43.83
44.17
44.51
44.85
45.19
45.54
45.88
46.2
46.55
46.88
47.22
47.55
47.9
48.22
48.54
48.86
49.18
49.5
49.82
50.15
50.49
50.82
51.17
51.5
51.84
52.17
52.52
52.84
53.16
53.5
53.85
54.19
54.54
54.86
55.21
55.52
55.85
56.19
56.5
56.83
57.14
57.46
57.79
58.13
58.45
58.78
59.12
59.47
59.83
60.19
60.54
60.86
61.2
61.55
61.89
62.25
62.6
62.96
63.32
63.67
64.04
64.39
64.76
65.1
65.46
65.82
66.18
66.54
66.89
67.24
67.59
67.93
68.26
68.6
68.94
69.3
69.64
69.97
70.32
70.66
70.98
71.32
71.64
71.95
72.27
72.59
72.92
73.27
73.6
73.92
74.24
74.56
74.87
75.2
75.53
75.87
76.19
76.5
76.82
77.14
77.46
77.79
78.11
78.43
78.74
79.06
79.38
79.7
80.03
80.39
80.72
81.07
81.44
81.79
82.14
82.47
82.83
83.16
83.52
83.85
84.18
84.5
84.82
85.13
85.45
85.77
86.09
86.42
86.75
87.07
87.39
87.74
88.07
88.4
88.71
89.06
89.38
89.71
90.03
90.39
90.72
91.05
91.39
91.75
92.09
92.4
92.73
93.04
93.36
93.69
94.01
94.31
94.63
94.94
95.26
95.58
95.89
96.21
96.54
96.86
97.2
97.52
97.85
98.17
98.52
98.84
99.15
99.48
99.8
100.12
100.48
100.86
101.22
101.58
101.9
102.22
102.56
102.88
103.19
103.52
103.84
104.16
104.5
104.85
105.18
105.53
105.88
106.22
106.55
106.86
107.2
107.54
107.85
108.18
108.51
108.84
109.19
109.52
109.85
110.16
110.49
110.8
111.12
111.45
111.76
112.08
112.4
112.73
113.08
113.39
113.72
114.07
114.4
114.73
115.05
115.36
115.66
115.98
116.29
116.6
116.91
117.22
117.53
117.84
118.14
118.45
118.76
119.09
119.41
119.72
120.05
120.38
120.7
121.02
121.36
121.67
121.97
122.28
122.59
122.9
123.21
123.53
123.84
124.15
124.47
124.79
125.1
125.42
125.74
126.06
126.37
126.68
126.98
127.29
127.61
127.92
128.22
128.54
128.85
129.17
129.49
129.8
130.13
130.45
130.76
131.08
131.41
131.73
132.05
132.37
132.69
133.0
133.33
133.65
133.96
134.28
134.61
134.93
135.25
135.57
135.88
136.2
136.53
136.84
137.14
137.45
137.76
138.07
138.39
138.7
139.01
139.32
139.67
140.0
140.31
140.64
140.99
141.32
141.64
141.99
142.32
142.66
143.0
143.34
143.67
144.01
144.34
144.68
145.0
145.32
145.65
145.98
146.29
146.62
146.93
147.24
147.54
147.86
148.16
148.47
148.79
149.1
149.4
149.71
150.02
150.33
150.62
150.92
151.22
151.52
151.83
152.13
152.45
152.77
153.1
153.42
153.74
154.05
154.37
154.7
155.05
155.37
155.69
156.02
156.36
156.71
157.03
157.38
157.73
158.1
158.45
158.78
159.11
159.43
159.75
160.1
160.43
160.76
161.07
161.4
161.73
162.06
162.39
162.74
163.07
163.42
163.75
164.07
164.4
164.73
165.04
165.36
165.68
166.0
166.32
166.65
166.99
167.31
167.6
167.88
168.18
168.47
168.75
169.04
169.34
169.62
169.91
170.2
170.5
170.79
171.08
171.37
171.66
171.95
172.23
172.53
172.87
173.2
173.55
173.89
174.21
174.53
174.88
175.2
175.52
175.86
176.22
176.56
176.89
177.22
177.57
177.9
178.26
178.6
178.92
179.26
179.57
179.91
180.24
180.62
180.99
181.36
181.74
182.14
182.5
182.9
183.28
183.64
184.0
184.37
184.73
185.08
185.41
185.76
186.11
186.43
186.78
187.11
187.45
187.81
188.17
188.54
188.91
189.26
189.6
189.94
190.27
190.61
190.98
191.31
191.67
192.02
192.38
192.72
193.05
193.39
193.73
194.09
194.42
194.75
195.06
195.39
195.72
196.05
196.39
196.73
197.09
197.41
197.75
198.09
198.45
198.79
199.12
199.47
199.8
200.15
200.47
200.81
201.18
201.53
201.86
202.24
202.62
203.02
203.39
203.76
204.14
204.55
204.95
205.38
205.81
206.23
206.65
207.05
207.53
207.97
208.46
208.94
209.47
210.01
210.54
211.09
211.66
212.32
212.97
213.63
214.26
214.9
215.59
216.28
216.97
217.61
218.26
218.9
219.55
220.18
220.84
221.5
222.19
222.82
223.5
224.15
224.83
225.49
226.14
226.78
227.47
228.11
228.77
229.45
230.14
230.77
231.43
232.05
232.65
233.3
233.94
234.61
235.23
235.93
236.62
237.26
237.89
238.52
239.19
239.9
240.65
241.41
242.14
242.86
243.54
244.22
244.88
245.56
246.27
246.94
247.59
248.23
248.88
249.52
250.16
250.8
251.43
252.08
252.74
253.38
254.03
254.8
255.56
256.26
257.03
257.76
258.48
259.18
259.92
260.61
261.33
262.09
262.83
263.51
264.24
264.94
265.63
266.35
267.14
267.89
268.72
269.45
270.15
270.81
271.54
272.19
272.88
273.62
274.3
275.08
275.79
276.62
277.38
278.2
279.01
279.81
