2.62
4.9
7.15
9.42
11.71
14.0
16.24
18.51
20.74
22.98
25.25
27.49
29.74
32.04
34.31
36.59
38.87
41.16
43.42
45.66
47.96
50.26
52.52
54.79
57.02
59.2
61.41
63.7
65.98
67.33
68.48
69.63
70.76
71.9
73.06
74.2
75.37
76.52
77.69
78.88
80.04
81.22
82.45
83.58
84.73
85.89
87.05
88.22
89.41
90.58
91.77
92.94
94.11
95.3
96.47
97.66
98.87
100.08
101.29
102.48
103.65
104.84
106.11
107.39
108.68
109.96
111.24
112.52
113.8
115.05
116.3
117.57
118.83
120.1
121.38
122.66
123.98
125.27
126.61
127.96
129.15
130.34
131.55
132.78
134.0
135.23
136.48
137.71
139.03
140.68
142.34
