0.26
0.87
1.45
2.03
2.63
3.21
3.76
4.34
4.91
5.46
6.01
6.6
7.15
7.72
8.29
8.85
9.43
10.01
10.58
11.15
11.72
12.3
12.87
13.46
14.0
14.59
15.13
15.69
16.26
16.84
17.4
17.96
18.52
19.08
19.66
20.21
20.76
21.31
21.87
22.43
22.99
23.56
24.13
24.69
25.26
25.82
26.38
26.94
27.5
28.07
28.64
29.19
29.75
30.32
30.88
31.49
32.05
32.61
33.18
33.76
34.32
34.89
35.48
36.04
36.6
37.18
37.74
38.32
38.89
39.46
40.04
40.6
41.17
41.73
42.28
42.87
43.43
43.99
44.58
45.13
45.67
46.24
46.83
47.4
47.97
48.55
49.16
49.73
50.27
50.83
51.41
51.98
52.53
53.08
53.66
54.23
54.8
55.37
55.94
56.46
57.02
57.55
58.1
58.65
59.2
59.75
60.31
60.86
61.42
61.98
62.56
63.15
63.71
64.27
64.85
65.42
65.99
66.51
67.07
67.62
68.19
68.78
69.36
69.92
70.48
71.06
71.62
72.22
72.77
73.36
73.93
74.49
75.09
75.67
76.24
76.83
77.4
77.99
78.6
79.16
79.75
80.34
80.93
81.52
82.14
82.75
83.3
83.87
84.45
85.02
85.61
86.19
86.77
87.36
87.94
88.52
89.11
89.7
90.29
90.88
91.48
92.08
92.66
93.25
93.83
94.42
95.02
95.59
96.17
96.77
97.37
97.97
98.58
99.2
99.79
100.4
101.0
101.59
102.2
102.79
103.38
103.94
104.54
105.16
105.83
106.44
107.1
107.73
108.37
109.01
109.65
110.29
110.92
111.56
112.21
112.86
113.49
114.13
114.75
115.36
116.0
116.62
117.27
117.87
118.51
119.15
119.8
120.43
121.08
121.71
122.35
123.0
123.64
124.32
124.96
125.59
126.25
126.8
127.39
127.97
128.56
129.16
129.75
130.34
130.95
131.56
132.17
132.79
133.39
134.01
134.63
135.25
135.87
136.48
137.1
137.71
138.36
139.04
139.82
140.53
141.41
142.35
143.29
144.23
145.11
