0.5
2.5
4.47
6.43
8.43
10.41
12.41
14.49
16.58
18.63
20.72
22.75
24.76
26.78
28.83
30.89
32.96
35.06
37.22
39.8
42.11
44.14
46.19
48.24
50.3
52.35
54.38
56.45
58.53
60.47
62.56
64.64
66.56
68.46
70.51
72.57
74.68
76.81
78.94
81.04
83.17
85.5
87.62
89.74
91.85
93.95
96.03
98.16
100.27
102.39
104.49
106.63
108.74
110.86
112.97
114.97
116.99
119.04
121.07
123.11
125.18
127.24
129.38
131.49
133.56
135.68
137.77
139.89
141.95
143.99
146.06
148.19
150.31
152.49
154.61
156.78
158.92
161.1
163.26
165.46
167.58
169.75
171.88
173.99
176.04
178.11
180.15
182.16
184.03
186.02
188.01
189.9
191.53
193.15
194.75
196.43
198.1
199.75
201.38
203.06
204.74
206.31
208.03
209.77
211.49
