0.0
0.51
1.03
1.52
2.02
2.5
2.98
3.49
3.98
4.47
4.96
5.45
5.93
6.43
6.95
7.45
7.95
8.44
8.93
9.43
9.92
10.42
10.93
11.42
11.92
12.43
12.95
13.47
14.0
14.5
15.01
15.53
16.05
16.59
17.1
17.61
18.13
18.63
19.18
19.68
20.2
20.73
21.24
21.75
22.25
22.75
23.26
23.76
24.28
24.76
25.27
25.78
26.27
26.78
27.29
27.8
28.31
28.84
29.35
29.86
30.38
30.9
31.42
31.93
32.45
32.96
33.49
34.03
34.56
35.07
35.59
36.13
36.65
37.21
37.72
38.23
38.76
39.27
39.81
40.33
40.86
41.42
41.97
42.5
43.02
43.53
44.02
44.54
45.05
45.56
46.07
46.59
47.1
47.59
48.08
48.54
49.02
49.53
50.05
50.56
51.07
51.57
52.1
52.6
53.12
53.63
54.13
54.65
55.16
55.67
56.19
56.71
57.24
57.76
58.34
58.87
59.44
59.97
60.48
61.0
61.52
62.05
62.57
63.09
63.61
64.14
64.65
65.17
65.68
66.26
66.88
67.47
67.98
68.47
68.99
69.49
70.01
70.51
71.03
71.54
72.06
72.58
73.11
73.63
74.16
74.69
75.23
75.75
76.27
76.81
77.38
77.91
78.44
78.95
79.47
79.98
80.52
81.04
81.58
82.09
82.62
83.18
83.68
84.21
84.73
85.24
85.75
86.29
86.84
87.36
87.9
88.42
88.92
89.39
89.87
90.34
90.84
91.34
91.85
92.35
92.89
93.41
93.96
94.46
95.01
95.52
96.04
96.56
97.07
97.61
98.18
98.72
99.24
99.73
100.27
100.8
101.33
101.86
102.39
102.9
103.45
103.96
104.49
105.01
105.56
106.08
106.64
107.15
107.68
108.2
108.74
109.29
109.81
110.33
110.86
111.4
111.92
112.45
112.97
113.48
113.98
114.49
114.98
115.48
115.99
116.5
117.0
117.51
118.02
118.53
119.05
119.56
120.06
120.56
121.08
121.6
122.11
122.61
123.12
123.64
124.15
124.67
125.19
125.7
126.23
126.75
127.25
127.75
128.29
128.82
129.39
129.92
130.43
130.97
131.49
132.01
132.53
133.04
133.57
134.11
134.64
135.17
135.68
136.2
136.73
137.25
137.78
138.29
138.83
139.35
139.89
140.42
140.91
141.43
141.95
142.47
142.98
143.49
144.0
144.51
145.02
145.52
146.06
146.58
147.1
147.63
148.2
148.73
149.27
149.79
150.31
150.84
151.38
151.92
152.5
153.05
153.57
154.08
154.62
155.17
155.7
156.26
156.79
157.32
157.85
158.41
158.93
159.47
160.03
160.58
161.11
161.66
162.2
162.74
163.26
163.81
164.35
164.93
165.47
166.01
166.53
167.06
167.58
168.12
168.66
169.2
169.76
170.3
170.83
171.37
171.89
172.41
172.94
173.47
173.99
174.51
175.04
175.55
176.05
176.56
177.07
177.59
178.11
178.63
179.15
179.67
180.16
180.65
181.18
181.65
182.18
182.67
183.14
183.59
184.08
184.53
185.02
185.53
186.02
186.52
187.02
187.51
188.01
188.52
189.04
189.52
189.9
190.31
190.71
191.12
191.54
191.94
192.35
192.75
193.16
193.58
193.97
194.37
194.76
195.17
195.57
195.99
196.44
196.87
197.28
197.69
198.1
198.52
198.93
199.34
199.76
200.17
200.58
200.98
201.39
201.79
202.21
202.64
203.06
203.47
203.9
204.32
204.75
205.19
205.65
206.07
206.53
206.97
207.41
207.83
208.26
208.68
209.13
209.55
209.97
210.42
210.84
211.28
211.72
212.19
212.63
213.11
