0.43
1.03
1.66
2.24
2.84
3.43
4.07
4.7
5.31
5.93
6.56
7.23
7.87
8.53
9.26
10.0
10.69
11.37
12.0
12.69
13.35
13.99
14.64
15.33
16.09
16.82
17.59
18.31
19.02
19.77
20.48
21.23
21.94
22.76
23.62
24.73
25.79
26.81
27.87
28.96
30.07
31.18
32.12
33.06
34.04
35.0
35.85
36.73
37.6
38.6
39.52
40.5
41.54
42.57
43.47
44.42
45.35
46.29
47.33
48.29
49.22
50.14
51.16
52.22
53.23
54.2
55.19
56.24
57.31
58.27
59.17
60.14
61.2
62.2
63.19
64.25
65.28
66.37
67.28
68.23
69.22
70.1
71.06
71.96
72.85
73.72
74.64
75.62
76.58
77.58
78.47
79.38
80.28
81.22
82.13
83.06
84.04
84.94
85.91
86.8
87.7
88.57
89.49
90.29
91.17
91.95
92.83
93.75
94.66
95.53
96.43
97.25
98.09
98.95
99.79
100.68
101.67
102.67
103.66
104.57
105.52
106.57
107.56
108.64
109.55
110.54
111.48
112.41
113.27
114.16
115.12
116.15
117.1
118.13
119.19
120.07
121.04
121.93
122.89
123.79
124.72
125.65
126.58
127.56
128.38
129.2
130.06
130.8
131.54
132.2
132.84
133.49
134.2
134.99
135.73
136.48
137.2
137.97
138.9
139.9
140.8
141.74
142.63
143.58
144.49
145.35
146.34
147.27
148.25
149.26
150.3
151.32
152.4
153.44
154.46
155.5
156.52
157.58
158.56
159.48
160.39
161.35
162.29
163.26
164.25
165.16
166.15
167.19
168.18
169.17
170.27
171.34
172.35
173.42
174.45
175.43
176.38
177.39
178.36
179.38
180.14
180.95
181.69
182.47
183.21
183.97
184.69
185.4
186.11
186.76
187.44
188.14
188.84
189.55
190.21
190.91
191.61
192.26
192.89
193.52
194.19
194.81
195.5
196.18
196.91
197.63
198.34
199.11
199.93
200.71
201.47
202.2
202.94
203.7
204.37
205.01
205.64
206.33
206.96
207.59
208.28
208.93
209.7
210.41
211.15
211.89
212.71
213.56
214.35
215.08
215.79
216.52
217.29
217.99
218.76
219.53
220.25
221.03
221.78
222.56
223.32
224.07
224.8
225.57
226.34
227.09
227.84
228.61
229.39
230.12
230.89
231.69
232.49
233.33
234.04
234.77
235.48
236.21
236.98
237.67
238.42
239.25
240.19
241.06
241.94
243.06
244.09
245.1
246.02
246.98
247.82
248.73
249.59
250.54
251.56
252.64
253.73
254.67
255.72
256.81
257.77
258.81
259.9
260.89
261.96
263.03
264.02
265.04
266.17
267.21
268.3
269.45
270.48
271.59
272.72
273.79
274.81
275.73
276.68
277.79
278.86
279.96
281.1
282.17
283.19
284.19
285.28
286.28
287.3
288.28
289.33
290.23
291.2
292.11
293.01
293.91
294.82
295.63
296.44
297.3
298.07
299.0
299.9
300.8
301.73
302.62
303.59
304.5
305.45
306.4
307.38
308.34
309.32
310.26
311.27
312.24
313.22
314.19
315.16
316.05
316.93
317.91
318.88
319.82
320.73
321.77
322.8
323.79
324.85
325.85
326.92
327.95
328.83
329.83
330.89
331.97
333.1
334.13
335.24
336.34
337.42
338.55
339.49
340.53
341.51
342.55
343.58
344.57
345.63
346.62
347.68
348.82
349.89
350.85
351.89
352.88
353.85
354.9
355.78
356.67
357.58
358.51
359.43
360.32
361.34
362.27
363.23
364.19
365.15
366.14
367.04
367.97
368.89
369.78
370.65
371.49
372.4
373.34
374.26
375.24
376.17
377.21
378.34
379.23
380.06
380.87
381.77
382.8
383.71
384.69
385.59
386.46
387.29
388.14
388.91
389.7
390.4
391.12
391.78
392.49
393.12
393.8
394.47
395.1
395.87
396.64
397.42
398.16
398.92
399.63
400.37
401.18
402.17
403.04
403.92
404.88
405.94
406.94
407.86
408.83
409.77
410.86
411.91
412.93
413.93
414.97
415.97
417.08
418.02
419.04
420.07
420.96
421.95
422.87
423.77
424.72
425.67
426.59
427.48
428.49
429.46
430.47
431.43
432.45
433.46
434.51
435.51
436.5
437.6
438.66
439.77
440.85
441.97
443.08
444.1
445.1
446.13
447.18
448.19
449.16
450.13
451.19
452.23
453.32
454.33
455.41
456.48
457.52
458.61
459.68
460.67
461.78
462.78
463.88
464.92
465.97
466.96
468.04
469.06
470.13
471.27
472.33
473.43
474.47
475.55
476.68
477.72
478.67
479.61
480.46
481.36
482.3
483.26
484.22
485.22
486.22
487.04
487.84
488.61
489.41
490.2
490.76
491.35
491.97
492.52
493.12
493.68
494.25
494.78
495.34
495.92
496.46
497.05
497.6
498.17
498.68
499.25
499.77
500.27
500.8
501.34
501.93
502.49
503.1
503.65
504.27
504.86
505.6
506.43
507.26
508.03
508.83
509.6
510.36
511.17
511.96
512.77
513.52
514.3
515.04
515.84
516.61
517.35
518.11
518.91
519.69
520.44
521.2
522.0
522.84
523.6
524.35
525.16
525.89
526.66
527.45
528.24
528.97
529.76
530.52
531.34
532.09
532.9
533.7
534.51
535.33
536.14
536.95
537.86
538.82
539.71
540.62
541.58
542.5
543.38
544.36
545.24
546.22
547.15
548.06
548.98
549.94
550.83
551.88
552.94
554.03
555.07
556.09
557.22
558.29
559.31
560.38
561.41
562.41
563.34
564.32
565.28
566.23
567.2
568.24
569.22
570.15
571.16
572.18
573.12
574.11
575.15
576.13
577.1
578.12
579.02
579.96
580.91
581.85
582.74
583.69
584.58
585.4
586.26
587.03
587.75
588.52
589.31
590.09
590.88
591.68
592.51
593.29
594.19
595.07
595.98
596.93
597.8
598.8
599.76
600.68
601.56
602.53
603.4
604.32
