3.14
7.0
10.69
14.85
18.75
22.75
26.81
31.17
34.99
38.58
42.48
46.28
50.15
54.0
58.03
62.22
66.36
70.09
73.71
77.56
81.21
84.94
88.55
91.94
95.53
98.95
102.66
106.56
110.53
114.16
118.13
121.93
125.64
129.19
132.25
135.54
139.56
143.29
147.27
151.32
155.5
159.48
163.25
167.19
171.27
175.43
179.37
182.46
185.6
189.35
193.5
197.4
200.71
203.7
206.32
208.93
211.88
215.07
217.98
221.02
224.06
227.08
230.11
233.34
236.22
239.24
242.99
246.97
250.53
254.66
258.86
262.84
267.2
271.58
275.73
279.94
284.06
287.63
291.19
294.81
298.05
301.73
305.44
309.31
313.22
316.92
320.38
323.78
326.91
330.25
333.3
336.34
339.49
343.58
347.67
351.44
355.21
359.04
363.22
367.04
370.64
374.0
377.19
380.45
384.07
387.28
390.4
393.59
396.63
399.63
402.67
406.06
409.73
413.59
417.49
421.4
425.21
428.95
432.82
436.86
441.15
445.07
448.71
451.8
454.76
457.88
461.09
464.5
468.04
472.32
476.67
480.45
484.22
488.44
492.47
495.91
499.24
502.32
505.59
508.82
511.96
515.03
518.1
521.25
524.35
527.45
530.51
533.7
536.95
540.61
544.27
548.06
551.68
554.88
557.9
560.68
563.33
565.9
568.55
571.15
574.49
578.11
581.84
585.4
588.51
591.67
594.73
597.79
