0.0
0.99
1.96
2.97
3.98
5.02
6.06
7.1
8.12
9.17
10.1
11.04
12.03
12.89
13.77
14.56
15.39
16.15
16.94
17.78
18.54
19.34
20.14
20.96
21.77
22.52
23.32
24.01
24.71
25.33
25.99
26.68
27.32
27.97
28.63
29.3
29.92
30.5
31.11
31.72
32.34
32.95
33.5
34.02
34.56
35.07
35.61
36.12
36.65
37.21
37.74
38.28
38.8
39.35
39.91
40.5
41.1
41.67
42.2
42.75
43.3
43.87
44.42
44.92
45.39
45.89
46.39
46.93
47.46
47.98
48.47
48.99
49.52
50.03
50.58
51.13
51.71
52.21
52.74
53.25
53.74
54.24
54.77
55.31
55.88
56.44
56.99
57.52
58.06
58.61
59.18
59.72
60.19
60.67
61.17
61.68
62.31
62.93
63.54
64.09
64.68
65.25
65.8
66.37
66.96
67.48
68.02
68.56
69.13
69.64
70.18
70.72
71.26
71.83
72.32
72.83
73.34
73.9
74.48
75.08
75.65
76.19
76.73
77.29
77.95
78.61
79.25
79.88
80.55
81.24
81.9
82.61
83.27
83.95
84.56
85.21
85.89
86.61
87.29
87.94
88.48
89.02
89.54
90.06
90.64
91.28
91.89
92.5
93.18
93.81
94.48
95.13
95.74
96.36
97.01
97.62
98.26
98.79
99.35
99.93
100.44
100.9
101.39
101.91
102.39
102.85
103.33
103.82
104.29
104.81
105.36
105.9
106.48
107.05
107.66
108.25
108.72
109.19
109.68
110.13
110.6
111.07
111.56
112.2
112.83
113.45
114.04
114.69
115.21
115.78
116.34
116.88
117.41
117.96
118.51
119.09
119.64
120.16
120.71
121.29
121.83
122.32
122.82
123.34
123.88
124.48
125.12
125.76
126.41
127.08
127.59
128.11
128.62
129.09
129.57
130.06
130.58
131.18
131.74
132.33
132.9
133.51
134.09
134.64
135.16
135.71
136.29
136.94
137.65
138.34
139.21
140.17
141.11
141.95
142.77
143.61
144.45
145.36
146.21
147.03
147.89
148.81
149.71
150.66
151.66
152.47
153.26
154.04
154.78
155.53
156.34
157.17
157.97
158.72
159.43
160.24
161.05
161.9
162.73
163.51
164.32
165.17
166.03
166.92
167.72
168.53
169.33
170.12
170.91
171.71
172.51
173.33
174.14
174.96
175.79
176.59
177.48
178.35
179.35
180.4
181.36
182.38
183.38
184.49
185.6
186.59
187.62
188.69
189.66
190.67
191.63
192.57
193.5
194.46
195.46
196.38
197.39
198.3
199.28
200.3
201.24
202.16
203.09
204.03
204.86
205.76
206.59
207.47
208.22
209.02
209.8
210.52
211.28
212.08
212.89
213.57
214.28
215.0
215.69
216.38
217.06
217.81
218.56
219.29
220.06
220.79
221.56
222.36
223.19
223.99
224.82
225.63
226.49
227.29
228.15
229.04
229.88
230.74
231.54
232.42
233.29
234.09
234.96
235.82
236.69
237.46
238.28
239.24
240.23
241.17
242.11
243.01
243.95
244.9
245.91
246.91
247.92
248.94
250.03
251.17
252.21
253.26
254.35
255.45
256.53
257.68
258.69
259.64
260.59
261.55
262.5
263.46
264.46
265.5
266.44
267.44
268.42
269.37
270.35
271.29
272.22
273.12
274.06
275.15
276.22
277.37
278.37
279.39
280.5
281.52
282.59
283.64
284.76
285.85
286.74
287.6
288.51
289.41
290.22
291.09
292.01
293.02
293.96
294.92
295.84
296.69
297.6
298.59
299.64
300.64
301.7
302.69
303.78
304.91
305.87
306.88
307.81
308.79
309.64
310.53
311.39
312.34
313.27
314.34
315.39
316.39
317.47
318.4
319.38
320.29
321.19
322.09
323.01
323.9
324.89
325.79
326.75
327.69
328.64
329.68
330.66
331.61
332.54
333.43
334.39
335.27
336.22
337.1
337.96
338.89
339.87
340.78
341.73
342.73
343.67
344.69
345.64
346.56
347.5
348.54
349.49
350.39
351.29
352.25
353.13
354.06
354.92
355.74
356.59
357.47
358.38
359.28
360.12
361.06
362.04
363.02
363.94
364.91
365.89
366.88
367.82
368.8
369.87
371.01
372.06
373.18
374.28
375.28
376.34
377.46
378.54
379.63
380.7
381.8
382.79
383.79
384.59
385.39
386.24
387.0
387.8
388.63
389.4
390.21
391.12
391.96
392.84
393.7
394.69
395.74
396.77
397.75
398.73
399.78
400.78
401.74
402.71
403.68
404.6
405.49
406.36
407.15
407.78
408.38
409.0
409.49
409.95
410.42
410.88
411.35
411.84
412.31
412.75
413.21
413.69
414.14
414.6
415.06
415.53
416.02
416.49
416.96
417.39
417.79
418.23
418.63
419.02
419.42
419.79
420.18
420.59
421.03
421.47
421.93
422.37
422.81
423.23
423.68
424.11
424.57
425.02
425.46
425.96
426.42
426.92
427.4
427.86
428.35
428.83
429.3
429.78
430.28
430.74
431.22
431.72
432.18
432.66
433.14
433.66
434.15
434.69
435.27
435.82
436.39
436.96
437.53
438.1
438.59
439.06
439.56
440.0
440.43
440.89
441.31
441.77
442.25
442.76
443.29
443.8
444.32
444.81
445.31
445.85
446.33
446.84
447.34
447.88
448.5
449.12
449.71
450.34
450.96
451.54
452.13
452.76
453.35
453.92
454.5
455.14
455.83
456.48
457.11
457.78
458.39
459.04
459.76
460.54
461.42
462.37
463.3
464.2
465.04
465.82
466.61
467.4
468.21
469.0
469.83
470.73
471.56
472.42
473.23
474.13
475.0
475.87
476.81
477.68
478.53
479.43
480.29
481.13
481.99
482.83
483.71
484.56
485.52
486.42
487.31
488.25
489.18
490.03
490.94
491.86
492.74
493.7
494.59
495.55
496.48
497.41
498.37
499.34
500.28
501.19
502.13
503.09
504.09
505.13
506.07
507.08
508.09
509.1
510.11
511.1
512.02
512.95
513.89
514.93
515.99
516.94
517.85
518.74
519.65
520.57
521.54
522.49
523.46
524.33
525.2
526.11
527.02
527.84
528.71
529.52
530.32
531.09
531.92
532.69
533.52
534.3
535.11
536.04
536.91
537.84
538.73
539.53
540.35
541.23
542.05
542.89
543.69
544.53
545.39
546.29
547.13
548.02
548.89
549.71
550.61
551.39
552.26
553.1
553.88
554.75
555.56
556.4
557.32
558.19
558.96
559.75
560.59
561.37
562.15
562.99
563.77
564.52
565.25
566.02
566.73
567.49
568.23
569.03
569.83
570.6
571.41
572.31
573.27
574.27
575.23
576.13
577.01
577.86
578.75
579.7
580.65
581.54
582.54
583.51
584.46
585.45
586.37
587.37
588.33
589.26
590.15
591.12
592.05
592.97
593.95
594.9
595.83
596.75
597.67
598.57
599.36
600.13
600.88
601.69
602.42
603.2
604.03
604.82
605.6
606.31
607.08
607.76
608.5
609.21
609.96
610.64
611.35
611.99
612.62
613.26
613.91
614.52
615.19
615.83
616.45
617.08
617.73
618.41
619.03
619.71
620.32
621.0
621.65
622.32
623.01
623.69
624.41
625.13
625.8
626.51
627.19
627.93
628.59
629.28
629.95
630.65
631.31
632.03
632.72
633.48
634.23
634.98
635.7
636.43
637.21
638.03
638.81
639.65
640.42
641.15
641.9
642.69
643.39
644.12
644.88
645.61
646.34
647.04
647.77
