5.01
9.17
12.89
16.14
19.3
22.51
25.32
27.98
30.5
32.94
35.07
37.21
39.35
41.66
43.87
45.88
47.97
50.03
52.2
54.24
56.44
58.61
60.67
62.62
64.68
66.94
69.1
71.28
73.34
75.65
77.95
80.54
83.26
85.71
87.61
89.53
91.88
94.26
96.01
98.0
99.93
101.9
103.82
105.9
108.25
110.12
112.19
114.68
116.88
119.07
121.24
123.33
125.75
128.11
130.05
132.05
134.09
136.28
139.2
142.78
146.2
149.7
153.26
156.33
160.24
164.32
168.15
171.45
175.38
179.53
183.34
187.17
190.96
194.74
198.29
202.16
205.76
209.01
212.07
214.99
217.8
220.79
223.99
227.51
231.53
234.96
238.27
242.11
245.9
249.97
253.97
257.99
262.18
266.43
270.35
274.06
277.37
281.52
285.84
290.03
293.96
297.59
301.69
305.86
309.64
313.25
316.39
319.37
323.01
326.74
330.65
334.39
337.96
341.73
345.64
349.49
353.13
356.59
360.11
363.31
367.2
371.08
375.23
379.63
383.79
386.93
390.21
393.69
397.74
401.73
405.48
408.99
412.79
416.48
419.77
423.12
426.92
429.94
433.16
436.95
440.43
444.32
448.22
452.02
455.16
458.2
461.42
465.12
469.2
473.51
477.25
480.79
484.56
488.4
492.49
496.65
500.93
505.12
509.09
512.94
516.94
520.57
524.32
527.83
531.09
534.3
537.43
540.65
544.52
548.48
552.07
555.15
558.39
561.69
565.35
569.03
572.3
575.22
578.34
581.54
584.88
588.32
592.04
595.83
599.43
602.89
606.13
609.2
611.99
614.55
617.08
619.69
622.31
625.13
627.93
630.65
633.47
636.42
639.01
641.89
644.87
