4.93
9.15
13.33
17.48
21.51
24.07
26.51
28.99
30.92
32.78
34.69
36.75
38.77
40.66
42.44
44.18
45.94
47.74
49.74
51.87
54.29
56.54
58.86
61.12
63.44
65.34
67.32
69.59
71.88
74.33
76.64
78.98
80.84
82.74
84.78
86.89
89.09
90.95
92.75
94.54
96.48
98.67
100.94
103.36
105.7
108.33
111.01
113.09
115.24
117.73
120.61
123.7
127.67
131.73
134.73
137.69
141.58
145.36
148.98
152.36
155.67
159.19
162.68
166.12
170.01
173.63
177.7
182.11
186.14
190.26
194.38
197.45
200.64
204.06
207.23
210.5
213.83
217.12
220.73
224.93
229.0
232.47
236.18
239.33
242.48
245.79
249.2
252.69
256.38
260.47
264.25
268.19
272.33
276.3
280.01
283.83
287.59
291.63
295.8
299.38
302.83
306.44
310.57
314.91
319.04
322.59
326.05
329.33
332.27
334.78
337.61
340.51
343.52
346.96
350.13
353.39
356.45
359.24
362.45
365.83
368.96
372.58
376.09
379.37
382.66
385.69
388.63
391.56
394.44
397.4
400.58
403.7
407.02
411.0
415.01
418.02
420.97
423.84
427.17
429.79
432.25
434.69
437.01
439.45
441.94
444.17
446.34
448.61
450.87
453.04
455.95
459.16
462.51
466.04
469.6
473.12
476.91
480.85
484.29
487.7
491.12
494.7
498.3
501.75
504.89
508.05
511.1
514.94
518.83
521.68
524.75
527.95
531.0
534.01
537.17
540.57
543.8
546.93
549.97
553.17
556.26
559.22
562.19
565.04
567.89
570.61
573.15
576.16
579.22
582.42
585.46
588.46
591.64
595.16
598.62
601.94
604.96
607.69
610.25
612.99
615.69
618.61
622.09
625.9
