0.57
1.69
2.75
3.89
4.93
6.07
7.13
8.12
9.16
10.22
11.18
12.21
13.33
14.38
15.36
16.39
17.49
18.53
19.63
20.44
21.25
22.12
22.76
23.47
24.07
24.69
25.31
25.94
26.54
27.17
27.8
28.43
29.02
29.64
30.29
30.89
31.39
31.84
32.32
32.79
33.24
33.7
34.19
34.7
35.21
35.73
36.26
36.75
37.25
37.76
38.28
38.8
39.26
39.74
40.24
40.67
41.13
41.56
42.01
42.45
42.87
43.31
43.77
44.19
44.63
45.08
45.51
45.95
46.41
46.85
47.29
47.72
48.24
48.7
49.22
49.75
50.31
50.83
51.35
51.88
52.45
53.05
53.68
54.28
54.84
55.41
55.99
56.57
57.18
57.74
58.29
58.86
59.46
60.03
60.57
61.14
61.71
62.29
62.88
63.45
63.91
64.39
64.88
65.35
65.84
66.31
66.82
67.33
67.89
68.45
69.04
69.6
70.13
70.7
71.29
71.88
72.49
73.1
73.73
74.34
74.96
75.54
76.08
76.66
77.17
77.61
78.07
78.53
79.01
79.45
79.91
80.4
80.86
81.34
81.84
82.3
82.78
83.28
83.81
84.31
84.78
85.29
85.78
86.33
86.89
87.45
87.98
88.54
89.09
89.55
90.02
90.48
90.96
91.39
91.84
92.29
92.76
93.21
93.64
94.09
94.54
95.03
95.56
96.07
96.59
97.11
97.66
98.18
98.68
99.21
99.77
100.32
100.95
101.61
102.23
102.79
103.37
103.93
104.5
105.09
105.71
106.29
106.95
107.65
108.3
109.05
109.8
110.42
111.02
111.65
112.15
112.61
113.1
113.6
114.12
114.66
115.25
115.83
116.45
117.03
117.73
118.4
119.15
119.91
120.62
121.38
122.19
122.96
123.69
124.62
125.68
126.63
127.68
128.75
129.74
130.79
131.74
132.69
133.7
134.74
135.79
136.72
137.69
138.66
139.65
140.66
141.58
142.54
143.46
144.44
145.4
146.41
147.3
148.14
149.01
149.87
150.78
151.6
152.36
153.13
154.02
154.85
155.67
156.49
157.35
158.25
159.19
160.05
160.89
161.78
162.68
163.52
164.35
165.25
166.12
167.09
167.98
168.96
170.02
170.93
171.84
172.7
173.63
174.56
175.5
176.38
177.3
178.29
179.2
180.18
181.24
182.15
183.09
184.05
185.13
186.15
187.21
188.2
189.19
190.24
191.14
191.97
192.76
193.55
194.39
195.21
196.1
197.01
197.97
198.94
199.87
200.87
201.75
202.69
203.59
204.54
205.38
206.2
207.08
207.95
208.77
209.64
210.5
211.32
212.2
213.04
213.84
214.67
215.47
216.21
216.98
217.71
218.44
219.21
220.0
220.73
221.55
222.31
223.13
223.88
224.71
225.52
226.38
227.18
228.02
228.94
229.81
230.63
231.57
232.47
233.4
234.39
235.32
236.19
237.13
238.06
238.89
239.75
240.68
241.52
242.48
243.39
244.36
245.29
246.06
246.86
247.62
248.39
249.2
249.99
250.89
251.82
252.73
253.61
254.49
255.42
256.38
257.18
257.98
258.82
259.7
260.61
261.54
262.46
263.34
264.25
265.18
266.16
267.18
268.2
269.3
270.39
271.33
272.32
273.33
274.37
275.32
276.24
277.19
278.16
279.14
280.04
280.99
281.98
282.93
283.84
284.73
285.73
286.65
287.58
288.59
289.61
290.58
291.51
292.39
293.33
294.21
295.15
296.01
296.79
297.65
298.33
299.05
299.81
300.5
301.22
302.03
302.84
303.72
304.59
305.4
306.24
307.1
307.98
308.76
309.61
310.38
311.18
311.97
312.76
313.48
314.25
314.92
315.65
316.34
317.02
317.78
318.58
319.34
320.09
320.91
321.74
322.6
323.44
324.28
325.16
326.06
326.97
327.73
328.53
329.34
330.11
330.85
331.6
332.27
332.93
333.55
334.14
334.78
335.48
336.17
336.89
337.62
338.35
339.07
339.82
340.51
341.21
341.94
342.68
343.53
344.35
345.11
345.95
346.73
347.6
348.41
349.27
350.13
350.92
351.78
352.56
353.4
354.18
355.02
355.75
356.46
357.15
357.84
358.54
359.24
359.93
360.77
361.53
362.45
363.37
364.16
364.99
365.83
366.62
367.41
368.19
368.99
369.88
370.77
371.68
372.59
373.52
374.39
375.22
376.08
377.04
378.04
378.97
379.86
380.79
381.77
382.67
383.58
384.56
385.46
386.53
387.54
388.62
389.61
390.54
391.5
392.47
393.33
394.25
395.13
395.86
396.66
397.4
398.18
398.96
399.76
400.56
401.3
402.12
402.88
403.7
404.44
405.22
406.1
407.02
408.08
409.08
410.03
411.01
412.09
413.19
414.27
415.39
416.21
417.08
418.03
419.04
419.97
420.97
422.05
423.05
423.85
424.57
425.34
425.97
426.65
427.29
427.93
428.6
429.23
429.8
430.4
431.01
431.62
432.26
432.85
433.45
434.06
434.7
435.3
435.88
436.45
437.02
437.59
438.21
438.82
439.47
440.07
440.68
441.33
441.94
442.48
443.05
443.62
444.19
444.79
445.32
445.82
446.35
446.91
447.51
448.05
448.62
449.22
449.79
450.34
450.88
451.41
451.99
452.52
453.06
453.78
454.52
455.25
455.96
456.74
457.52
458.3
459.04
459.78
460.61
461.38
462.24
463.06
463.93
464.78
465.59
466.41
467.25
468.04
468.87
469.75
470.66
471.54
472.34
473.13
473.92
474.74
475.53
476.41
477.25
478.15
479.08
479.98
480.86
481.76
482.58
483.47
484.3
485.11
485.96
486.8
487.7
488.55
489.37
490.22
491.14
491.99
492.88
493.83
494.71
495.58
496.48
497.43
498.31
499.21
500.15
500.96
501.76
502.52
503.33
504.1
504.91
505.73
506.52
507.27
508.06
508.8
509.6
510.35
511.11
512.0
512.98
513.92
514.94
515.88
516.93
517.95
518.84
519.78
520.64
521.51
522.34
523.17
524.01
524.77
525.6
526.39
527.19
527.96
528.69
529.49
530.21
531.01
531.75
532.62
533.42
534.3
535.11
536.01
536.85
537.64
538.52
539.35
540.18
541.04
541.84
542.71
543.56
544.35
545.07
545.84
546.58
547.29
548.07
548.88
549.65
550.47
551.26
552.08
552.88
553.64
554.48
555.35
556.26
557.23
558.28
559.23
560.24
561.25
562.2
563.16
564.13
565.04
566.01
566.97
567.91
568.88
569.78
570.73
571.57
572.34
573.16
573.91
574.62
575.37
576.17
576.9
577.69
578.45
579.21
580.0
580.83
581.61
582.42
583.16
583.93
584.72
585.47
586.2
586.96
587.74
588.47
589.24
590.01
590.82
591.65
592.49
593.42
594.27
595.17
596.05
596.91
597.78
598.63
599.46
600.17
600.93
601.58
602.3
602.98
603.63
604.33
604.98
605.63
606.3
606.99
607.68
608.35
608.97
609.65
610.29
610.99
611.63
612.29
613.0
613.68
614.35
615.02
615.69
616.39
617.1
617.86
618.62
619.45
620.31
621.2
622.1
623.03
623.97
624.97
625.91
626.8
627.69
628.63
