0.51
1.12
1.69
2.27
2.88
3.48
4.01
4.55
5.1
5.68
6.23
6.75
7.25
7.75
8.25
8.77
9.29
9.86
10.46
11.0
11.57
12.17
12.71
13.31
13.85
14.42
15.02
15.51
16.01
16.52
17.03
17.57
18.06
18.54
18.99
19.48
19.93
20.42
20.95
21.52
22.06
22.57
23.11
23.67
24.2
24.77
25.29
25.9
26.5
27.08
27.67
28.22
28.73
29.26
29.8
30.32
30.84
31.39
31.88
32.43
32.92
33.44
33.99
34.51
35.03
35.54
36.04
36.56
37.1
37.67
38.21
38.71
39.22
39.74
40.28
40.75
41.23
41.71
42.16
42.63
43.11
43.59
44.06
44.53
44.99
45.5
46.04
46.62
47.14
47.69
48.28
48.9
49.49
50.07
50.58
51.1
51.59
52.07
52.54
53.02
53.52
54.07
54.57
55.08
55.7
56.36
56.99
57.68
58.33
59.0
59.71
60.44
61.04
61.63
62.26
62.85
63.48
64.2
64.89
65.57
66.2
66.9
67.58
68.2
68.87
69.54
70.05
70.54
71.05
71.56
72.1
72.6
73.07
73.57
74.08
74.62
75.17
75.69
76.2
76.76
77.27
77.79
78.35
78.87
79.36
79.88
80.4
80.98
81.58
82.17
82.71
83.29
83.86
84.44
84.96
85.5
86.07
86.57
87.09
87.6
88.1
88.62
89.15
89.68
90.25
90.77
91.33
91.86
92.4
92.92
93.49
94.1
94.66
95.24
95.84
96.39
96.93
97.51
98.08
98.58
99.11
99.65
100.2
100.73
101.28
101.83
102.3
102.78
103.25
103.74
104.27
104.83
105.33
105.87
106.41
106.91
107.45
107.94
108.47
108.97
109.5
110.02
110.52
111.1
111.72
112.34
112.96
113.54
114.15
114.79
115.39
115.96
116.5
117.03
117.55
118.08
118.59
119.11
119.66
120.15
120.64
121.14
121.65
122.15
122.64
123.14
123.71
124.22
124.82
125.4
126.02
126.53
127.05
127.58
128.11
128.67
129.17
129.7
130.26
130.79
131.31
131.85
132.35
132.91
133.41
133.97
134.48
135.04
135.64
136.27
136.84
137.46
138.05
138.64
139.24
139.9
140.59
141.28
142.04
142.93
143.81
144.64
145.46
146.32
147.19
147.99
148.83
149.71
150.74
151.7
152.53
153.4
154.28
155.16
155.96
156.74
157.54
158.32
159.14
159.89
160.69
161.49
162.32
163.09
163.89
164.7
165.49
166.48
167.47
168.43
169.27
170.02
170.79
171.73
172.68
173.54
174.48
175.36
176.27
177.23
178.1
178.92
179.75
180.67
181.6
182.51
183.47
184.37
185.44
186.5
187.64
188.6
189.7
190.73
191.66
192.66
193.6
194.53
195.49
196.53
197.47
198.49
199.47
200.44
201.35
202.28
203.16
204.07
204.89
205.67
206.48
207.36
208.16
209.04
209.87
210.66
211.39
212.17
212.91
213.73
214.53
215.27
216.06
216.83
217.55
218.3
219.0
219.74
220.45
221.19
221.97
222.74
223.48
224.21
224.95
225.75
226.5
227.39
228.27
229.09
229.94
230.82
231.75
232.75
233.7
234.71
235.76
236.74
237.74
238.79
239.81
240.85
241.8
242.78
243.74
244.67
245.72
246.73
247.73
248.72
249.64
250.58
251.57
252.45
253.38
254.32
255.27
256.19
257.09
258.0
258.88
259.78
260.72
261.57
262.52
263.31
264.15
265.01
266.01
267.01
267.93
269.0
270.0
270.95
271.86
272.91
273.99
275.03
276.03
276.86
277.73
278.53
279.36
280.23
281.08
281.94
282.87
283.87
284.79
285.77
286.75
287.7
288.69
289.7
290.65
291.55
292.44
293.36
294.3
295.17
296.11
296.95
297.88
298.78
299.64
300.53
301.44
302.35
303.23
304.12
305.03
305.97
306.75
307.63
308.42
309.31
310.31
311.23
312.18
313.02
313.93
314.71
315.49
316.32
317.1
317.85
318.59
319.37
320.11
320.88
321.6
322.33
323.08
323.82
324.57
325.27
325.89
326.51
327.09
327.69
328.31
328.88
329.48
330.09
330.7
331.26
331.82
332.39
332.97
333.55
334.08
334.63
335.21
335.73
336.29
336.84
337.39
337.93
338.5
339.08
339.58
340.07
340.59
341.11
341.6
342.11
342.69
343.21
343.85
344.47
345.09
345.77
346.44
347.11
347.8
348.55
349.24
350.0
350.75
351.58
352.43
353.2
353.92
354.69
355.44
356.12
356.84
357.58
358.29
359.04
359.76
360.57
361.46
362.29
363.11
364.04
364.95
365.89
366.9
368.01
369.1
370.21
371.29
372.35
373.29
374.3
375.22
376.17
377.11
378.11
379.14
380.07
381.09
382.03
382.96
383.96
384.81
385.62
386.44
387.38
388.31
389.26
390.16
391.1
392.08
392.92
393.79
394.62
395.32
396.01
396.72
397.46
398.14
398.85
399.56
400.29
401.01
401.69
402.38
403.1
403.84
404.73
405.56
406.42
407.35
408.27
409.15
410.02
410.97
411.82
412.72
413.7
414.62
415.52
416.4
417.27
418.18
419.05
419.85
420.71
421.58
422.43
423.3
424.08
424.89
425.75
426.53
427.39
428.33
429.35
430.29
431.26
432.2
433.12
433.97
434.77
435.6
436.43
437.25
438.15
438.95
439.92
440.94
441.85
442.91
443.89
444.97
445.94
446.93
448.06
449.16
450.16
451.24
452.26
453.37
454.39
455.41
456.51
457.56
458.56
459.68
460.71
461.74
462.82
463.88
464.97
466.08
467.18
468.27
469.36
470.42
471.42
472.44
473.51
474.59
475.69
476.73
477.77
478.86
479.89
480.94
481.96
483.05
484.02
485.03
486.06
487.07
488.11
489.19
490.21
491.22
492.3
493.4
494.4
495.47
496.5
497.62
498.68
499.76
500.74
501.83
502.8
503.83
504.84
505.77
506.77
507.69
508.69
509.65
510.54
511.45
512.42
513.36
514.27
515.15
515.93
516.75
517.59
518.37
519.16
519.96
520.79
521.55
522.37
523.15
523.95
524.75
525.58
526.37
527.19
527.95
528.79
529.59
530.35
531.35
532.32
533.28
534.26
535.25
536.22
537.24
538.22
539.17
540.19
541.15
542.14
543.14
544.04
544.87
545.8
546.75
547.6
548.5
549.28
550.13
550.97
551.82
552.6
553.52
554.43
555.26
556.23
557.18
558.17
559.15
560.08
561.04
561.93
562.86
563.85
564.81
565.78
566.81
567.77
568.75
569.77
570.68
571.66
572.63
573.5
574.39
575.32
576.21
577.07
577.94
578.84
579.68
580.59
581.44
582.34
583.2
584.1
585.03
585.93
586.81
587.66
588.59
589.45
590.3
591.23
592.19
593.09
594.02
594.97
595.91
596.81
597.74
598.71
599.41
600.16
600.9
601.61
602.32
603.04
603.71
604.41
605.11
605.87
606.64
607.36
608.06
608.71
609.38
610.05
610.74
611.41
612.07
612.76
613.43
614.07
614.77
615.46
616.15
616.77
617.46
618.1
618.77
619.43
620.13
620.8
621.51
622.22
622.93
623.61
624.3
624.99
625.72
626.47
627.16
627.95
628.75
629.51
630.31
631.06
631.86
632.59
633.41
634.2
635.08
635.86
636.72
637.5
638.33
639.12
639.92
640.69
641.43
642.17
642.88
643.65
644.35
645.07
645.85
646.61
647.31
648.04
648.73
649.44
650.18
650.87
651.59
652.32
653.01
653.79
654.51
655.24
656.03
656.77
657.53
658.25
