5.07
9.28
13.32
17.71
22.07
26.2
29.79
33.37
36.48
38.71
40.74
42.63
44.51
46.61
48.9
51.1
53.01
55.07
57.68
60.46
63.47
66.25
68.86
71.04
73.06
75.13
77.26
79.34
81.57
83.86
86.04
88.09
90.24
92.39
94.65
96.93
99.11
101.27
103.25
105.32
107.44
109.49
111.71
114.14
116.5
118.57
120.62
122.64
124.81
127.28
131.29
135.04
138.92
142.92
146.31
149.76
153.4
156.74
159.91
163.06
166.42
169.63
173.13
176.73
180.49
184.37
188.6
192.59
196.44
200.44
204.07
207.35
210.65
213.73
216.83
219.74
222.73
225.76
229.09
232.73
236.78
240.85
244.75
248.71
252.46
256.19
259.78
263.61
267.88
271.85
276.04
280.23
283.86
287.69
291.54
295.17
298.86
302.35
305.96
309.31
312.95
316.05
319.51
323.27
327.31
331.25
335.25
339.12
342.68
346.21
349.83
353.19
356.09
359.05
362.28
365.88
369.7
373.59
377.58
381.43
385.38
389.25
392.91
396.7
400.56
403.83
407.34
410.96
414.61
418.17
421.58
424.88
428.32
431.73
435.12
438.53
442.32
445.94
449.62
453.86
458.11
462.24
466.07
470.41
474.59
478.54
482.19
485.74
489.19
492.95
496.77
500.57
504.57
508.68
512.41
516.2
519.6
523.13
526.81
530.35
534.26
538.21
542.14
545.8
549.25
552.61
556.06
559.14
562.36
565.77
569.09
572.8
577.06
581.28
585.04
588.58
592.17
595.9
600.15
604.4
608.37
611.81
615.03
618.1
620.79
623.6
626.46
629.5
632.59
635.85
639.11
642.17
645.06
647.81
650.5
653.18
