3.2
5.54
7.58
9.7
12.03
14.12
16.22
18.5
21.89
25.59
29.31
33.05
37.15
41.36
45.71
49.5
53.54
57.79
61.97
65.71
69.74
73.6
77.86
81.73
85.7
89.8
93.63
97.4
101.38
105.37
109.08
112.72
116.88
120.99
125.21
129.11
132.53
136.06
139.56
142.61
145.97
149.74
153.5
157.66
161.25
164.99
168.64
172.29
176.27
179.9
183.02
186.29
189.9
193.35
196.39
199.58
202.95
206.06
209.27
213.19
217.26
221.47
225.5
229.38
233.21
237.14
241.09
244.65
247.47
250.62
253.58
257.41
261.38
265.07
268.48
272.24
275.93
279.76
283.23
286.6
289.93
292.94
295.98
299.2
303.04
306.85
310.77
315.03
319.38
323.54
327.5
331.12
335.06
339.27
343.27
347.32
351.69
355.84
360.23
364.34
368.1
371.47
375.17
378.85
382.58
386.19
390.36
394.37
398.0
401.42
404.81
408.24
411.65
414.98
418.29
421.99
425.81
429.63
433.56
437.86
442.04
446.12
450.14
453.95
457.67
461.06
464.92
468.9
472.37
475.99
479.93
484.34
488.65
492.96
497.35
501.28
505.38
509.02
512.46
516.07
519.74
523.51
527.24
530.59
534.15
537.4
540.51
543.71
546.98
550.13
553.26
556.32
559.34
562.47
565.87
569.91
574.24
577.93
581.38
584.71
587.8
590.81
593.83
596.71
599.51
602.43
605.13
607.89
610.6
613.58
616.73
619.91
623.14
626.5
629.61
632.53
635.64
