0.62
1.23
1.87
2.56
3.21
3.83
4.42
4.98
5.56
6.15
6.81
7.43
8.1
8.63
9.17
9.72
10.32
10.89
11.45
12.04
12.62
13.14
13.66
14.16
14.63
15.14
15.69
16.22
16.77
17.35
17.97
18.57
19.22
19.84
20.41
21.02
21.63
22.18
22.75
23.35
23.91
24.44
25.03
25.59
26.17
26.73
27.31
27.85
28.42
29.03
29.58
30.18
30.74
31.35
31.93
32.47
33.05
33.57
34.08
34.6
35.14
35.65
36.15
36.65
37.16
37.69
38.24
38.8
39.28
39.75
40.25
40.74
41.31
41.92
42.49
43.02
43.6
44.12
44.63
45.16
45.71
46.2
46.67
47.13
47.62
48.09
48.54
49.02
49.51
50.0
50.47
50.96
51.45
51.97
52.52
53.07
53.54
53.99
54.46
54.94
55.51
56.12
56.7
57.23
57.8
58.35
58.91
59.5
59.98
60.45
60.94
61.43
61.94
62.42
62.88
63.36
63.86
64.32
64.8
65.25
65.72
66.19
66.68
67.18
67.66
68.14
68.63
69.18
69.75
70.33
70.81
71.26
71.73
72.21
72.69
73.16
73.63
74.18
74.69
75.22
75.75
76.32
76.91
77.54
78.14
78.73
79.24
79.77
80.26
80.74
81.24
81.73
82.23
82.7
83.2
83.73
84.2
84.7
85.22
85.69
86.13
86.59
87.08
87.63
88.21
88.76
89.26
89.81
90.33
90.79
91.26
91.75
92.22
92.69
93.14
93.63
94.08
94.53
95.0
95.47
95.96
96.42
96.9
97.4
97.89
98.41
98.93
99.41
99.87
100.35
100.83
101.39
101.98
102.54
103.09
103.63
104.19
104.77
105.38
105.88
106.34
106.82
107.3
107.73
108.2
108.63
109.09
109.55
109.98
110.43
110.89
111.34
111.79
112.24
112.73
113.22
113.69
114.2
114.75
115.24
115.78
116.31
116.83
117.33
117.84
118.36
118.91
119.43
119.95
120.45
120.96
121.45
121.96
122.5
123.06
123.58
124.11
124.65
125.22
125.74
126.21
126.66
127.13
127.62
128.08
128.51
128.91
129.29
129.69
130.09
130.51
130.91
131.33
131.74
132.14
132.53
132.92
133.31
133.71
134.09
134.45
134.83
135.22
135.6
136.04
136.48
136.94
137.36
137.8
138.26
138.7
139.12
139.56
139.96
140.32
140.7
141.08
141.47
141.86
142.22
142.62
143.0
143.36
143.74
144.12
144.49
144.84
145.22
145.58
145.97
146.35
146.74
147.19
147.6
148.05
148.48
148.89
149.33
149.75
150.2
150.66
151.14
151.58
152.05
152.51
152.99
153.5
153.99
154.46
154.85
155.25
155.66
156.07
156.45
156.87
157.25
157.69
158.16
158.59
159.04
159.51
159.94
160.41
160.86
161.26
161.68
162.12
162.53
162.94
163.36
163.82
164.26
164.71
165.18
165.62
166.03
166.46
166.89
167.33
167.78
168.2
168.64
169.08
169.54
169.98
170.41
170.88
171.31
171.76
172.29
172.8
173.35
173.84
174.32
174.8
175.28
175.76
176.24
176.7
177.19
177.66
178.14
178.72
179.28
179.88
180.45
180.98
181.54
182.12
182.66
183.22
183.8
184.36
184.91
185.39
185.85
186.31
186.79
187.22
187.67
188.13
188.57
189.03
189.49
189.92
190.37
190.83
191.26
191.72
192.11
192.53
192.93
193.36
193.73
194.1
194.46
194.83
195.22
195.6
196.01
196.39
196.78
197.16
197.56
197.96
198.38
198.76
199.18
199.58
199.96
200.37
200.81
201.21
201.65
202.07
202.47
202.91
203.32
203.72
204.12
204.55
204.91
205.29
205.69
206.07
206.43
206.81
207.2
207.57
207.99
208.43
208.83
209.28
209.7
210.19
210.68
211.16
211.62
212.16
212.69
213.2
213.75
214.29
214.78
215.28
215.82
216.31
216.79
217.26
217.78
218.25
218.73
219.25
219.72
220.17
220.64
221.07
221.51
221.92
222.36
222.79
223.22
223.68
224.14
224.58
225.08
225.54
226.02
226.52
226.97
227.42
227.85
228.31
228.75
229.17
229.62
230.07
230.52
231.0
231.48
231.98
232.44
232.92
233.42
233.89
234.38
234.83
235.32
235.76
236.24
236.7
237.15
237.61
238.07
238.6
239.12
239.64
240.18
240.65
241.1
241.56
242.03
242.48
242.96
243.42
243.86
244.35
244.86
245.37
246.02
246.75
247.46
248.26
249.08
249.87
250.62
251.48
252.39
253.19
254.05
254.93
255.76
256.59
257.42
258.29
259.13
259.99
260.96
261.97
262.84
263.7
264.56
265.4
266.15
266.89
267.67
268.49
269.4
270.37
271.3
272.25
273.22
274.19
275.04
275.93
276.84
277.71
278.68
279.77
280.63
281.49
282.34
283.24
284.06
284.9
285.77
286.61
287.52
288.35
289.12
289.94
290.67
291.43
292.23
292.95
293.74
294.51
295.23
295.99
296.8
297.55
298.36
299.13
299.94
300.75
301.53
302.26
303.04
303.84
304.57
305.32
306.11
306.85
307.59
308.31
309.02
309.71
310.48
311.21
311.99
312.71
313.45
314.13
314.72
315.3
315.88
316.5
317.07
317.66
318.22
318.82
319.39
319.99
320.48
321.0
321.5
322.02
322.54
323.05
323.54
324.05
324.57
325.08
325.57
326.07
326.56
327.03
327.5
327.98
328.42
328.86
329.31
329.77
330.22
330.68
331.12
331.6
332.12
332.65
333.14
333.64
334.17
334.71
335.23
335.8
336.34
336.93
337.55
338.2
338.86
339.59
340.3
340.94
341.63
342.28
342.91
343.49
344.12
344.71
345.35
346.0
346.61
347.33
348.0
348.74
349.4
350.09
350.79
351.46
352.12
352.73
353.4
354.03
354.69
355.25
355.79
356.38
356.92
357.45
358.0
358.56
359.15
359.7
360.23
360.72
361.24
361.76
362.3
362.83
363.31
363.82
364.35
364.86
365.36
365.88
366.37
366.89
367.42
367.89
368.39
368.89
369.41
369.89
370.43
370.95
371.48
372.04
372.68
373.27
373.91
374.53
375.18
375.82
376.41
377.06
377.65
378.27
378.89
379.56
380.17
380.83
381.47
382.12
382.76
383.39
383.97
384.49
385.06
385.57
386.14
386.67
387.17
387.7
388.23
388.76
389.32
389.82
390.37
390.88
391.44
391.94
392.49
392.98
393.47
393.92
394.38
394.82
395.26
395.7
396.15
396.58
397.05
397.52
398.01
398.47
398.89
399.32
399.75
400.17
400.58
400.99
401.42
401.86
402.29
402.72
403.15
403.56
403.98
404.4
404.82
405.26
405.66
406.06
406.48
406.9
407.34
407.78
408.21
408.62
409.05
409.49
409.95
410.39
410.81
411.25
411.71
412.14
412.56
412.97
413.36
413.77
414.19
414.6
414.99
415.39
415.8
416.22
416.65
417.08
417.5
417.9
418.32
418.79
419.22
419.68
420.14
420.62
421.06
421.52
422.0
422.43
422.88
423.33
423.81
424.26
424.73
425.22
425.76
426.27
426.77
427.26
427.76
428.24
428.71
429.18
429.66
430.14
430.63
431.12
431.58
432.06
432.54
433.04
433.56
434.06
434.54
435.02
435.49
435.98
436.46
436.92
437.4
437.88
438.41
438.9
439.41
439.95
440.48
441.08
441.72
442.36
442.99
443.64
444.26
444.92
445.51
446.13
446.78
447.37
448.01
448.68
449.32
449.95
450.59
451.31
452.02
452.79
453.46
454.17
454.87
455.56
456.28
456.95
457.68
458.39
459.1
459.88
460.62
461.38
462.19
462.95
463.7
464.44
465.19
465.91
466.69
467.49
468.33
469.11
469.91
470.71
471.53
472.37
473.26
474.12
475.02
476.0
476.97
477.94
478.98
479.95
481.05
482.18
483.22
484.35
485.45
486.52
487.54
488.66
489.7
490.76
491.85
492.97
494.06
495.12
496.26
497.36
498.38
499.41
500.33
501.3
502.26
503.23
504.18
505.13
506.13
507.06
508.06
509.02
509.94
510.81
511.66
512.46
513.34
514.22
515.17
516.08
517.03
517.95
518.87
519.75
520.69
521.61
522.54
523.51
524.41
525.34
526.29
527.24
528.09
528.9
529.71
530.6
531.49
532.38
533.24
534.15
535.05
535.9
536.66
537.41
538.18
538.95
539.74
540.67
541.57
542.51
543.43
544.26
545.15
545.94
546.76
547.5
548.26
549.05
549.79
550.62
551.4
552.2
552.99
553.74
554.57
555.35
556.11
556.92
557.71
558.54
559.35
560.14
560.93
561.68
562.48
563.36
564.18
565.01
565.88
566.73
567.51
568.31
569.11
569.93
570.71
571.51
572.35
573.15
573.95
574.75
575.51
576.35
577.15
577.94
578.78
579.69
580.57
581.39
582.24
583.09
583.94
584.71
585.52
586.32
587.15
587.9
588.73
589.44
590.15
590.92
591.63
592.38
593.13
593.84
594.59
595.33
596.04
596.72
597.41
598.12
598.82
599.52
600.25
600.95
601.68
602.45
603.14
603.78
604.45
605.14
605.86
606.55
607.22
607.9
608.59
609.28
609.95
610.6
611.29
612.02
612.82
613.58
614.41
615.18
615.99
616.74
617.57
618.34
619.12
619.92
620.73
621.5
622.29
623.15
624.0
624.85
625.68
626.51
627.28
628.09
628.87
629.64
630.35
631.07
631.79
632.54
633.3
634.08
634.87
635.65
636.4
637.21
637.96
638.77
639.54
640.3
641.08
641.87
