0.04
0.68
1.3
1.93
2.45
2.95
3.45
3.96
4.5
5.0
5.48
5.94
6.41
6.87
7.37
7.89
8.44
9.02
9.56
10.04
10.55
11.04
11.53
12.02
12.53
13.03
13.49
13.99
14.48
14.97
15.48
15.96
16.44
16.95
17.41
17.93
18.41
18.87
19.36
19.84
20.4
20.96
21.58
22.17
22.74
23.33
23.9
24.48
25.08
25.67
26.23
26.79
27.36
27.95
28.5
29.04
29.55
30.09
30.64
31.19
31.78
32.33
32.86
33.36
33.9
34.42
34.95
35.51
36.02
36.55
37.03
37.54
38.06
38.66
39.29
39.87
40.46
41.09
41.66
42.28
42.89
43.39
43.92
44.48
44.99
45.51
46.07
46.66
47.19
47.78
48.32
48.89
49.38
49.86
50.33
50.8
51.23
51.68
52.14
52.63
53.17
53.74
54.24
54.69
55.14
55.6
56.08
56.54
56.98
57.44
57.92
58.43
58.98
59.51
60.08
60.62
61.16
61.68
62.21
62.75
63.29
63.86
64.35
64.83
65.33
65.83
66.32
66.79
67.3
67.8
68.31
68.79
69.28
69.78
70.27
70.75
71.23
71.68
72.15
72.59
73.06
73.57
74.05
74.54
75.07
75.63
76.14
76.7
77.23
77.89
78.55
79.26
80.1
80.93
81.92
82.96
83.96
84.94
85.92
86.92
87.75
88.6
89.48
90.4
91.25
92.13
92.99
93.93
94.79
95.74
96.6
97.5
98.38
99.21
100.01
100.78
101.63
102.74
103.76
104.78
105.87
106.85
107.83
108.88
109.88
110.93
111.89
112.8
113.72
114.66
115.63
116.59
117.61
118.56
119.46
120.44
121.33
122.36
123.41
124.43
125.44
126.48
127.55
128.52
129.56
130.53
131.48
132.29
133.09
133.89
134.73
135.51
136.42
137.26
138.19
139.25
140.24
141.21
142.19
143.08
143.86
144.65
145.44
146.31
147.2
148.01
148.93
149.81
150.66
151.47
152.24
153.08
153.84
154.64
155.44
156.28
157.02
157.79
158.59
159.4
160.25
161.1
161.97
162.76
163.62
164.51
165.3
166.14
166.96
167.81
168.72
169.63
170.58
171.53
172.48
173.4
174.35
175.24
176.23
177.2
178.12
179.09
180.18
181.22
182.29
183.41
184.42
185.45
186.5
187.48
188.36
189.24
190.15
190.96
191.8
192.76
193.68
194.62
195.54
196.34
197.12
197.93
198.72
199.48
200.28
201.07
201.89
202.65
203.4
204.14
204.97
205.76
206.62
207.45
208.18
208.99
209.72
210.53
211.27
212.03
212.83
213.62
214.44
215.2
215.99
216.73
217.49
218.18
218.91
219.6
220.29
221.1
221.99
222.89
223.77
224.68
225.56
226.46
227.4
228.26
229.2
230.05
230.95
231.84
232.78
233.68
234.58
235.56
236.56
237.52
238.52
239.55
240.6
241.73
242.8
243.88
244.96
246.08
247.05
247.99
249.05
249.99
251.02
251.94
252.9
253.64
254.27
254.94
255.62
256.32
257.02
257.66
258.35
259.05
259.69
260.29
260.94
261.54
262.13
262.77
263.35
263.97
264.6
265.26
265.86
266.49
267.12
267.75
268.4
269.03
269.65
270.24
270.89
271.49
272.15
272.88
273.59
274.25
274.95
275.68
276.35
277.07
277.8
278.51
279.28
279.93
280.62
281.31
282.04
282.79
283.66
284.47
285.32
286.11
286.95
287.78
288.68
289.61
290.58
291.46
292.43
293.35
294.22
295.02
295.92
296.83
297.7
298.64
299.6
300.55
301.5
302.49
303.56
304.57
305.65
306.71
307.75
308.74
309.73
310.71
311.69
312.63
313.62
314.54
315.5
316.46
317.28
318.18
319.19
320.26
321.28
322.36
323.36
324.26
325.18
326.13
327.13
328.04
328.91
329.73
330.57
331.36
332.11
332.89
333.85
334.75
335.7
336.57
337.43
338.28
339.22
340.12
341.1
342.09
343.01
343.9
344.81
345.7
346.59
347.59
348.67
349.75
350.81
351.89
352.97
353.98
355.01
356.09
357.02
357.93
358.83
359.73
360.6
361.37
362.22
362.94
363.71
364.48
365.26
365.96
366.71
367.35
368.0
368.66
369.15
369.66
370.17
370.69
371.25
371.77
372.29
372.81
373.31
373.75
374.21
374.67
375.15
375.6
376.05
376.51
377.0
377.57
378.11
378.62
379.16
379.72
380.26
380.82
381.42
381.99
382.53
383.11
383.7
384.29
384.85
385.44
386.06
386.71
387.3
387.93
388.57
389.23
389.88
390.53
391.14
391.9
392.64
393.42
394.12
394.84
395.5
396.15
396.8
397.42
398.06
398.73
399.37
400.01
400.63
401.26
401.9
402.54
403.21
403.86
404.53
405.19
405.85
406.57
407.21
407.92
408.58
409.21
409.92
410.7
411.44
412.15
412.91
413.62
414.38
415.14
415.84
416.58
417.36
418.2
419.08
420.02
420.88
421.82
422.67
423.59
424.5
425.51
426.43
427.41
428.33
429.21
430.08
431.13
432.09
433.1
433.95
434.86
435.72
436.8
437.9
438.96
440.11
441.17
442.23
443.25
444.25
445.29
446.29
447.31
448.3
449.32
450.35
451.3
452.24
453.26
454.24
455.15
456.07
456.94
457.87
458.75
459.76
460.82
461.87
462.97
464.06
465.09
466.18
467.22
468.35
469.39
470.51
471.56
472.63
473.67
474.78
475.83
476.88
477.84
478.84
479.9
480.88
481.92
482.96
483.94
484.86
485.86
486.78
487.7
488.68
489.64
490.59
491.47
492.39
493.38
494.32
495.42
496.53
497.61
498.69
499.68
500.76
501.8
502.81
503.88
504.98
505.99
507.12
508.13
509.23
510.3
511.33
512.39
513.43
514.48
515.56
516.54
517.59
518.59
519.63
520.71
521.7
522.73
523.81
524.85
525.8
526.85
527.76
528.74
529.66
530.52
531.41
532.39
533.36
534.23
535.06
535.96
536.9
537.83
538.72
539.64
540.64
541.59
542.44
543.38
544.23
545.13
546.05
546.84
547.72
548.5
549.32
550.09
550.89
551.73
552.64
553.5
554.39
555.17
556.03
556.86
557.74
558.57
559.33
560.12
560.91
561.7
562.54
563.32
564.12
564.92
565.83
566.79
567.81
568.76
569.77
570.77
571.73
572.66
573.48
574.37
575.18
576.03
576.88
577.73
578.65
579.52
580.39
581.24
582.07
582.93
583.79
584.67
585.52
586.42
587.27
588.01
588.81
589.58
590.39
591.13
591.92
592.73
593.51
594.29
595.04
595.83
596.61
597.44
598.26
599.08
599.85
600.69
601.6
602.49
603.29
604.17
605.01
605.81
606.62
607.32
608.05
608.72
609.43
610.23
610.98
611.77
612.5
613.29
614.0
614.73
615.45
616.17
616.87
617.56
618.26
618.9
619.6
620.29
620.94
621.63
622.31
622.94
623.61
624.43
625.18
625.98
626.76
627.51
628.27
628.99
629.76
630.48
631.15
631.89
632.65
633.46
634.22
635.0
635.77
636.5
637.27
638.06
638.85
639.58
640.38
641.14
641.95
642.72
643.44
644.2
644.97
645.67
646.33
647.01
647.73
648.41
649.1
649.84
650.58
651.38
652.16
652.93
653.69
654.43
