4.5
8.62
12.53
16.44
20.39
24.32
27.94
31.47
33.9
36.02
38.02
39.86
41.62
43.38
45.5
47.74
49.85
51.67
53.74
55.59
57.43
59.5
61.68
63.84
65.83
67.8
69.77
71.68
73.55
75.62
77.88
80.92
84.94
88.6
92.13
95.73
99.21
102.72
106.84
110.93
114.65
118.55
122.36
126.47
130.14
133.49
136.84
140.24
143.86
147.19
150.25
153.4
156.64
159.87
163.23
166.56
169.85
172.93
176.22
179.37
182.92
186.55
190.14
193.68
197.0
200.02
203.04
206.15
209.71
212.83
215.94
219.6
223.35
227.08
230.7
234.45
238.52
242.79
247.05
251.02
254.92
258.34
260.93
263.34
266.03
269.06
272.14
275.99
280.28
284.47
288.41
292.19
295.89
299.59
303.55
307.74
311.68
315.49
319.19
323.35
327.13
330.56
333.84
337.43
341.1
344.8
348.67
352.96
357.01
361.36
365.27
369.14
373.3
376.99
380.67
384.28
388.41
392.65
396.79
400.81
405.18
409.4
413.37
417.36
421.35
424.97
428.83
432.62
436.21
440.16
444.22
448.26
452.22
456.07
459.75
463.71
467.63
471.32
475.21
478.82
482.95
486.77
490.59
494.3
498.6
502.81
507.11
511.14
514.92
518.77
522.73
526.84
530.76
534.54
538.68
542.44
546.04
549.31
552.63
556.02
559.51
563.31
567.33
571.18
574.36
577.72
581.24
584.66
588.81
592.79
595.82
599.18
602.88
606.2
609.41
612.47
615.44
618.25
620.93
623.59
626.32
628.98
631.88
634.77
637.71
640.37
642.97
645.68
648.4
651.2
