4.54
8.45
12.12
15.89
19.85
23.81
27.83
31.71
35.7
39.27
43.05
46.53
50.08
53.91
57.9
61.88
65.47
69.33
73.6
77.49
81.3
85.46
88.92
92.42
96.78
100.68
104.87
108.52
112.04
115.48
118.92
122.29
125.47
128.77
132.77
137.13
141.17
144.9
148.9
152.45
155.65
159.05
162.71
166.63
170.57
174.85
178.84
182.94
186.9
191.04
195.16
199.1
203.14
207.21
211.21
215.3
219.46
223.33
226.65
229.66
232.56
235.59
238.63
242.28
246.32
250.53
254.38
258.54
262.85
267.24
271.33
275.42
279.5
283.22
286.57
290.09
293.32
296.59
299.76
302.72
306.0
309.92
314.06
318.34
322.66
326.56
330.56
334.31
337.29
340.53
344.38
348.18
351.91
355.8
359.65
363.57
367.88
372.18
376.39
380.55
384.68
388.43
391.61
395.24
398.69
401.95
405.11
408.39
412.09
415.47
419.14
422.94
427.2
431.29
435.37
439.18
443.13
447.09
450.56
454.12
457.78
461.54
465.8
469.98
473.7
477.28
480.81
484.43
488.5
492.53
496.3
499.99
503.15
506.31
509.32
512.52
515.72
519.34
523.14
527.01
530.67
534.27
537.57
540.89
544.19
547.39
550.65
554.09
557.47
560.88
564.18
567.4
570.46
573.35
576.32
579.18
582.18
585.74
589.57
593.17
596.53
599.92
603.38
607.38
611.67
