0.57
1.57
2.54
3.55
4.54
5.61
6.54
7.51
8.45
9.44
10.34
11.39
12.36
13.45
14.42
15.45
16.6
17.63
18.74
19.86
20.8
21.85
22.78
23.82
24.86
25.89
26.88
27.82
28.8
29.71
30.69
31.71
32.71
33.7
34.78
35.74
36.77
37.85
38.79
39.74
40.83
41.9
43.04
43.92
44.84
45.67
46.53
47.42
48.32
49.14
50.08
51.17
52.27
53.27
54.33
55.42
56.47
57.4
58.31
59.2
60.11
60.94
61.88
62.8
63.7
64.63
65.51
66.47
67.48
68.43
69.35
70.44
71.49
72.54
73.61
74.7
75.66
76.57
77.49
78.41
79.33
80.28
81.24
82.13
83.04
84.02
84.97
85.98
86.79
87.68
88.52
89.34
90.18
91.03
91.92
92.94
93.98
94.82
95.69
96.78
97.84
98.92
100.02
100.96
101.97
102.88
103.86
104.85
105.78
106.7
107.63
108.52
109.47
110.36
111.42
112.49
113.6
114.64
115.75
116.79
117.83
118.93
120.01
121.04
122.16
123.16
124.23
125.09
125.9
126.67
127.48
128.37
129.3
130.18
131.12
131.97
132.87
133.8
134.69
135.63
136.42
137.13
137.89
138.6
139.42
140.33
141.17
142.06
142.94
143.77
144.59
145.45
146.32
147.15
147.91
148.73
149.48
150.28
151.14
152.01
152.82
153.62
154.41
155.25
156.02
156.83
157.66
158.54
159.43
160.4
161.38
162.43
163.58
164.63
165.61
166.64
167.65
168.59
169.68
170.73
171.75
172.78
173.86
174.86
175.83
176.85
177.85
178.84
179.83
180.91
181.89
182.94
183.99
185.01
186.0
186.93
187.95
188.89
189.98
191.04
192.12
193.15
194.24
195.16
196.17
197.16
198.13
199.1
200.12
201.04
202.09
203.14
204.18
205.21
206.23
207.22
208.29
209.3
210.23
211.22
212.16
213.11
214.03
214.92
215.83
216.78
217.65
218.63
219.58
220.51
221.48
222.42
223.34
224.27
225.04
225.86
226.66
227.4
228.14
228.92
229.63
230.39
231.14
231.85
232.56
233.31
234.05
234.81
235.6
236.39
237.15
237.89
238.63
239.51
240.46
241.31
242.3
243.19
244.25
245.26
246.32
247.14
248.04
248.85
249.68
250.54
251.45
252.41
253.31
254.26
255.31
256.32
257.41
258.54
259.65
260.68
261.77
262.86
263.96
265.08
266.14
267.25
268.36
269.38
270.36
271.34
272.4
273.34
274.36
275.43
276.51
277.53
278.52
279.51
280.45
281.36
282.31
283.23
284.08
284.9
285.76
286.59
287.5
288.34
289.24
290.1
290.92
291.73
292.54
293.4
294.17
295.01
295.83
296.59
297.39
298.23
298.96
299.76
300.5
301.21
301.96
302.72
303.44
304.24
305.03
306.0
306.98
307.99
308.96
309.94
310.95
311.97
313.05
314.08
315.18
316.22
317.25
318.34
319.38
320.48
321.53
322.67
323.64
324.59
325.61
326.57
327.5
328.56
329.55
330.57
331.63
332.59
333.56
334.53
335.49
336.55
337.62
338.56
339.56
340.54
341.46
342.43
343.4
344.36
345.31
346.26
347.25
348.19
349.12
350.24
351.31
352.45
353.42
354.48
355.58
356.61
357.58
358.61
359.66
360.62
361.67
362.58
363.57
364.57
365.66
366.71
367.69
368.74
369.83
370.9
371.95
372.97
374.08
375.1
376.19
377.21
378.14
379.1
380.04
381.05
381.88
382.72
383.67
384.68
385.6
386.51
387.46
388.47
389.41
390.41
391.37
392.38
393.33
394.34
395.25
396.12
397.11
398.1
399.14
400.13
401.19
402.32
403.35
404.47
405.59
406.68
407.62
408.65
409.62
410.64
411.69
412.61
413.59
414.61
415.48
416.4
417.31
418.26
419.15
420.1
421.11
422.07
422.98
424.02
425.1
426.13
427.21
428.14
429.1
430.19
431.21
432.26
433.23
434.22
435.23
436.23
437.24
438.17
439.21
440.12
441.11
442.08
443.01
443.97
444.89
445.86
446.87
447.88
448.82
449.68
450.59
451.47
452.35
453.29
454.13
455.0
455.89
456.84
457.78
458.78
459.71
460.63
461.55
462.5
463.47
464.42
465.34
466.28
467.37
468.36
469.37
470.44
471.41
472.39
473.37
474.22
475.07
475.98
476.83
477.71
478.65
479.64
480.62
481.73
482.82
483.91
485.03
486.11
487.1
488.19
489.17
490.23
491.23
492.28
493.24
494.19
495.11
496.03
496.92
497.68
498.51
499.3
500.04
500.85
501.64
502.42
503.16
503.96
504.73
505.53
506.32
507.08
507.82
508.57
509.32
510.15
510.94
511.69
512.52
513.28
514.1
514.9
515.73
516.67
517.57
518.43
519.35
520.24
521.08
521.9
522.73
523.52
524.26
525.05
525.8
526.63
527.38
528.2
528.9
529.65
530.41
531.17
531.97
532.74
533.51
534.27
535.11
535.92
536.78
537.58
538.39
539.27
540.05
540.9
541.75
542.54
543.37
544.2
545.0
545.77
546.57
547.38
548.23
549.03
549.9
550.71
551.55
552.44
553.28
554.09
554.96
555.76
556.61
557.47
558.34
559.24
560.05
560.88
561.71
562.57
563.39
564.18
565.0
565.8
566.64
567.41
568.2
569.0
569.71
570.42
571.15
571.88
572.65
573.35
574.07
574.85
575.55
576.33
577.07
577.8
578.5
579.19
579.88
580.6
581.4
582.18
582.91
583.7
584.45
585.28
586.06
586.86
587.65
588.37
589.05
589.79
590.5
591.23
591.91
592.66
593.33
594.05
594.82
595.69
596.53
597.36
598.19
599.1
599.92
600.83
601.69
602.54
603.39
604.28
605.28
606.26
607.39
608.46
609.55
610.64
611.68
612.76
613.84
614.98
616.04
