0.06
0.5
0.96
1.4
1.86
2.32
2.79
3.25
3.66
4.05
4.46
4.87
5.28
5.72
6.14
6.54
6.94
7.35
7.77
8.19
8.61
9.03
9.46
9.89
10.32
10.76
11.22
11.66
12.09
12.52
12.93
13.36
13.78
14.2
14.62
15.04
15.44
15.85
16.27
16.7
17.11
17.55
17.95
18.39
18.79
19.2
19.62
20.02
20.46
20.89
21.33
21.76
22.18
22.59
23.0
23.41
23.81
24.22
24.63
25.06
25.46
25.87
26.27
26.68
27.11
27.52
27.93
28.33
28.73
29.15
29.55
29.98
30.42
30.83
31.25
31.67
32.1
32.51
32.92
33.35
33.78
34.18
34.59
35.0
35.42
35.83
36.23
36.66
37.06
37.48
37.89
38.31
38.72
39.12
39.54
39.95
40.34
40.76
41.19
41.59
42.02
42.46
42.88
43.29
43.71
44.12
44.54
44.96
45.37
45.78
46.18
46.59
47.0
47.43
47.85
48.26
48.67
49.07
49.49
49.91
50.33
50.74
51.14
51.53
51.93
52.32
52.72
53.14
53.54
53.95
54.35
54.77
55.18
55.58
56.01
56.42
56.84
57.23
57.65
58.07
58.48
58.87
59.29
59.7
60.12
60.53
60.94
61.35
61.76
62.15
62.56
62.98
63.38
63.8
64.21
64.62
65.02
65.43
65.82
66.22
66.64
67.07
67.47
67.9
68.31
68.74
69.14
69.55
69.93
70.33
70.76
71.19
71.59
72.0
72.43
72.82
73.25
73.65
74.07
74.5
74.92
75.33
75.73
76.14
76.55
76.96
77.37
77.78
78.19
78.6
79.01
79.42
79.84
80.25
80.65
81.06
81.45
81.87
82.29
82.73
83.16
83.59
84.02
84.46
84.88
85.3
85.71
86.13
86.57
86.98
87.41
87.83
88.28
88.73
89.19
89.69
90.24
90.75
91.27
91.76
92.22
92.71
93.2
93.66
94.16
94.64
95.12
95.58
