0.13
0.5
0.88
1.25
1.63
2.01
2.41
2.79
3.15
3.49
3.86
4.22
4.58
4.95
5.31
5.69
6.05
6.42
6.77
7.14
7.5
7.87
8.21
8.59
8.94
9.33
9.7
10.09
10.48
10.83
11.19
11.55
11.91
12.28
12.63
12.99
13.36
13.74
14.1
14.47
14.86
15.25
15.64
16.03
16.43
16.82
17.2
17.57
17.94
18.3
18.67
19.02
19.39
19.76
20.13
20.49
20.86
21.22
21.58
21.93
22.3
22.68
23.04
23.4
23.78
24.17
24.54
24.9
25.25
25.6
25.95
26.31
26.68
27.07
27.45
27.83
28.21
28.58
28.93
29.29
29.65
30.02
30.41
30.76
31.12
31.49
31.84
32.18
32.54
32.9
33.27
33.63
33.99
34.33
34.71
35.06
35.42
35.77
36.13
36.5
36.88
37.26
37.61
37.99
38.34
38.69
39.06
39.42
39.78
40.15
40.52
40.88
41.25
41.63
41.98
42.35
42.71
43.08
43.44
43.8
44.16
44.51
44.88
45.24
45.59
45.92
46.27
46.65
47.01
47.37
47.73
48.12
48.5
48.9
49.28
49.67
50.04
50.43
50.81
51.17
51.56
51.94
52.32
52.7
53.1
53.5
53.86
54.25
54.63
55.01
55.37
55.73
56.12
56.47
56.84
57.24
57.61
58.0
58.38
58.74
59.12
59.52
59.9
60.27
60.65
61.04
61.41
61.78
62.16
62.55
62.93
63.31
63.7
64.09
64.48
64.85
65.21
65.57
65.94
66.32
66.71
67.08
67.47
67.85
68.25
68.63
69.0
69.39
69.77
70.15
70.52
70.9
71.3
71.66
72.04
72.39
72.78
73.13
73.51
73.89
74.27
74.66
75.04
75.43
75.84
76.21
76.56
76.93
77.3
77.68
78.06
78.41
78.79
79.22
79.61
80.02
80.46
80.86
81.29
81.7
82.09
82.46
82.85
83.26
83.65
84.04
84.41
84.8
85.19
85.58
85.99
