0.5
1.01
1.49
1.94
2.41
2.88
3.37
3.84
4.28
4.68
5.1
5.52
5.96
6.38
6.8
7.21
7.62
8.05
8.47
8.9
9.3
9.71
10.09
10.5
10.91
11.32
11.73
12.12
12.54
12.94
13.36
13.8
14.2
14.64
15.04
15.48
15.89
16.31
16.72
17.14
17.55
17.98
18.39
18.82
19.23
19.66
20.05
20.47
20.87
21.3
21.7
22.12
22.54
22.95
23.37
23.82
24.25
24.68
25.1
25.54
25.96
26.39
26.81
27.24
27.69
28.09
28.51
28.93
29.39
29.83
30.25
30.68
31.1
31.51
31.92
32.35
32.75
33.18
33.58
34.01
34.44
34.85
35.27
35.69
36.12
36.54
36.95
37.38
37.79
38.2
38.63
39.05
39.47
39.88
40.29
40.71
41.11
41.54
41.98
42.41
42.82
43.24
43.63
44.05
44.45
44.86
45.27
45.7
46.1
46.52
46.93
47.39
47.81
48.27
48.69
49.14
49.56
50.0
50.42
50.86
51.27
51.69
52.09
52.52
52.94
53.35
53.77
54.2
54.61
55.03
55.46
55.9
56.33
56.76
57.18
57.61
58.01
58.44
58.86
59.29
59.72
60.15
60.58
61.02
61.44
61.86
62.27
62.68
63.09
63.51
63.93
64.36
64.77
65.19
65.61
66.04
66.45
66.88
67.31
67.75
68.19
68.61
69.04
69.47
69.89
70.3
70.73
71.16
71.57
72.0
72.42
72.86
73.3
73.72
74.13
74.57
74.98
75.4
75.83
76.26
76.7
77.11
77.54
77.98
78.4
78.86
79.28
79.73
80.14
80.58
80.98
81.41
81.82
82.24
82.64
83.05
83.47
83.89
84.32
84.75
85.18
85.61
86.04
86.46
86.88
87.29
87.7
88.13
88.54
88.95
89.36
89.8
90.22
90.62
91.06
91.5
91.94
92.42
92.88
93.37
93.82
94.31
94.76
95.23
95.7
