0.5
1.03
1.6
2.13
2.64
3.18
3.63
4.01
4.41
4.81
5.21
5.61
6.03
6.42
6.81
7.2
7.59
7.99
8.37
8.76
9.18
9.56
9.96
10.34
10.72
11.11
11.52
11.91
12.33
12.72
13.13
13.56
13.97
14.39
14.79
15.22
15.64
16.04
16.45
16.85
17.26
17.68
18.08
18.46
18.86
19.27
19.67
20.07
20.48
20.88
21.28
21.67
22.08
22.5
22.92
23.33
23.74
24.16
24.58
24.98
25.37
25.78
26.17
26.58
26.97
27.37
27.76
28.15
28.54
28.92
29.32
29.74
30.14
30.55
30.94
31.35
31.74
32.14
32.54
32.95
33.36
33.77
34.18
34.58
35.0
35.39
35.78
36.19
36.58
36.98
37.38
37.77
38.17
38.55
38.93
39.34
39.72
40.14
40.54
40.96
41.35
41.77
42.16
42.56
42.96
43.35
43.75
44.17
44.58
44.99
45.4
45.81
46.21
46.61
47.03
47.44
47.86
48.27
48.67
49.07
49.48
49.88
50.27
50.66
51.05
51.42
51.81
52.2
52.6
52.98
53.39
53.79
54.2
54.6
54.99
55.4
55.8
56.22
56.61
57.03
57.44
57.85
58.26
58.63
59.03
59.42
59.81
60.21
60.6
60.98
61.36
61.74
62.14
62.54
62.91
63.29
63.67
64.04
64.42
64.83
65.22
65.61
66.02
66.41
66.79
67.19
67.58
67.98
68.39
68.8
69.2
69.61
70.02
70.42
70.81
71.22
71.61
72.02
72.42
72.85
73.27
73.67
74.09
74.5
74.91
75.33
75.73
76.12
76.53
76.92
77.3
77.7
78.1
78.49
78.86
79.25
79.64
80.05
80.43
80.83
81.23
81.63
82.04
82.43
82.82
83.2
83.58
83.97
84.37
84.77
85.16
85.57
85.96
86.36
86.75
87.17
87.55
87.95
88.4
88.84
89.29
89.73
90.17
90.58
91.02
91.46
91.87
92.31
