0.46
0.93
1.38
1.88
2.38
2.91
3.41
3.89
4.35
4.79
5.25
5.72
6.18
6.63
7.12
7.57
8.06
8.53
9.01
9.48
9.92
10.38
10.81
11.25
11.71
12.13
12.58
13.02
13.5
13.98
14.45
14.93
15.38
15.86
16.31
16.77
17.22
17.68
18.14
18.6
19.08
19.54
20.02
20.46
20.89
21.34
21.78
22.25
22.7
23.17
23.62
24.1
24.58
25.04
25.52
26.01
26.48
26.95
27.43
27.89
28.34
28.8
29.27
29.73
30.2
30.64
31.07
31.49
31.92
32.38
32.82
33.3
33.75
34.22
34.66
35.13
35.56
36.01
36.48
36.97
37.44
37.89
38.34
38.81
39.27
39.75
40.22
40.71
41.2
41.67
42.15
42.62
43.08
43.54
43.98
44.43
44.89
45.36
45.85
46.32
46.78
47.22
47.65
48.11
48.55
49.02
49.47
49.96
50.44
50.94
51.41
51.91
52.39
52.86
53.33
53.78
54.25
54.74
55.19
55.67
56.12
56.55
56.98
57.42
57.86
58.29
58.73
59.17
59.61
60.05
60.54
61.03
61.51
61.99
62.45
62.95
63.41
63.92
64.4
64.89
65.36
65.85
66.33
66.79
67.24
67.7
68.18
68.64
69.08
69.52
69.97
70.4
70.86
71.34
71.83
72.31
72.75
73.17
73.61
74.06
74.52
74.97
75.45
75.9
76.34
76.8
77.23
77.7
78.18
78.66
79.15
79.63
80.12
80.59
81.06
81.55
82.02
82.51
82.99
83.47
83.95
84.42
84.9
85.4
85.87
86.34
86.82
87.27
87.74
88.24
88.74
89.19
89.62
90.05
90.48
90.91
91.34
91.78
92.23
92.68
93.1
93.55
93.99
94.42
94.86
95.3
95.77
96.26
96.73
97.21
97.69
98.19
98.67
99.13
99.62
100.18
100.78
101.34
101.95
102.57
103.22
103.85
104.48
105.08
105.71
106.37
106.97
107.63
108.23
108.89
