0.5
1.33
2.21
3.13
4.1
4.96
5.81
6.63
7.44
8.26
9.04
9.81
10.63
11.44
12.21
12.96
13.75
14.54
15.33
16.11
16.91
17.71
18.5
19.27
20.04
20.79
21.54
22.29
23.07
23.85
24.64
25.43
26.24
26.95
27.68
28.44
29.21
29.97
30.73
31.48
32.26
32.98
33.75
34.46
35.22
35.97
36.75
37.47
38.2
38.95
39.72
40.47
41.24
41.99
42.73
43.49
44.27
45.06
45.83
46.6
47.37
48.08
48.81
49.56
50.31
51.09
51.89
52.64
53.4
54.19
54.98
55.76
56.53
57.32
58.15
58.91
59.67
60.45
61.24
61.97
62.73
63.47
64.22
65.01
65.8
66.55
67.34
68.08
68.85
69.63
70.42
71.17
71.93
72.72
73.48
74.28
75.03
75.74
76.51
77.28
78.02
78.82
79.57
80.28
81.04
81.81
82.66
83.51
84.49
85.43
86.41
87.32
88.26
89.23
