0.5
1.57
2.64
3.62
4.59
5.57
6.51
7.43
8.32
9.21
10.12
11.03
11.91
12.79
13.69
14.58
15.49
16.38
17.32
18.25
19.16
20.07
20.95
21.85
22.73
23.58
24.43
25.29
26.19
27.13
28.01
28.92
29.81
30.67
31.55
32.38
33.25
34.17
35.05
35.96
36.84
37.78
38.62
39.51
40.4
41.28
42.18
43.08
43.62
44.15
44.67
45.12
45.59
46.06
46.52
46.97
47.43
47.91
48.39
48.84
49.3
49.76
50.2
50.65
51.1
51.55
52.02
52.47
52.92
53.35
53.8
54.27
54.7
55.15
55.6
56.05
56.5
56.95
57.42
57.86
58.29
58.73
59.16
59.6
60.02
60.45
60.9
61.33
61.74
62.17
62.61
63.07
63.49
63.95
64.38
64.83
65.27
65.7
66.12
66.54
66.97
67.42
67.87
68.34
68.79
69.23
69.68
70.12
70.56
70.99
71.45
71.9
72.35
72.79
73.25
73.67
74.11
74.55
75.01
75.44
75.84
76.25
76.67
77.06
77.47
77.88
78.32
78.74
79.15
79.56
79.98
80.4
80.84
81.26
81.68
82.08
82.5
82.92
83.36
83.76
84.17
84.57
84.98
85.4
85.81
86.25
86.65
87.08
87.53
88.0
88.45
88.88
89.3
89.72
90.15
90.59
91.04
91.46
91.92
92.37
92.82
93.25
93.71
94.14
94.58
95.01
95.46
95.89
96.35
96.83
97.29
97.74
98.19
98.62
99.04
99.47
99.9
100.34
100.78
101.21
101.64
102.06
102.49
102.95
103.39
103.82
104.25
104.69
105.14
105.58
106.01
106.45
106.88
107.31
107.76
108.18
108.61
109.05
109.51
109.94
110.39
110.83
111.28
111.74
112.22
112.66
113.06
113.46
113.87
114.34
114.78
115.22
115.67
116.14
116.58
117.02
117.49
117.93
118.37
118.84
119.31
119.8
120.28
120.73
121.16
121.6
122.05
122.48
122.93
123.39
123.83
124.26
124.71
125.16
125.6
126.03
126.49
126.97
127.45
127.93
128.44
129.02
129.56
130.12
130.66
131.21
131.74
132.3
132.92
133.59
134.26
135.0
135.72
136.53
137.29
138.07
138.84
139.58
140.38
