0.5
1.08
1.69
2.32
2.96
3.58
4.12
4.67
5.25
5.83
6.38
6.94
7.48
8.04
8.6
9.13
9.67
10.18
10.71
11.24
11.8
12.32
12.85
13.36
13.9
14.42
14.99
15.5
16.03
16.53
17.05
17.54
18.09
18.62
19.14
19.66
20.21
20.74
21.29
21.81
22.32
22.82
23.34
23.86
24.4
24.92
25.45
25.97
26.47
26.98
27.52
28.03
28.55
29.06
29.57
30.07
30.61
31.14
31.65
32.17
32.7
33.22
33.75
34.24
34.76
35.27
35.78
36.29
36.82
37.32
37.84
38.33
38.84
39.38
39.88
40.39
40.91
41.41
41.92
42.42
42.92
43.41
43.9
44.41
44.91
45.41
45.92
46.42
46.94
47.43
47.92
48.43
48.95
49.45
49.95
50.46
51.01
51.54
52.06
52.58
53.13
53.65
54.16
54.68
55.23
55.74
56.27
56.78
57.3
57.8
58.32
58.84
59.35
59.86
60.37
60.88
61.39
61.89
62.4
62.91
63.42
63.92
64.44
64.92
65.45
65.97
66.46
66.98
67.48
67.99
68.53
69.03
69.56
70.06
70.55
71.04
71.57
72.07
72.57
73.08
73.55
74.03
74.52
74.99
75.49
75.97
76.47
76.96
77.47
77.98
78.46
78.96
79.47
79.98
80.47
80.97
81.47
81.95
82.48
82.96
83.46
83.97
84.45
84.94
85.45
85.95
86.44
86.93
87.43
87.91
88.4
88.89
89.39
89.89
90.37
90.83
91.32
91.8
92.29
92.75
93.23
93.69
94.14
94.59
95.04
95.49
95.94
96.39
96.85
97.31
97.79
98.24
98.72
99.15
99.61
100.05
100.48
100.96
101.43
101.9
102.4
102.86
103.35
103.83
104.32
104.8
105.28
105.76
106.25
106.75
107.24
107.73
108.22
108.7
109.18
109.67
110.18
110.7
111.19
111.68
112.2
112.68
113.21
113.7
114.19
114.69
115.17
115.65
116.16
116.65
117.16
117.66
118.14
118.63
119.13
119.62
120.13
120.65
121.13
121.64
122.13
122.61
123.1
123.61
124.11
124.58
125.07
125.56
126.06
126.53
127.04
127.53
127.98
128.42
128.86
129.32
129.79
130.3
130.81
131.33
131.82
132.32
132.82
133.33
133.84
134.33
134.82
135.31
135.8
136.3
136.79
137.27
137.75
138.24
138.73
139.22
139.71
140.19
140.68
141.16
141.63
142.11
142.61
143.12
143.65
144.23
144.77
145.31
145.85
146.43
146.99
147.53
148.05
148.63
149.23
149.88
150.55
151.16
151.83
152.46
153.1
153.74
154.41
155.02
155.63
156.24
156.84
157.44
