3.01
6.68
10.32
13.92
17.51
21.08
24.92
28.43
31.9
35.31
38.27
41.46
44.53
47.61
50.51
53.55
56.69
59.43
61.95
64.47
66.8
69.18
71.51
73.77
75.98
78.29
80.62
82.82
84.86
87.0
89.07
91.11
93.12
94.99
97.02
99.22
101.29
103.38
105.42
107.48
109.5
111.5
113.54
115.52
117.66
119.83
122.02
124.14
126.35
128.65
130.93
133.29
135.75
138.28
140.65
142.97
145.28
148.15
151.32
154.87
158.11
161.4
164.63
167.93
171.32
174.71
178.25
182.38
186.67
191.08
195.11
199.52
203.78
207.9
211.37
215.39
219.42
223.62
227.64
231.8
235.59
239.37
243.23
247.5
251.74
255.78
259.96
263.91
267.64
270.84
274.2
277.51
