0.2
1.14
2.09
3.01
3.91
4.87
5.76
6.68
7.61
8.53
9.41
10.31
11.21
12.1
13.05
13.92
14.84
15.73
16.61
17.51
18.41
19.3
20.23
21.08
22.09
23.14
24.01
24.92
25.78
26.71
27.55
28.43
29.31
30.2
31.07
31.9
32.77
33.59
34.45
35.3
36.01
36.74
37.48
38.28
39.09
39.86
40.64
41.46
42.25
43.0
43.75
44.53
45.32
46.07
46.86
47.62
48.39
49.1
49.83
50.51
51.19
51.99
52.75
53.56
54.3
55.1
55.92
56.7
57.52
58.32
59.08
59.91
60.68
61.47
62.27
63.03
63.84
64.61
65.35
66.14
66.81
67.47
68.05
68.6
69.2
69.77
70.31
70.9
71.52
72.1
72.66
73.2
73.78
74.32
74.89
75.43
75.99
76.52
77.05
77.61
78.06
78.55
78.99
79.47
79.91
80.39
80.84
81.3
81.79
82.3
82.82
83.33
83.83
84.34
84.86
85.42
85.97
86.49
87.01
87.53
88.04
88.56
89.07
89.6
90.1
90.6
91.11
91.61
92.12
92.62
93.13
93.6
94.08
94.55
95.0
95.49
95.98
96.49
97.02
97.6
98.17
98.71
99.23
99.76
100.27
100.78
101.29
101.83
102.35
102.86
103.39
103.89
104.42
104.92
105.43
105.95
106.48
106.98
107.49
107.99
108.5
109.01
109.52
110.01
110.51
111.01
111.51
112.02
112.51
113.04
113.55
114.04
114.55
115.04
115.53
116.08
116.6
117.12
117.67
118.19
118.7
119.26
119.84
120.41
120.93
121.46
122.02
122.57
123.08
123.62
124.14
124.69
125.22
125.78
126.37
126.94
127.5
128.07
128.68
129.32
129.95
130.57
131.24
131.95
132.63
133.3
133.99
134.68
135.36
136.15
137.0
137.84
138.65
139.53
140.38
141.2
142.12
142.98
143.81
144.76
145.72
146.72
147.64
148.57
149.44
150.36
151.32
152.28
153.19
154.06
154.88
155.66
156.5
157.29
158.12
158.91
159.79
160.58
161.4
162.21
163.02
163.82
164.63
165.48
166.31
167.15
167.94
168.78
169.61
170.45
171.33
172.18
173.04
173.87
174.71
175.61
176.46
177.38
178.25
179.12
179.94
180.77
181.58
182.39
183.24
183.96
184.64
185.38
186.1
186.81
187.55
188.28
189.0
189.72
190.38
191.08
191.78
192.47
193.13
193.84
194.52
195.14
195.79
196.47
197.07
197.7
198.33
198.95
199.54
200.19
200.81
201.41
202.11
202.78
203.48
204.12
204.84
205.48
206.16
206.82
207.51
208.15
208.85
209.46
210.12
210.76
211.37
211.98
212.63
213.22
213.86
214.37
214.91
215.4
215.92
216.4
216.92
217.4
217.93
218.43
218.92
219.43
219.96
220.51
221.05
221.6
222.12
222.62
223.12
223.63
224.16
224.67
225.15
225.66
226.18
226.69
227.18
227.65
228.14
228.7
229.21
229.76
230.31
230.83
231.32
231.81
232.31
232.83
233.31
233.77
234.23
234.67
235.15
235.6
236.05
236.52
236.99
237.45
237.93
238.42
238.91
239.38
239.84
240.31
240.76
241.22
241.67
242.2
242.73
243.24
243.76
244.28
244.8
245.32
245.86
246.39
246.94
247.49
248.02
248.57
249.08
249.62
250.16
250.68
251.24
251.76
252.3
252.82
253.31
253.8
254.31
254.8
255.3
255.79
256.29
256.75
257.23
257.73
258.21
258.69
259.17
259.62
260.11
260.56
261.03
261.51
261.98
262.48
262.95
263.42
263.92
264.41
264.89
265.37
265.82
266.29
266.77
267.25
267.72
268.19
268.65
269.11
269.55
270.03
270.47
270.94
271.41
271.9
272.37
272.87
273.4
273.92
274.43
274.95
275.45
275.99
276.51
277.01
277.52
278.05
278.53
279.04
279.58
280.08
280.57
281.11
