0.52
1.1
1.68
2.21
2.76
3.28
3.83
4.4
5.0
5.62
6.2
6.75
7.25
7.78
8.32
8.85
9.35
9.85
10.38
10.92
11.42
11.95
12.45
12.97
13.53
14.14
14.69
15.29
15.84
16.37
16.91
17.44
17.97
18.5
19.03
19.54
20.07
20.64
21.17
21.68
22.24
22.75
23.27
23.86
24.4
24.98
25.6
26.14
26.69
27.27
27.82
28.35
28.88
29.44
30.01
30.59
31.19
31.83
32.41
33.02
33.64
34.27
34.91
35.47
36.05
36.6
37.18
37.77
38.32
38.9
39.46
40.07
40.78
41.44
42.0
42.53
43.06
43.59
44.2
44.83
45.44
46.09
46.66
47.19
47.7
48.22
48.75
49.3
49.84
50.4
50.99
51.55
52.11
52.65
53.22
53.76
54.37
54.99
55.58
56.22
56.81
57.39
57.98
58.57
59.18
59.78
60.33
60.94
61.49
62.09
62.64
63.2
63.79
64.34
64.88
65.46
66.0
66.6
67.21
67.76
68.32
68.92
69.45
69.99
70.5
71.01
71.56
72.08
72.62
73.08
73.56
74.05
74.61
75.16
75.74
76.29
76.89
77.52
78.1
78.69
79.32
79.9
80.47
81.05
81.63
82.21
82.77
83.36
83.96
84.56
85.14
85.71
86.31
86.89
87.58
88.3
88.86
89.45
90.01
90.55
91.14
91.72
92.31
92.92
93.48
94.1
94.69
95.26
95.8
96.38
96.92
97.5
98.07
98.64
99.21
99.76
100.35
100.92
101.48
102.07
102.65
103.21
103.9
104.56
105.1
105.66
106.21
106.78
107.38
107.93
108.49
109.07
109.68
110.25
110.82
111.42
111.98
112.52
113.09
113.66
114.21
114.75
115.28
115.79
116.32
116.85
117.41
117.99
118.52
119.09
119.64
120.15
120.68
121.19
121.73
122.29
122.88
123.42
124.0
124.53
125.1
125.64
126.14
126.67
127.24
127.76
128.35
128.96
129.55
130.18
130.76
131.43
132.17
132.83
133.56
134.26
134.93
135.67
136.36
137.05
137.74
138.36
139.05
139.68
140.33
140.93
141.54
142.18
142.74
143.34
143.93
144.47
145.0
145.55
146.12
146.69
147.26
147.85
148.47
149.01
149.58
150.12
150.62
151.16
151.68
152.18
152.69
153.23
153.75
154.25
154.8
155.3
155.82
156.39
156.96
157.56
158.11
158.7
159.25
159.78
160.31
160.84
161.4
161.93
162.44
162.99
163.57
164.11
164.61
165.17
165.67
166.2
166.75
167.27
167.84
168.45
169.02
169.57
170.16
170.7
171.25
171.79
172.35
172.94
173.5
174.04
174.56
175.06
175.57
176.15
176.76
177.34
177.97
178.56
179.1
179.68
180.27
180.83
181.39
181.95
182.54
183.11
183.66
184.16
184.67
185.19
185.7
186.16
186.68
187.15
187.62
188.08
188.54
188.98
189.46
189.95
190.42
190.92
191.43
191.91
192.43
192.92
193.39
193.86
194.35
194.83
195.3
195.79
196.3
196.84
197.34
197.82
198.32
198.83
199.31
199.81
200.34
200.81
201.33
201.85
202.34
202.86
203.39
203.89
204.37
204.84
205.33
205.84
206.32
206.82
207.31
207.8
208.27
208.77
209.29
209.76
210.27
210.79
211.28
211.74
212.2
212.66
213.13
213.59
214.07
214.56
215.07
215.52
215.98
216.43
216.89
217.35
217.81
218.27
218.77
219.28
219.75
220.2
220.64
221.09
221.57
222.01
222.47
222.94
223.4
223.84
224.29
224.75
225.21
225.68
226.15
226.63
227.16
227.67
228.17
228.63
229.1
229.56
230.03
230.5
230.98
231.48
231.96
232.41
232.85
233.31
233.77
234.25
234.71
235.17
235.67
236.17
236.65
237.1
237.56
238.01
238.46
238.91
239.35
239.79
240.24
240.7
241.16
241.63
242.08
242.54
243.01
243.48
243.99
244.49
244.96
245.45
245.92
246.38
246.84
247.3
247.75
248.25
248.75
249.22
249.68
250.16
250.62
251.11
251.56
252.03
252.51
253.0
253.47
253.94
254.42
254.87
255.34
255.81
256.27
256.75
257.22
257.67
258.14
258.62
259.08
259.56
260.04
260.5
260.97
261.43
261.9
262.43
262.95
263.47
263.99
264.49
264.99
265.53
266.0
266.5
267.01
267.55
268.05
268.55
269.05
269.58
270.1
270.64
271.11
271.6
272.11
272.59
273.07
273.56
274.04
274.54
275.04
275.54
276.01
276.5
277.01
277.47
277.96
278.45
278.94
279.46
279.95
280.43
280.89
281.37
281.85
282.35
282.88
283.44
283.96
284.44
284.92
285.38
285.86
286.35
286.87
287.34
287.85
288.33
288.79
289.25
289.71
290.16
290.67
291.16
291.65
292.18
292.67
293.12
293.6
294.06
294.53
295.02
295.51
295.97
296.48
296.97
297.44
297.93
298.45
298.94
299.44
299.92
300.41
300.91
301.41
301.89
302.4
302.86
303.35
303.88
304.39
304.88
305.4
305.9
306.4
306.91
307.43
307.92
308.39
308.9
309.36
309.87
310.36
310.85
311.3
311.77
312.25
312.73
313.2
313.66
314.12
314.59
315.08
315.54
316.01
316.49
316.94
317.41
317.89
318.41
318.93
319.42
319.96
320.46
320.92
321.4
321.89
322.37
322.87
323.34
323.83
324.32
324.82
325.29
325.74
326.22
326.68
327.16
327.66
328.15
328.69
329.19
329.66
330.13
330.62
331.1
331.62
332.12
332.6
333.14
333.65
334.15
334.65
335.18
335.66
336.17
336.72
337.21
337.75
338.32
338.86
339.37
339.94
340.46
340.99
341.53
342.07
342.63
343.16
343.75
344.38
344.98
345.55
346.16
346.78
347.38
348.0
348.63
349.18
349.78
350.37
350.87
351.39
351.9
352.44
352.98
353.55
354.07
354.58
355.06
355.57
356.04
356.52
356.97
357.45
357.93
358.43
358.92
359.4
359.89
360.4
360.9
361.38
361.89
362.42
362.96
363.48
363.99
364.5
365.01
365.53
366.06
366.6
367.12
367.61
368.14
368.67
369.2
369.76
370.31
370.82
371.36
371.95
372.5
373.06
373.61
374.11
374.61
375.1
375.62
376.15
376.73
377.25
377.86
378.48
379.0
379.51
380.05
380.57
381.13
381.72
382.27
382.76
383.27
383.79
384.3
384.85
385.39
385.92
386.47
387.01
387.58
388.11
388.66
389.23
389.8
390.4
390.95
391.5
392.05
392.6
393.16
393.7
394.24
394.79
395.31
395.8
396.33
396.83
397.35
397.81
398.29
398.77
399.28
399.8
400.31
400.8
401.32
401.81
402.32
402.78
403.28
403.75
404.22
404.7
405.24
405.76
406.29
406.84
407.37
407.91
408.46
409.01
409.56
410.08
410.58
411.1
411.61
412.13
412.6
413.1
413.59
414.08
414.63
415.14
415.67
416.23
416.71
417.22
417.68
418.18
418.69
419.22
419.74
420.24
420.76
421.3
421.82
422.37
422.93
423.46
423.95
424.48
424.99
425.53
426.07
426.6
427.14
427.66
428.15
428.67
429.18
429.72
430.28
430.82
431.34
431.9
432.42
432.94
433.51
434.03
434.56
435.13
435.72
436.31
436.93
437.49
438.08
438.69
439.31
439.88
440.49
441.12
441.7
442.32
442.94
443.54
444.16
444.81
445.41
446.07
446.7
447.3
447.93
448.58
449.19
449.81
450.39
451.0
451.6
452.06
452.54
453.04
453.52
453.99
454.43
454.87
455.33
455.79
456.23
456.66
457.09
457.57
458.11
458.65
459.22
459.74
460.28
460.84
461.36
461.9
462.47
463.06
463.63
464.2
464.68
465.21
465.72
466.22
466.72
467.2
467.73
468.2
468.7
469.23
469.72
470.2
470.75
471.27
471.82
472.36
472.9
473.4
473.86
474.36
474.89
475.46
476.02
476.52
477.08
477.59
478.06
478.55
479.02
479.49
479.97
480.47
480.95
481.45
481.96
482.47
482.96
483.5
484.04
484.59
485.13
485.71
486.25
486.8
487.3
487.79
488.28
488.8
489.31
489.84
490.4
490.95
491.48
491.99
492.52
493.06
493.63
494.18
494.71
495.27
495.86
496.39
496.97
497.48
498.0
498.47
499.0
499.47
499.97
500.47
500.97
501.5
502.0
502.47
503.0
503.47
503.99
504.48
504.95
505.47
505.94
506.47
507.0
507.57
508.17
508.72
509.26
509.82
510.39
510.95
511.47
511.96
512.47
512.97
513.48
514.0
514.55
515.13
515.73
516.32
516.84
517.38
517.91
518.46
519.03
519.61
520.12
520.65
521.2
521.71
522.23
522.72
523.22
523.73
524.21
524.68
525.15
525.65
526.15
526.66
527.15
527.63
528.17
528.75
529.27
529.85
530.35
530.85
531.35
531.85
532.36
532.88
533.39
533.9
534.38
534.85
535.33
535.83
536.35
536.85
537.37
537.91
538.44
538.96
539.47
539.98
540.54
541.05
541.57
542.12
542.7
543.22
543.79
544.37
544.9
545.47
545.99
546.53
547.05
547.59
548.12
548.67
549.19
549.76
550.28
550.82
551.33
551.85
552.41
552.91
553.45
553.97
554.53
555.06
555.57
556.09
556.61
557.14
557.67
558.24
558.83
559.44
560.0
560.61
561.17
561.68
562.19
562.7
563.25
563.83
564.46
565.05
565.69
566.28
566.79
567.31
567.8
568.28
568.79
569.32
569.8
570.33
570.86
571.38
571.91
572.43
572.99
573.55
574.1
574.73
575.32
575.9
576.53
577.13
577.73
578.3
578.9
579.52
580.1
580.73
581.28
581.87
582.47
583.05
583.63
584.2
584.75
585.31
585.91
586.43
586.99
587.54
588.08
588.66
589.24
589.91
590.6
591.26
591.99
592.71
593.46
594.25
594.97
595.76
596.6
597.36
598.2
598.98
599.84
600.63
601.49
602.28
603.12
