0.5
2.21
3.82
5.62
7.23
8.85
10.37
11.95
13.52
15.28
16.9
18.48
20.07
21.67
23.26
24.97
26.68
28.34
30.01
31.83
33.64
35.46
37.17
38.89
40.77
42.52
44.2
46.06
47.69
49.29
50.98
52.65
54.37
56.22
58.04
59.77
61.49
63.19
64.87
66.59
68.31
69.98
71.55
73.36
75.16
76.88
78.68
80.45
82.2
83.94
85.71
87.57
89.44
91.14
93.05
95.08
96.91
98.63
100.34
102.07
103.89
105.65
107.36
109.07
110.81
112.51
114.2
115.78
117.41
119.08
120.67
122.28
123.99
125.62
127.26
129.11
130.99
132.79
134.56
136.35
138.04
139.7
141.52
143.33
144.99
146.68
148.46
150.11
151.67
153.22
154.79
156.39
158.1
159.76
161.38
162.99
164.61
166.18
167.84
169.56
171.24
172.93
174.55
176.14
177.96
179.67
181.38
183.09
184.91
186.4
187.92
189.44
190.91
192.42
193.85
195.29
196.83
198.31
199.81
201.32
202.85
204.36
205.83
207.3
208.77
210.26
211.72
213.12
214.58
215.97
217.34
218.76
220.19
221.56
222.94
224.28
225.67
227.15
228.62
230.02
231.47
232.84
234.24
235.66
237.08
238.45
239.78
241.14
242.53
243.98
245.44
246.84
248.24
249.67
251.1
252.5
253.92
255.33
256.74
258.14
259.55
260.96
262.43
263.98
265.52
266.99
268.54
270.09
271.58
273.06
274.53
276.0
277.45
278.93
280.42
281.84
283.43
284.9
286.34
287.86
289.24
290.66
292.17
293.59
295.01
296.47
297.92
299.43
300.9
302.39
303.87
305.4
306.91
308.38
309.86
311.29
312.72
314.11
315.53
316.92
318.4
319.96
321.39
322.86
324.31
325.73
327.15
328.68
330.12
331.61
333.13
334.64
336.16
337.72
339.36
340.98
342.62
344.37
346.15
347.98
350.09
352.41
354.57
356.93
359.16
361.38
363.72
366.06
368.67
371.34
373.86
376.14
378.76
381.11
382.94
384.84
386.46
388.1
389.78
391.49
393.15
394.78
396.32
397.82
399.27
400.79
402.32
403.74
405.23
406.82
408.45
410.07
411.6
413.09
414.62
416.21
417.68
419.21
420.75
422.36
423.94
425.52
427.13
428.66
430.27
431.89
433.5
435.09
436.48
437.89
439.32
440.73
442.16
443.45
444.75
446.08
447.41
448.7
449.92
451.16
452.53
453.98
455.32
456.66
458.09
459.74
461.35
463.06
464.67
466.21
467.78
469.23
470.74
472.35
473.86
475.29
476.77
478.31
479.75
481.09
482.47
484.03
485.7
487.29
488.79
490.39
491.97
493.62
495.27
496.97
498.46
499.96
501.49
502.99
504.48
505.94
507.57
509.25
510.95
512.47
513.99
515.71
517.37
519.02
520.64
522.22
523.72
525.14
526.65
528.16
529.85
531.35
532.87
534.35
535.82
537.37
538.93
540.52
542.11
543.78
545.46
547.05
548.66
550.16
551.64
553.35
555.05
556.6
558.23
559.99
561.67
563.24
565.05
566.78
568.27
569.79
571.37
572.98
574.72
576.56
578.31
580.09
581.86
583.6
585.31
586.98
588.65
590.38
592.1
593.79
595.75
598.18
600.62
