0.94
2.71
4.42
6.11
7.74
9.4
11.03
12.7
14.35
16.0
17.67
19.3
20.94
22.59
24.21
25.83
27.47
29.1
30.77
32.4
34.04
35.68
37.35
38.99
40.7
42.32
43.99
45.67
47.33
48.98
50.61
52.25
53.89
55.52
57.13
58.72
60.34
61.93
63.58
65.26
66.88
68.54
70.16
71.8
73.41
75.08
76.74
78.37
80.06
81.75
83.4
85.08
86.75
88.43
90.1
91.76
93.41
95.05
96.64
98.28
99.91
101.54
103.15
104.79
106.42
108.08
109.79
111.44
113.08
114.76
116.41
118.02
119.65
121.24
122.9
124.51
126.13
127.78
129.42
131.09
132.75
134.41
136.1
137.78
139.45
141.13
142.78
144.41
146.06
147.64
149.46
151.29
152.91
154.59
156.24
157.85
159.41
161.03
162.66
164.29
165.9
167.54
169.21
170.81
172.44
174.09
175.72
177.33
178.95
180.58
182.23
183.89
185.51
187.18
188.76
190.4
192.01
193.66
195.32
196.97
198.62
200.26
201.87
203.5
205.08
206.68
208.28
209.89
211.5
213.1
214.68
216.28
217.88
219.49
221.09
222.7
224.28
225.88
227.49
229.1
230.66
232.24
233.85
235.47
237.14
238.78
240.39
242.02
243.68
245.29
246.91
248.52
250.14
251.8
253.44
255.06
256.69
258.29
259.9
261.52
263.11
264.69
266.26
267.87
269.53
271.2
272.82
274.45
276.05
277.65
279.23
280.85
282.43
284.04
285.65
287.27
288.9
290.53
292.14
293.77
295.39
296.97
298.58
300.2
301.84
303.49
305.15
306.82
308.46
310.09
311.75
313.38
314.99
316.59
318.22
319.82
321.48
323.14
324.78
326.43
328.05
329.68
331.32
332.93
334.53
336.15
337.75
339.42
341.05
342.72
344.41
346.14
347.99
349.72
351.34
