0.09
0.51
0.95
1.39
1.84
2.29
2.72
3.17
3.58
4.01
4.44
4.87
5.29
5.71
6.12
6.53
6.94
7.35
7.75
8.17
8.57
9.0
9.41
9.81
10.21
10.63
11.03
11.45
11.87
12.29
12.71
13.12
13.53
13.94
14.36
14.77
15.18
15.6
16.01
16.44
16.87
17.28
17.68
18.09
18.51
18.91
19.31
19.72
20.13
20.54
20.95
21.36
21.79
22.2
22.6
23.01
23.42
23.82
24.22
24.62
25.01
25.43
25.85
26.25
26.65
27.07
27.48
27.9
28.29
28.7
29.11
29.53
29.95
30.37
30.78
31.2
31.61
32.02
32.42
32.83
33.23
33.63
34.05
34.45
34.86
35.29
35.69
36.1
36.52
36.94
37.36
37.78
38.19
38.59
39.0
39.41
39.84
40.29
40.71
41.11
41.52
41.93
42.34
42.75
43.18
43.58
44.0
44.41
44.83
45.27
45.68
46.09
46.52
46.93
47.34
47.75
48.16
48.57
48.99
49.4
49.79
50.2
50.62
51.02
51.44
51.85
52.26
52.67
53.09
53.5
53.9
54.31
54.71
55.13
55.53
55.94
56.35
56.75
57.14
57.55
57.95
58.35
58.74
59.14
59.54
59.95
60.35
60.75
61.14
61.54
61.95
62.37
62.78
63.19
63.59
64.01
64.44
64.86
65.27
65.66
66.08
66.49
66.89
67.31
67.71
68.13
68.55
68.95
69.36
69.76
70.17
70.58
71.0
71.4
71.81
72.22
72.61
73.02
73.42
73.84
74.25
74.68
75.09
75.51
75.95
76.36
76.76
77.17
77.57
77.98
78.39
78.81
79.22
79.64
80.07
80.48
80.9
81.34
81.75
82.17
82.58
83.0
83.41
83.83
84.24
84.68
85.09
85.51
85.93
86.34
86.77
87.18
87.61
88.02
88.45
88.87
89.28
89.7
90.11
90.52
90.94
91.35
91.77
92.19
92.59
93.0
93.42
93.84
94.24
94.65
95.06
95.44
95.85
96.25
96.65
97.07
97.47
97.89
98.29
98.71
99.09
99.49
99.92
100.33
100.74
101.13
101.55
101.95
102.37
102.78
103.16
103.56
103.97
104.39
104.8
105.2
105.61
106.04
106.43
106.86
107.26
107.66
108.09
108.51
108.93
109.38
109.79
110.21
110.62
111.03
111.45
111.85
112.26
112.67
113.09
113.51
113.92
114.35
114.77
115.19
115.61
116.02
116.42
116.82
117.23
117.62
118.03
118.43
118.83
119.25
119.66
120.05
120.47
120.85
121.25
121.68
122.08
122.49
122.91
123.29
123.69
124.11
124.52
124.92
125.34
125.73
126.14
126.56
126.98
127.37
127.79
128.2
128.6
129.01
129.43
129.86
130.27
130.67
131.1
131.51
131.9
132.32
132.76
133.18
133.6
134.01
134.42
134.85
135.26
135.69
136.12
136.54
136.96
137.38
137.79
138.22
138.63
139.05
139.46
139.88
140.31
140.72
141.14
141.56
141.96
142.37
142.79
143.19
143.61
144.02
144.42
144.85
145.26
145.65
146.08
146.46
146.85
147.25
147.64
148.04
148.41
148.82
149.2
149.62
150.03
150.46
150.88
151.3
151.71
152.11
152.52
152.93
153.34
153.77
154.19
154.6
155.01
155.44
155.84
156.25
156.66
157.06
157.47
157.86
158.26
158.63
159.02
159.42
159.81
160.22
160.64
161.04
161.46
161.86
162.26
162.67
163.08
163.49
163.9
164.3
164.7
165.11
165.51
165.92
166.34
166.75
167.15
167.56
167.97
168.39
168.79
169.22
169.63
170.02
170.43
170.83
171.24
171.64
172.03
172.45
172.86
173.28
173.68
174.1
174.49
174.91
175.33
175.73
176.13
176.54
176.93
177.34
177.73
178.14
178.56
178.96
179.36
179.79
180.18
180.59
181.01
181.42
181.82
182.25
182.66
183.08
183.49
183.91
184.3
184.71
185.12
185.53
185.94
186.37
186.78
187.19
187.58
187.99
188.38
188.78
189.19
189.62
190.02
190.41
190.81
191.22
191.63
192.02
192.42
192.84
193.27
193.68
194.11
194.52
194.92
195.33
195.75
196.16
196.57
196.98
197.39
197.83
198.23
198.63
199.03
199.44
199.85
200.27
200.67
201.07
201.48
201.89
202.29
202.7
203.11
203.51
203.91
204.3
204.69
205.09
205.5
205.9
206.29
206.69
207.1
207.5
207.9
208.29
208.69
209.1
209.51
209.91
210.3
210.72
211.11
211.51
211.9
212.3
212.71
213.11
213.5
213.91
214.3
214.69
215.09
215.48
215.88
216.29
216.68
217.08
217.49
217.89
218.29
218.69
219.1
219.51
219.91
220.32
220.71
221.1
221.5
221.9
222.31
222.71
223.08
223.48
223.88
224.3
224.69
225.08
225.48
225.89
226.28
226.68
227.09
227.5
227.92
228.32
228.71
229.12
229.51
229.91
230.28
230.67
231.06
231.46
231.87
232.25
232.65
233.05
233.46
233.86
234.27
234.66
235.06
235.48
235.87
236.29
236.72
237.15
237.55
237.98
238.38
238.79
239.19
239.61
240.0
240.41
240.8
241.23
241.63
242.03
242.44
242.86
243.26
243.69
244.09
244.49
244.89
245.3
245.69
246.12
246.52
246.92
247.32
247.73
248.12
248.53
248.93
249.33
249.74
250.15
250.56
250.97
251.4
251.82
252.21
252.64
253.04
253.45
253.85
254.26
254.65
255.07
255.48
255.89
256.3
256.69
257.1
257.5
257.92
258.31
258.72
259.12
259.51
259.92
260.31
260.72
261.13
261.53
261.93
262.32
262.73
263.11
263.51
263.92
264.31
264.7
265.1
265.47
265.87
266.27
266.67
267.08
267.49
267.88
268.3
268.7
269.11
269.54
269.95
270.37
270.8
271.21
271.61
272.02
272.42
272.84
273.24
273.65
274.05
274.46
274.87
275.26
275.66
276.06
276.45
276.85
277.26
277.67
278.07
278.47
278.85
279.24
279.64
280.04
280.44
280.86
281.26
281.65
282.06
282.44
282.84
283.24
283.64
284.06
284.45
284.84
285.25
285.67
286.09
286.49
286.89
287.28
287.7
288.09
288.51
288.92
289.32
289.72
290.14
290.55
290.95
291.35
291.77
292.15
292.57
292.96
293.36
293.78
294.17
294.58
294.99
295.4
295.78
296.18
296.6
296.98
297.38
297.8
298.18
298.59
299.0
299.39
299.79
300.21
300.62
301.03
301.43
301.85
302.27
302.68
303.08
303.5
303.91
304.33
304.74
305.16
305.59
306.01
306.41
306.84
307.23
307.64
308.05
308.47
308.88
309.28
309.71
310.11
310.52
310.94
311.35
311.76
312.17
312.57
312.98
313.39
313.8
314.2
314.6
315.01
315.41
315.81
316.2
316.61
317.01
317.42
317.82
318.23
318.63
319.03
319.43
319.84
320.25
320.67
321.08
321.5
321.91
322.33
322.74
323.16
323.57
323.97
324.38
324.79
325.21
325.62
326.04
326.45
326.85
327.27
327.66
328.07
328.48
328.88
329.29
329.69
330.09
330.51
330.91
331.33
331.74
332.15
332.55
332.94
333.34
333.74
334.14
334.55
334.95
335.34
335.75
336.16
336.57
336.97
337.37
337.78
338.19
338.6
339.02
339.43
339.83
340.25
340.65
341.06
341.49
341.89
342.29
342.73
343.14
343.57
343.99
344.43
344.85
345.3
345.73
346.15
346.59
347.06
347.54
348.0
348.49
348.94
349.42
349.92
350.4
350.88
351.35
351.82
352.3
352.78
353.28
353.76
354.24
354.72
355.2
355.66
356.15
356.62
357.1
