2.21
5.71
9.28
12.58
15.93
19.07
20.86
22.56
24.3
26.0
27.68
29.43
31.31
33.04
34.8
36.5
38.26
39.97
41.83
43.62
45.34
47.02
48.75
50.76
52.62
54.3
55.98
57.7
59.38
61.11
63.0
64.93
66.72
68.45
70.18
71.99
74.02
75.74
77.49
79.19
80.99
82.71
84.54
86.36
88.11
89.78
91.49
93.32
95.18
96.93
98.69
100.45
102.28
104.19
105.98
107.72
109.48
111.22
112.99
114.67
116.49
118.28
120.02
121.74
123.5
125.38
127.32
129.34
131.06
132.73
134.41
136.11
137.79
139.49
141.22
142.93
144.63
146.42
148.21
150.01
151.73
153.44
155.13
156.85
158.55
160.2
162.18
163.99
165.75
167.47
169.23
171.12
172.85
174.62
176.34
178.05
179.76
181.49
183.27
185.09
186.83
188.52
190.21
191.97
193.75
195.43
197.14
199.16
201.43
