0.5
1.36
2.22
3.1
3.96
4.85
5.72
6.61
7.49
8.44
9.26
10.09
10.91
11.75
12.58
13.46
14.27
15.13
15.94
16.81
17.65
18.52
19.27
19.98
20.87
21.72
22.56
23.45
24.32
25.15
26.01
26.86
27.69
28.6
29.48
30.42
31.32
32.19
33.05
33.93
34.81
35.66
36.51
37.38
38.27
39.13
39.97
40.83
41.83
42.76
43.63
44.47
45.35
46.18
47.02
47.88
48.76
49.77
50.76
51.73
52.62
53.45
54.32
55.14
55.99
56.87
57.71
58.51
59.38
60.28
61.12
62.0
63.0
64.07
64.93
65.86
66.73
67.6
68.45
69.32
70.19
71.12
72.01
73.01
74.03
74.93
75.75
76.62
77.49
78.36
79.2
80.11
80.99
81.87
82.73
83.67
84.55
85.43
86.37
87.27
88.12
88.95
89.78
90.65
91.49
92.31
92.8
93.33
93.86
94.33
94.74
95.18
95.61
96.06
96.49
96.94
97.37
97.8
98.24
98.69
99.13
99.57
100.02
100.46
100.89
101.34
101.82
102.27
102.76
103.28
103.76
104.2
104.64
105.11
105.55
105.99
106.41
106.85
107.29
107.73
108.17
108.63
109.05
109.49
109.89
110.32
110.75
111.16
111.55
111.96
112.37
112.78
113.2
113.62
114.05
114.46
114.88
115.29
115.72
116.16
116.57
117.02
117.43
117.86
118.29
118.73
119.17
119.6
120.03
120.44
120.87
121.3
121.76
122.2
122.62
123.06
123.51
123.98
124.47
124.94
125.39
125.86
126.34
126.82
127.27
127.68
128.09
128.51
128.93
129.36
129.81
130.24
130.66
131.06
131.5
131.91
132.32
132.74
133.17
133.58
134.0
134.42
134.87
135.29
135.71
136.12
136.55
136.96
137.39
137.8
138.22
138.64
139.07
139.5
139.95
140.36
140.81
141.22
141.65
142.09
142.52
142.94
143.36
143.77
144.2
144.63
145.06
145.49
145.95
146.43
146.89
147.34
147.77
148.22
148.67
149.14
149.58
150.02
150.46
150.91
151.32
151.74
152.15
152.58
153.01
153.45
153.89
154.31
154.71
155.13
155.55
155.99
156.41
156.85
157.31
157.74
158.14
158.56
158.96
159.39
159.79
160.2
160.63
161.17
161.65
162.18
162.68
163.14
163.56
164.0
164.46
164.89
165.32
165.75
166.18
166.62
167.04
167.48
167.92
168.35
168.77
169.21
169.7
170.21
170.7
171.13
171.54
171.97
172.41
172.86
173.33
173.77
174.19
174.63
175.05
175.49
175.91
176.35
176.78
177.21
177.64
178.06
178.46
178.88
179.31
179.77
180.2
180.65
181.07
181.5
181.94
182.38
182.83
183.28
183.73
184.18
184.64
185.1
185.54
185.97
186.42
186.84
187.26
187.71
188.13
188.53
188.97
189.37
189.8
190.22
190.65
191.1
191.53
191.98
192.43
192.9
193.34
193.76
194.16
194.59
195.01
195.44
195.85
196.26
196.69
197.17
197.69
198.17
198.65
199.16
199.74
200.26
200.85
201.44
202.06
202.66
203.24
203.87
204.47
205.05
205.67
206.24
206.87
