0.49
2.64
4.9
7.09
9.26
11.51
13.68
15.64
17.61
19.59
21.49
23.68
25.74
27.62
29.5
31.35
33.19
35.12
37.28
39.11
41.01
42.89
44.85
46.74
48.61
50.49
52.28
54.12
55.98
57.86
59.81
61.72
63.54
65.4
67.23
69.1
70.95
72.87
74.75
76.65
78.45
80.29
82.3
84.14
86.03
87.91
89.82
91.75
93.61
95.45
97.32
99.11
100.96
102.88
104.76
106.6
108.46
110.26
112.21
114.44
116.3
118.15
120.04
121.97
123.87
125.7
127.57
129.48
131.33
133.18
134.95
136.79
138.7
140.43
142.19
143.93
145.7
147.43
149.21
151.08
152.94
154.75
156.57
158.42
160.28
162.28
164.07
165.9
167.69
169.54
171.3
173.07
175.07
176.9
178.72
180.5
182.28
184.03
185.76
187.52
189.28
191.05
192.78
194.6
196.43
198.35
200.15
201.91
203.68
205.54
207.37
209.13
211.01
213.04
214.96
