0.52
1.61
2.7
3.79
4.94
6.01
7.1
8.21
9.27
10.36
11.44
12.53
13.66
14.67
15.65
16.67
17.62
18.63
19.59
20.57
21.5
22.59
23.68
24.77
25.75
26.69
27.62
28.58
29.52
30.43
31.36
32.29
33.2
34.17
35.09
35.65
36.19
36.75
37.28
37.75
38.21
38.65
39.12
39.57
40.05
40.55
41.02
41.5
41.97
42.43
42.9
43.39
43.89
44.4
44.86
45.34
45.8
46.29
46.74
47.23
47.7
48.15
48.62
49.09
49.56
50.03
50.49
50.93
51.37
51.84
52.29
52.76
53.22
53.67
54.13
54.6
55.06
55.52
55.98
56.45
56.93
57.41
57.87
58.35
58.85
59.31
59.82
60.31
60.78
61.25
61.73
62.17
62.64
63.09
63.55
64.02
64.49
64.94
65.41
65.86
66.31
66.76
67.23
67.68
68.15
68.63
69.11
69.56
70.01
70.47
70.96
71.44
71.91
72.4
72.87
73.37
73.82
74.3
74.76
75.24
75.73
76.2
76.66
77.09
77.54
77.99
78.46
78.89
79.36
79.8
80.3
80.82
81.35
81.83
82.3
82.77
83.24
83.68
84.15
84.6
85.07
85.54
86.04
86.52
86.99
87.44
87.92
88.38
88.86
89.34
89.83
90.32
90.81
91.28
91.76
92.23
92.69
93.16
93.62
94.07
94.54
95.0
95.46
95.92
96.41
96.86
97.34
97.78
98.23
98.68
99.12
99.58
100.04
100.5
100.96
101.43
101.9
102.37
102.88
103.38
103.85
104.3
104.77
105.23
105.68
106.14
106.61
107.08
107.53
108.01
108.47
108.92
109.38
109.82
110.27
110.72
111.25
111.74
112.22
112.78
113.37
113.97
114.45
114.93
115.39
115.85
116.3
116.76
117.22
117.69
118.17
118.63
119.11
119.59
120.06
120.51
120.98
121.46
121.98
122.46
122.94
123.42
123.88
124.33
124.79
125.26
125.71
126.16
126.62
127.08
127.59
128.08
128.54
129.01
129.48
129.96
130.41
130.87
131.33
131.81
132.27
132.72
133.18
133.63
134.06
134.51
134.96
135.43
135.89
136.34
136.79
137.28
137.8
138.28
138.71
139.14
139.57
140.01
140.44
140.87
141.31
141.75
142.21
142.64
143.08
143.52
143.95
144.39
144.84
145.27
145.71
146.14
146.57
147.0
147.43
147.87
148.33
148.78
149.22
149.68
150.12
150.6
151.1
151.58
152.02
152.5
152.95
153.41
153.87
154.31
154.76
155.21
155.66
156.11
156.58
157.04
157.49
157.95
158.43
158.91
159.38
159.83
160.28
160.78
161.28
161.81
162.29
162.75
163.2
163.64
164.08
164.53
164.98
165.43
165.9
166.37
166.8
167.26
167.7
168.15
168.62
169.08
169.54
170.0
170.44
170.87
171.31
171.74
172.18
172.63
173.08
173.56
174.09
174.58
175.07
175.54
175.98
176.44
176.9
177.37
177.84
178.28
178.73
179.2
179.64
180.09
180.51
180.96
181.4
181.83
182.28
182.72
183.17
183.61
184.04
184.45
184.88
185.32
185.77
186.21
186.65
187.09
187.53
187.96
188.4
188.84
189.29
189.73
190.16
190.61
191.06
191.48
191.9
192.33
192.79
193.23
193.69
194.16
194.61
195.05
195.49
195.95
196.44
196.94
197.42
197.88
198.36
198.82
199.29
199.73
200.16
200.61
201.04
201.47
201.92
202.37
202.81
203.24
203.68
204.13
204.62
205.09
205.54
206.01
206.5
206.94
207.38
207.81
208.25
208.68
209.14
209.58
210.07
210.54
211.02
211.55
212.09
212.57
213.04
213.51
213.99
214.49
214.97
215.44
215.91
216.39
216.88
217.37
217.83
218.31
218.81
219.28
219.75
220.25
220.71
221.19
221.68
222.17
222.65
223.13
223.6
224.09
224.57
