0.51
1.52
2.57
3.61
4.62
5.66
6.67
7.66
8.65
9.74
10.68
11.64
12.61
13.5
14.41
15.34
16.26
17.19
18.13
19.04
19.99
21.01
21.91
22.86
23.8
24.7
25.61
26.53
27.41
28.31
29.2
30.08
30.93
31.86
32.81
33.75
34.72
35.64
36.55
37.52
38.47
39.38
40.26
41.2
42.14
43.07
43.98
44.88
45.83
46.74
47.61
48.51
49.39
50.26
51.15
52.05
52.91
53.84
54.75
55.69
56.66
57.64
58.59
59.52
60.49
61.47
62.4
63.29
64.23
65.19
66.14
67.07
68.03
68.97
69.86
70.81
71.69
72.59
73.46
74.35
75.24
76.09
76.61
77.13
77.61
78.12
78.6
79.11
79.59
80.05
80.52
81.01
81.48
81.95
82.44
82.97
83.47
83.94
84.42
84.88
85.35
85.83
86.31
86.81
87.3
87.76
88.23
88.7
89.17
89.63
90.08
90.56
91.0
91.48
91.94
92.42
92.91
93.37
93.86
94.34
94.8
95.24
95.67
96.09
96.52
96.95
97.37
97.81
98.23
98.68
99.13
99.59
100.04
100.49
100.92
101.35
101.79
102.22
102.65
103.09
103.52
103.95
104.39
104.84
105.28
105.73
106.16
106.59
107.01
107.44
107.86
108.31
108.77
109.23
109.7
110.16
110.63
111.07
111.53
111.96
112.39
112.83
113.29
113.76
114.22
114.69
115.14
115.58
116.02
116.47
116.92
117.37
117.83
118.27
118.74
119.17
119.6
120.03
120.48
120.89
121.33
121.8
122.27
122.73
123.18
123.62
124.05
124.49
124.94
125.37
125.78
126.21
126.65
127.08
127.5
127.92
128.34
128.76
129.18
129.65
130.1
130.56
131.02
131.49
131.97
132.45
132.9
133.34
133.76
134.2
134.63
135.07
135.51
135.95
136.37
136.81
137.24
137.67
138.1
138.53
138.95
139.39
139.83
140.27
140.72
141.19
141.63
142.07
142.49
142.91
143.34
143.78
144.21
144.66
145.11
145.54
145.95
146.38
146.8
147.24
147.67
148.11
148.53
148.96
149.38
149.81
150.23
150.66
151.08
151.5
151.93
152.38
152.8
153.26
153.69
154.12
154.56
155.01
155.47
155.95
156.41
156.84
157.25
157.68
158.11
158.55
158.99
159.44
159.89
160.31
160.74
161.16
161.59
162.04
162.47
162.91
163.36
163.79
164.21
164.64
165.07
165.5
165.93
166.36
166.84
167.34
167.87
168.34
168.81
169.24
169.69
170.14
170.6
171.06
171.48
171.91
172.34
172.77
173.21
173.62
174.06
174.49
174.93
175.36
175.78
176.21
176.63
177.04
177.46
177.89
178.33
178.8
179.29
179.75
180.22
180.67
181.11
181.57
182.02
182.51
182.99
183.47
183.91
184.37
184.81
185.24
185.67
186.13
186.6
187.07
187.51
187.96
188.42
188.85
189.3
189.79
190.29
190.79
191.26
191.69
192.13
192.57
193.01
193.44
193.87
194.32
194.73
195.18
195.6
196.04
196.45
196.89
197.37
197.88
198.37
198.86
199.33
199.84
200.33
200.76
201.21
201.67
202.12
202.57
203.05
203.59
204.1
204.66
205.18
205.71
206.26
206.82
207.35
208.0
208.65
209.27
209.91
210.55
211.22
211.83
212.47
213.11
213.75
214.39
215.03
215.7
216.31
216.96
217.62
218.23
218.9
219.52
220.15
220.82
221.46
222.09
222.74
