0.49
4.62
8.64
12.6
16.25
19.99
23.79
27.4
30.93
33.74
35.63
37.51
39.36
41.19
43.06
44.88
46.73
48.51
50.26
52.04
53.83
55.68
57.63
59.51
61.46
63.28
65.18
67.06
68.96
70.8
72.58
74.34
76.16
78.11
80.04
81.94
83.93
85.81
87.75
89.62
91.47
93.36
95.23
96.94
98.67
100.48
102.22
103.94
105.72
107.44
109.22
111.06
112.82
114.67
116.46
118.26
120.02
121.78
123.61
125.36
127.07
128.75
130.54
132.44
134.19
135.94
137.66
139.38
141.17
142.9
144.65
146.37
148.1
149.8
151.49
153.25
154.99
156.83
158.54
160.3
162.03
163.78
165.49
167.33
169.23
171.05
172.76
174.48
176.19
177.88
179.74
181.56
183.46
185.23
187.06
188.84
190.78
192.56
194.31
196.03
197.87
199.83
201.66
203.58
205.68
208.0
210.53
