0.49
4.29
8.19
12.03
15.68
19.36
22.0
23.82
25.65
27.48
29.29
31.13
32.97
34.86
36.73
38.59
40.5
42.36
44.2
46.14
47.99
49.82
51.65
53.53
55.39
57.24
59.06
60.89
62.69
64.61
66.44
68.34
70.17
72.03
73.88
75.81
77.72
79.62
81.48
83.36
85.21
87.19
89.05
90.88
92.73
94.51
96.31
98.12
100.0
101.83
103.71
105.56
107.41
109.3
111.18
112.98
114.86
116.68
118.54
120.34
122.15
124.05
125.86
127.7
129.52
131.43
133.22
134.96
136.77
138.59
140.36
142.19
143.97
145.72
147.54
149.31
151.14
152.99
154.83
156.63
158.45
160.2
162.01
163.77
165.6
167.37
169.33
171.53
173.39
175.24
177.07
178.93
180.69
182.53
184.35
186.14
187.96
189.76
191.59
193.58
195.41
197.26
199.07
201.02
203.19
205.31
207.37
209.73
212.16
214.47
