0.5
1.46
2.41
3.36
4.31
5.27
6.27
7.24
8.2
9.25
10.23
11.13
12.04
12.94
13.83
14.79
15.69
16.61
17.52
18.46
19.37
20.29
21.2
22.02
22.91
23.84
24.76
25.66
26.58
27.49
28.4
29.3
30.22
31.16
32.05
32.98
33.94
34.87
35.8
36.75
37.68
38.61
39.51
40.52
41.45
42.37
43.3
44.21
45.18
46.15
47.08
48.0
48.91
49.83
50.74
51.66
52.59
53.54
54.48
55.4
56.33
57.25
58.19
59.07
59.99
60.9
61.82
62.47
63.13
63.7
64.14
64.62
65.07
65.54
65.98
66.45
66.92
67.4
67.87
68.35
68.8
69.28
69.72
70.18
70.64
71.1
71.57
72.04
72.48
72.95
73.41
73.89
74.36
74.85
75.32
75.82
76.3
76.8
77.26
77.73
78.2
78.69
79.15
79.63
80.09
80.55
81.0
81.49
81.94
82.43
82.89
83.37
83.81
84.29
84.73
85.22
85.7
86.22
86.7
87.2
87.67
88.14
88.59
89.06
89.5
89.98
90.42
90.89
91.34
91.82
92.27
92.74
93.18
93.64
94.07
94.52
94.97
95.44
95.88
96.32
96.78
97.23
97.68
98.13
98.59
99.07
99.55
100.01
100.47
100.93
101.38
101.85
102.3
102.77
103.25
103.72
104.18
104.65
105.1
105.57
106.03
106.49
106.94
107.43
107.88
108.36
108.82
109.31
109.78
110.25
110.69
111.17
111.61
112.08
112.53
112.99
113.45
113.92
114.38
114.85
115.31
115.77
116.21
116.69
117.15
117.63
118.08
118.55
119.01
119.47
119.91
120.35
120.79
121.24
121.69
122.16
122.62
123.1
123.58
124.06
124.52
124.98
125.41
125.87
126.32
126.79
127.24
127.71
128.17
128.62
129.07
129.53
129.97
130.45
130.93
131.44
131.89
132.34
132.78
133.23
133.67
134.1
134.54
134.97
135.41
135.86
136.32
136.78
137.24
137.72
138.17
138.6
139.04
139.5
139.94
140.37
140.81
141.25
141.72
142.21
142.67
143.1
143.53
143.98
144.41
144.86
145.3
145.73
146.19
146.64
147.09
147.55
148.0
148.43
148.88
149.33
149.78
150.24
150.69
151.15
151.62
152.09
152.55
153.0
153.46
153.93
154.39
154.84
155.28
155.72
156.17
156.64
157.09
157.56
158.0
158.46
158.89
159.34
159.77
160.22
160.66
161.12
161.55
162.02
162.44
162.89
163.33
163.78
164.23
164.7
165.15
165.6
166.04
166.49
166.93
167.38
167.85
168.31
168.77
169.24
169.68
170.14
170.6
171.08
171.54
172.0
172.47
172.93
173.4
173.86
174.33
174.79
175.25
175.7
176.18
176.63
177.08
177.54
178.01
178.46
178.94
179.39
179.82
180.26
180.7
181.15
181.63
182.07
182.54
182.99
183.47
183.9
184.37
184.8
185.26
185.71
186.15
186.61
187.07
187.52
187.97
188.4
188.86
189.32
189.77
190.23
190.7
191.14
191.6
192.1
192.62
193.12
193.59
194.06
194.51
194.97
195.42
195.88
196.35
196.8
197.27
197.72
198.19
198.62
199.07
199.53
200.01
200.48
201.02
201.51
202.09
202.65
203.37
204.07
204.81
205.6
206.35
207.11
207.99
208.87
209.73
210.76
211.77
212.79
213.81
214.75
215.82
216.82
217.73
218.74
219.67
220.61
