0.49
4.54
8.51
12.4
15.88
19.45
22.07
23.84
25.59
27.32
29.05
30.77
32.63
34.45
36.24
38.04
39.82
41.64
43.44
45.31
47.09
48.91
50.7
52.58
54.45
56.3
58.12
59.98
61.8
63.67
65.5
67.46
69.25
71.01
72.79
74.51
76.35
78.17
79.98
81.87
83.7
85.52
87.4
89.28
91.29
93.15
94.92
96.74
98.69
100.49
102.28
104.05
105.83
107.79
109.73
111.54
113.38
115.16
116.96
118.78
120.58
122.52
124.31
126.08
127.86
129.66
131.49
133.27
135.04
136.83
138.63
140.4
142.19
143.99
145.87
147.66
149.46
151.26
153.38
155.19
157.07
158.85
160.66
162.44
164.25
166.03
168.02
169.95
171.77
173.55
175.36
177.11
178.89
180.74
182.57
184.42
186.24
188.15
190.06
191.96
193.75
195.52
197.28
199.11
201.04
202.85
204.95
207.12
209.31
211.38
