0.5
1.54
2.58
3.55
4.54
5.59
6.59
7.55
8.52
9.61
10.61
11.51
12.4
13.28
14.14
15.02
15.88
16.79
17.65
18.58
19.46
20.39
21.26
22.07
22.97
23.84
24.72
25.59
26.47
27.33
28.2
29.06
29.9
30.78
31.43
32.14
32.63
33.14
33.58
34.02
34.45
34.9
35.35
35.78
36.24
36.7
37.15
37.59
38.05
38.49
38.93
39.38
39.83
40.29
40.74
41.2
41.65
42.08
42.55
42.98
43.46
43.91
44.39
44.86
45.32
45.77
46.21
46.66
47.1
47.55
48.0
48.45
48.91
49.37
49.8
50.27
50.71
51.17
51.61
52.09
52.59
53.08
53.54
53.99
54.46
54.93
55.39
55.85
56.31
56.76
57.22
57.67
58.13
58.59
59.07
59.52
59.99
60.44
60.9
61.36
61.81
62.27
62.76
63.23
63.67
64.14
64.59
65.05
65.51
66.01
66.53
67.01
67.47
67.91
68.35
68.81
69.26
69.71
70.15
70.58
71.01
71.45
71.9
72.37
72.8
73.22
73.65
74.07
74.52
74.98
75.44
75.88
76.35
76.81
77.27
77.72
78.18
78.62
79.08
79.52
79.99
80.45
80.95
81.42
81.88
82.34
82.8
83.25
83.71
84.15
84.62
85.06
85.53
85.97
86.45
86.92
87.42
87.9
88.37
88.82
89.3
89.8
90.32
90.82
91.3
91.77
92.25
92.71
93.16
93.6
94.05
94.49
94.92
95.37
95.8
96.21
96.61
96.99
97.41
97.79
98.26
98.7
99.16
99.59
100.04
100.49
100.94
101.4
101.85
102.29
102.74
103.18
103.62
104.06
104.48
104.92
105.36
105.84
106.36
106.83
107.31
107.8
108.32
108.81
109.28
109.74
110.2
110.65
111.1
111.55
112.0
112.45
112.93
113.39
113.83
114.28
114.72
115.17
115.62
116.08
116.53
116.97
117.43
117.88
118.32
118.79
119.24
119.69
120.12
120.59
121.1
121.6
122.06
122.53
122.97
123.42
123.86
124.32
124.76
125.19
125.64
126.09
126.53
126.99
127.43
127.87
128.3
128.76
129.21
129.67
130.12
130.58
131.05
131.49
131.94
132.38
132.83
133.28
133.72
134.16
134.61
135.05
135.5
135.94
136.4
136.84
137.29
137.75
138.2
138.64
139.09
139.52
139.95
140.41
140.87
141.3
141.75
142.19
142.64
143.07
143.51
143.99
144.46
144.96
145.43
145.88
146.32
146.77
147.21
147.66
148.11
148.55
149.0
149.47
149.91
150.37
150.82
151.27
151.75
152.31
152.85
153.39
153.83
154.27
154.73
155.2
155.68
156.14
156.62
157.08
157.52
157.97
158.42
158.86
159.32
159.77
160.23
160.67
161.13
161.56
162.01
162.45
162.89
163.35
163.81
164.25
164.7
165.16
165.61
166.04
166.49
166.94
167.41
167.83
168.23
168.65
169.07
169.53
169.96
170.41
170.86
171.33
171.78
172.22
172.66
173.11
173.56
174.01
174.46
174.92
175.37
175.81
176.25
176.68
177.12
177.57
178.01
178.46
178.9
179.35
179.82
180.27
180.74
181.2
181.67
182.12
182.58
183.04
183.51
183.97
184.43
184.9
185.36
185.8
186.25
186.69
187.2
187.7
188.16
188.65
189.11
189.58
190.06
190.56
191.03
191.52
191.97
192.43
192.86
193.32
193.76
194.2
194.64
195.09
195.53
195.97
196.41
196.85
197.29
197.72
198.18
198.62
199.12
199.6
200.08
200.56
201.07
201.52
201.97
202.43
202.89
203.39
203.86
204.39
204.96
205.48
206.06
206.58
207.13
207.71
208.23
208.81
209.32
209.88
210.37
210.88
211.38
211.86
212.35
212.84
213.32
213.78
214.26
214.74
215.22
215.7
216.18
216.66
