0.0
0.34
0.71
1.08
1.43
1.78
2.13
2.48
2.83
3.18
3.55
3.91
4.27
4.64
5.01
5.39
5.77
6.12
6.49
6.84
7.17
7.53
7.87
8.23
8.58
8.94
9.3
9.65
10.02
10.38
10.74
11.12
11.51
11.89
12.26
12.62
12.95
13.32
13.65
14.01
14.36
14.74
15.09
15.48
15.85
16.23
16.64
17.02
17.39
17.78
18.15
18.54
18.91
19.28
19.67
20.07
20.44
20.83
21.22
21.61
21.98
22.36
22.75
23.13
23.52
23.92
24.33
24.71
25.08
25.44
25.81
26.19
26.58
27.01
27.45
27.89
28.31
28.73
29.19
29.72
30.28
30.87
31.44
32.0
32.58
33.16
33.68
34.23
34.81
35.39
36.02
36.61
37.23
37.85
38.46
39.08
39.68
40.25
40.85
41.48
42.13
42.81
43.49
44.18
44.82
45.45
45.98
46.51
47.06
47.67
48.33
48.97
49.62
50.27
50.93
51.52
52.07
52.64
53.2
53.71
54.1
54.49
54.84
55.21
55.59
55.96
56.33
56.7
57.08
57.45
57.88
58.28
58.69
59.09
59.5
59.92
60.33
60.74
61.15
61.53
61.9
62.27
62.68
63.06
63.47
63.87
64.26
64.66
65.06
65.47
65.88
66.28
66.68
67.09
67.5
67.9
68.3
68.68
69.08
69.48
69.89
70.29
70.7
71.09
71.48
71.87
72.26
72.65
73.06
73.44
73.82
74.22
74.6
75.0
75.4
75.79
76.17
76.54
76.91
77.29
77.68
78.06
78.42
78.79
79.18
79.55
79.9
80.24
80.59
80.93
81.28
81.65
82.04
82.43
82.82
83.21
83.61
84.02
84.4
84.8
85.21
85.63
86.07
86.49
86.87
87.24
87.63
88.0
88.38
88.75
89.13
89.52
89.9
90.27
90.62
90.98
91.34
91.69
92.06
92.45
92.85
93.25
93.62
94.02
94.44
94.84
95.23
95.63
96.04
96.43
96.81
97.2
97.56
97.94
98.32
98.72
99.1
99.45
99.83
100.2
100.57
100.95
101.3
101.67
102.04
102.41
102.8
103.19
103.58
103.98
104.4
104.84
105.24
105.66
106.08
106.49
106.87
107.21
107.59
107.93
108.29
108.66
109.04
109.41
109.78
110.17
110.56
110.97
111.36
111.77
112.15
112.55
112.94
113.32
113.72
114.12
114.51
114.88
115.23
115.6
115.98
116.37
116.77
117.19
117.57
117.98
118.37
118.77
119.19
119.59
119.96
120.37
120.74
121.13
121.53
121.92
122.32
122.71
123.08
123.47
123.87
124.28
124.71
125.12
125.52
125.92
126.34
126.72
127.12
127.51
127.91
128.29
128.65
129.01
129.39
129.77
130.17
130.54
130.94
131.36
131.76
132.15
132.54
132.92
133.31
133.71
134.11
134.5
134.88
135.29
135.7
136.09
136.49
136.91
137.31
137.71
138.11
138.5
138.9
139.31
139.7
140.07
140.45
140.83
141.19
141.55
141.89
142.28
142.63
143.02
143.44
143.82
144.24
144.64
145.02
145.44
145.82
146.24
146.62
147.04
147.42
147.8
148.19
148.6
148.98
149.37
149.76
150.16
150.55
150.98
151.41
151.82
152.23
152.64
153.04
153.46
153.86
154.28
154.72
155.13
155.52
155.93
156.33
156.73
157.11
157.5
157.9
158.29
158.69
159.09
159.48
159.89
160.29
160.71
161.13
161.54
161.94
162.34
162.73
163.12
163.52
163.91
164.31
164.71
165.11
165.5
165.89
166.26
166.64
167.01
167.39
167.74
168.11
168.46
168.82
169.18
169.53
169.89
170.26
170.62
170.98
171.34
171.7
172.08
172.46
172.82
173.19
173.55
173.91
174.26
174.62
174.99
175.38
175.75
176.13
176.51
176.89
177.28
177.65
178.04
178.44
178.85
179.25
179.63
180.02
180.39
180.76
181.11
181.47
181.83
182.21
182.58
182.96
183.35
183.75
184.13
184.5
184.88
185.25
185.62
185.98
186.35
186.75
187.12
187.5
187.9
188.28
188.68
189.06
189.42
189.81
190.19
190.58
190.96
191.32
191.71
192.1
192.48
192.85
193.24
193.64
194.03
194.4
194.78
195.17
195.55
195.93
196.35
196.76
197.18
197.62
198.02
198.44
198.87
199.28
199.69
200.09
200.5
200.9
201.29
201.66
202.03
202.39
202.77
203.13
203.51
203.95
204.37
204.78
205.23
205.65
206.07
206.52
206.95
207.34
207.69
208.07
208.45
208.81
209.19
209.54
209.93
210.3
210.65
211.04
211.41
211.79
212.17
212.53
212.92
213.29
213.67
214.04
214.46
214.86
215.24
215.66
216.05
216.45
216.86
217.27
217.68
218.08
218.48
218.84
219.22
219.6
220.0
220.42
220.81
221.22
221.61
222.02
222.41
222.81
223.21
223.63
224.03
224.45
224.87
225.28
225.68
226.09
226.49
226.9
227.31
227.71
228.1
228.5
228.89
229.3
229.7
230.09
230.48
230.89
231.26
231.68
232.15
232.72
233.32
233.87
234.45
235.01
235.57
236.15
236.73
237.28
237.79
238.34
238.87
239.39
239.95
240.55
241.16
241.75
242.34
242.92
243.51
244.15
244.76
245.31
245.89
246.46
246.99
247.58
248.14
248.71
249.24
249.79
250.3
250.83
251.37
251.98
252.57
253.17
253.77
254.38
254.99
255.6
256.17
256.73
257.31
257.86
258.44
258.98
259.55
260.11
260.66
261.22
261.75
262.34
262.93
263.55
264.17
264.74
265.36
265.94
266.55
267.22
267.94
268.58
269.18
269.76
270.32
270.91
271.47
272.05
272.65
273.24
273.79
274.4
275.14
275.85
276.48
277.13
277.72
278.28
278.87
279.47
280.02
280.59
281.18
281.78
282.41
283.05
283.68
284.29
284.91
285.54
286.18
286.85
287.51
288.18
288.83
289.47
