0.71
1.78
2.82
3.91
4.99
6.12
7.17
8.23
9.3
10.38
11.5
12.66
13.9
15.08
16.23
17.39
18.53
19.67
20.81
21.98
23.12
24.32
25.44
26.58
27.7
28.73
29.7
30.67
31.8
33.15
34.8
36.6
38.45
40.61
42.8
44.82
46.5
48.32
50.26
52.07
53.7
54.84
55.96
57.07
58.28
59.49
60.74
61.89
63.05
64.25
65.46
66.67
67.89
69.07
70.28
71.47
72.65
73.82
74.99
76.16
77.28
78.42
79.54
80.59
81.64
82.82
84.01
85.2
86.48
87.62
88.74
89.9
90.97
92.04
93.24
94.44
95.62
96.81
97.93
99.09
100.19
101.29
102.4
103.57
104.84
106.08
107.2
108.28
109.4
110.55
111.76
112.93
114.21
115.57
116.77
117.97
119.16
120.36
121.52
122.7
124.08
125.51
126.71
127.9
129.0
130.16
131.35
132.53
133.7
134.87
136.08
137.31
138.49
139.69
140.82
141.89
142.99
144.08
145.17
146.24
147.42
148.59
149.75
150.97
152.23
153.45
154.71
155.93
157.11
158.29
159.47
160.7
161.94
163.12
164.31
165.5
166.63
167.73
168.81
169.89
170.98
172.07
173.19
174.26
175.37
176.5
177.64
178.85
180.01
181.11
182.2
183.34
184.5
185.87
187.12
188.27
189.42
190.57
191.71
192.84
194.02
195.17
196.34
197.61
198.86
200.09
201.28
202.39
203.51
204.77
206.06
207.33
208.44
209.54
210.65
211.78
212.91
214.03
215.23
216.44
217.67
218.87
219.99
221.21
222.4
223.62
224.86
226.09
227.3
228.5
229.69
230.89
232.13
233.31
234.44
235.58
236.72
237.79
238.86
239.94
241.15
242.33
243.5
244.75
245.89
247.01
248.14
249.23
250.3
251.37
252.56
253.77
254.98
256.16
257.3
258.43
259.54
260.65
261.75
262.92
264.16
265.36
266.55
267.93
269.17
270.31
271.47
272.64
273.97
275.26
276.5
277.71
278.86
280.01
281.17
282.4
283.66
284.9
286.18
287.49
