0.8
1.81
2.87
3.99
5.13
6.27
7.44
8.56
9.63
10.75
11.91
13.08
14.18
15.26
16.34
17.47
18.67
19.87
21.07
22.28
23.48
24.69
25.9
27.1
28.34
30.17
32.1
33.86
35.8
37.73
39.56
41.38
43.23
45.25
47.26
49.07
50.9
52.73
54.55
56.25
58.01
59.81
61.18
62.45
63.74
64.98
66.23
67.49
68.74
69.97
71.38
72.65
73.89
75.12
76.33
77.54
78.79
80.02
81.22
82.4
83.59
84.77
85.98
87.25
88.54
89.8
91.14
92.36
93.57
94.77
95.96
97.2
98.47
99.75
101.02
102.35
103.59
104.87
106.1
107.31
108.54
109.79
111.19
112.61
114.0
115.43
116.73
117.97
119.19
120.42
121.68
122.93
124.14
125.35
126.6
127.79
129.01
130.19
131.43
132.64
133.87
135.07
136.35
137.56
138.85
140.15
141.44
142.71
143.96
145.23
146.51
147.8
149.03
150.24
151.49
152.71
153.92
155.17
156.51
157.85
159.09
160.33
161.56
162.79
164.05
165.29
166.54
167.78
169.02
170.26
171.53
172.74
173.95
175.16
176.39
177.55
178.68
179.79
180.92
182.07
183.22
184.33
185.48
186.64
187.84
189.02
190.13
191.23
192.36
193.52
194.7
195.87
197.04
198.27
199.53
200.75
201.95
203.15
204.36
205.56
206.77
208.0
209.34
210.64
211.95
213.2
214.36
215.53
216.77
218.0
219.21
220.39
221.51
222.66
223.83
225.0
226.22
227.58
228.89
230.17
231.37
232.57
233.81
235.05
236.28
237.64
238.84
240.09
241.33
242.55
243.78
245.01
246.25
247.43
248.61
249.82
251.0
252.16
253.35
254.62
255.88
257.12
258.46
259.66
260.83
262.05
263.22
264.4
265.6
266.88
268.14
269.37
270.69
271.9
273.14
274.35
275.57
276.76
277.97
279.29
280.64
282.11
284.07
286.15
288.51
291.14
293.62
295.88
298.15
300.33
302.83
