0.17
0.5
0.81
1.15
1.47
1.82
2.16
2.51
2.87
3.24
3.61
3.99
4.37
4.75
5.13
5.51
5.89
6.27
6.69
7.07
7.49
7.87
8.25
8.66
9.03
9.44
9.81
10.19
10.56
10.95
11.32
11.71
12.11
12.49
12.87
13.27
13.67
14.04
14.43
14.83
15.25
15.64
16.06
16.51
16.98
17.47
17.9
18.29
18.68
19.09
19.49
19.88
20.3
20.7
21.08
21.49
21.89
22.29
22.7
23.1
23.49
23.88
24.3
24.7
25.1
25.5
25.9
26.33
26.72
27.11
27.49
27.88
28.35
28.98
29.56
30.18
30.82
31.48
32.08
32.72
33.28
33.85
34.52
35.16
35.81
36.43
37.08
37.74
38.33
38.96
39.57
40.18
40.78
41.39
42.01
42.6
43.22
43.88
44.57
45.26
45.95
46.62
47.27
47.92
48.49
49.07
49.66
50.26
50.9
51.51
52.12
52.73
53.36
53.98
54.55
55.15
55.71
56.26
56.84
57.24
57.63
58.02
58.41
58.82
59.21
59.61
60.02
60.41
60.81
61.2
61.64
62.05
62.46
62.88
63.33
63.75
64.19
64.59
64.97
65.37
65.8
66.24
66.68
67.09
67.5
67.91
68.34
68.75
69.14
69.55
69.98
70.42
70.89
71.38
71.85
72.26
72.66
73.07
73.5
73.91
74.33
74.73
75.13
75.55
75.94
76.34
76.74
77.15
77.55
77.96
78.39
78.8
79.2
79.62
80.03
80.42
80.82
81.23
81.61
82.01
82.41
82.81
83.2
83.6
84.0
84.38
84.78
85.16
85.56
85.99
86.41
86.84
87.26
87.71
88.13
88.55
88.95
89.38
89.81
90.25
90.71
91.15
91.56
91.95
92.37
92.76
93.16
93.57
93.97
94.37
94.78
95.18
95.57
95.97
96.36
96.77
97.21
97.64
98.07
98.48
98.91
99.34
99.76
100.17
100.59
101.03
101.48
101.92
102.36
102.78
103.18
103.6
104.02
104.46
104.88
105.28
105.69
106.11
106.52
106.93
107.32
107.73
108.13
108.55
108.96
109.37
109.8
110.24
110.71
111.2
111.65
112.12
112.61
113.07
113.55
113.99
114.38
114.76
115.15
115.54
115.93
116.33
116.73
117.14
117.55
117.98
118.38
118.79
119.19
119.62
120.02
120.42
120.83
121.25
121.67
122.11
122.53
122.94
123.35
123.74
124.15
124.56
124.95
125.36
125.77
126.18
126.6
127.02
127.42
127.8
128.22
128.61
129.02
129.41
129.8
130.2
130.6
131.01
131.44
131.85
132.24
132.65
133.07
133.46
133.88
134.27
134.66
135.08
135.48
135.86
136.27
136.66
137.09
137.53
137.99
138.41
138.86
139.3
139.73
140.16
140.58
141.01
141.45
141.87
142.3
142.72
143.13
143.56
143.97
144.38
144.81
145.24
145.67
146.09
146.52
146.94
147.37
147.81
148.22
148.62
149.03
149.45
149.84
150.25
150.66
151.08
151.49
151.91
152.31
152.72
153.12
153.51
153.93
154.31
154.72
155.12
155.51
155.9
156.28
156.67
157.06
157.45
157.87
158.28
158.68
159.1
159.51
159.92
160.34
160.76
161.16
161.57
161.98
162.39
162.8
163.23
163.65
164.07
164.46
164.87
165.3
165.7
166.13
166.55
166.96
167.37
167.79
168.19
168.6
169.03
169.45
169.85
170.27
170.69
171.11
171.54
171.94
172.34
172.75
173.14
173.54
173.96
174.35
174.77
175.17
175.56
175.97
176.39
176.81
177.18
177.56
177.93
178.31
178.69
179.05
179.42
179.8
180.18
180.55
180.93
181.31
181.71
182.08
182.47
182.85
183.22
183.6
183.97
184.34
184.72
185.1
185.49
185.87
186.27
186.65
187.06
187.45
187.84
188.24
188.65
189.02
189.38
189.77
190.14
190.5
190.87
191.24
191.61
191.99
192.37
192.75
193.14
193.53
193.93
194.32
194.71
195.1
195.5
195.88
196.26
196.65
197.06
197.47
197.87
198.28
198.72
199.12
199.54
199.98
200.37
200.76
201.17
201.57
201.96
202.37
202.76
203.16
203.57
203.97
204.37
204.79
205.19
205.57
205.97
206.38
206.78
207.18
207.59
208.01
208.43
208.87
209.33
209.77
210.21
210.64
211.07
211.51
211.96
212.38
212.78
213.2
213.59
213.98
214.37
214.75
215.15
215.54
215.97
216.38
216.77
217.2
217.6
218.0
218.43
218.82
219.21
219.6
219.99
220.4
220.78
221.16
221.52
221.91
222.29
222.66
223.06
223.45
223.84
224.22
224.61
225.01
225.4
225.81
226.21
226.61
227.02
227.39
227.75
228.11
228.49
228.9
229.31
229.75
230.17
230.58
231.01
231.38
231.77
232.16
232.58
233.0
233.41
233.82
234.26
234.67
235.06
235.47
235.89
236.29
236.73
237.18
237.65
238.09
238.48
238.85
239.25
239.66
240.1
240.52
240.93
241.34
241.75
242.15
242.56
242.96
243.37
243.79
244.19
244.62
245.02
245.42
245.83
246.26
246.66
247.05
247.44
247.83
248.23
248.62
249.04
249.43
249.83
250.22
250.61
251.0
251.38
251.77
252.16
252.55
252.94
253.36
253.8
254.21
254.63
255.06
255.46
255.89
256.29
256.69
257.13
257.57
258.03
258.47
258.87
259.26
259.67
260.06
260.46
260.85
261.25
261.66
262.05
262.43
262.83
263.22
263.6
264.0
264.41
264.79
265.19
265.61
266.04
266.47
266.89
267.3
267.71
268.14
268.54
268.95
269.38
269.81
270.26
270.7
271.11
271.5
271.91
272.32
272.75
273.15
273.55
273.97
274.36
274.77
275.17
275.57
275.97
276.38
276.77
277.18
277.57
277.98
278.4
278.84
279.3
279.72
280.16
280.65
281.12
281.6
282.12
282.58
283.07
283.6
284.08
284.61
285.11
285.6
286.16
286.68
287.19
287.75
288.32
288.9
289.42
289.98
290.55
291.15
291.81
292.52
293.17
293.83
294.39
294.96
295.6
296.24
296.88
297.48
298.16
298.85
299.49
300.12
300.74
301.35
301.98
302.41
302.84
303.29
303.72
304.18
304.64
305.12
305.58
306.05
306.53
307.01
307.48
