0.49
3.19
5.83
8.24
10.59
12.99
15.3
17.63
19.86
22.18
24.65
27.06
29.43
31.79
34.22
36.49
38.83
41.18
43.69
46.28
48.62
50.99
53.29
55.61
57.87
60.09
62.59
65.2
67.6
69.93
72.47
74.73
76.97
79.23
81.63
84.01
86.39
88.64
90.84
93.08
95.38
97.54
99.95
102.37
104.59
106.76
108.91
111.29
113.86
116.29
118.69
121.12
123.51
125.93
128.62
130.93
133.14
135.4
137.75
140.41
143.23
145.7
148.09
150.43
152.78
155.04
157.33
159.55
161.76
163.9
166.1
168.36
170.64
172.9
175.41
177.98
180.31
182.53
184.7
186.86
189.11
191.33
193.53
195.9
197.97
200.07
202.31
204.58
206.83
209.08
211.24
213.45
215.66
217.9
219.92
222.06
224.13
226.24
228.43
230.64
232.87
235.07
237.25
239.7
242.8
245.9
