0.5
1.18
1.85
2.5
3.19
3.88
4.54
5.2
5.83
6.44
7.03
7.65
8.24
8.84
9.4
9.97
10.6
11.2
11.81
12.43
12.99
13.6
14.15
14.74
15.31
15.9
16.48
17.07
17.64
18.2
18.74
19.29
19.86
20.44
21.0
21.6
22.19
22.82
23.43
24.06
24.66
25.27
25.84
26.44
27.07
27.68
28.27
28.85
29.44
30.01
30.59
31.18
31.8
32.42
33.0
33.64
34.23
34.79
35.33
35.89
36.49
37.08
37.64
38.22
38.84
39.42
40.01
40.61
41.19
41.76
42.36
42.96
43.7
44.43
45.05
45.67
46.28
46.93
47.51
48.07
48.63
49.2
49.77
50.36
50.99
51.6
52.16
52.72
53.3
53.86
54.44
55.01
55.62
56.19
56.73
57.29
57.89
58.45
59.0
59.55
60.1
60.67
61.24
61.83
62.38
62.91
63.45
64.0
64.59
65.2
65.84
66.44
67.06
67.61
68.17
68.74
69.36
69.94
70.53
71.07
71.62
72.2
72.78
73.36
73.91
74.47
75.03
75.55
76.1
76.7
77.26
77.82
78.39
78.95
79.51
80.06
80.64
81.16
81.71
82.27
82.87
83.44
84.01
84.64
85.23
85.82
86.4
86.98
87.52
88.09
88.65
89.19
89.77
90.3
90.85
91.4
91.99
92.54
93.09
93.62
94.22
94.83
95.39
95.92
96.46
97.01
97.55
98.16
98.76
99.33
99.96
100.57
101.18
101.83
102.38
102.94
103.49
104.04
104.59
105.13
105.68
106.21
106.77
107.3
107.84
108.36
108.92
109.45
110.0
110.55
111.07
111.56
112.1
112.67
113.24
113.85
114.5
115.08
115.69
116.29
116.87
117.46
118.04
118.69
119.36
119.96
120.53
121.13
121.71
122.28
122.86
123.42
123.94
124.5
125.11
125.67
126.28
126.88
127.46
128.03
128.63
129.21
129.77
130.37
130.94
131.47
132.05
132.59
133.15
133.7
134.29
134.85
135.41
135.97
136.51
137.07
137.75
138.41
139.02
139.67
140.42
141.15
141.93
142.58
143.23
143.86
144.47
145.08
145.71
146.31
146.89
147.5
148.1
148.7
149.28
149.88
150.45
151.05
151.62
152.19
152.8
153.35
153.92
154.46
155.05
155.61
156.18
156.74
157.34
157.91
158.45
159.0
159.56
160.13
160.67
161.22
161.77
162.32
162.85
163.38
163.91
164.46
164.98
165.51
166.11
166.72
167.29
167.82
168.36
168.92
169.47
170.04
170.64
171.2
171.75
172.31
172.91
173.49
174.09
174.68
175.16
175.66
176.19
176.76
177.38
177.99
178.63
179.19
179.74
180.32
180.88
181.41
181.96
182.53
183.08
183.63
184.18
184.7
185.23
185.78
186.31
186.88
187.43
187.99
188.53
189.11
189.67
190.22
190.77
191.34
191.88
192.43
192.97
193.54
194.07
194.68
195.32
195.91
196.43
196.96
197.5
198.12
198.71
199.28
199.84
200.43
201.09
201.69
202.34
202.9
203.48
204.01
204.59
205.15
205.73
206.28
206.85
207.42
207.96
208.52
209.09
209.62
210.16
210.71
211.25
211.81
212.35
212.89
213.46
214.0
214.54
215.1
215.67
216.21
216.77
217.34
217.9
218.41
218.91
219.4
219.93
220.49
221.0
221.52
222.07
222.63
223.14
223.62
224.14
224.66
225.18
225.72
226.25
226.81
227.35
227.92
228.43
228.96
229.51
230.11
230.65
231.24
231.8
232.33
232.87
233.42
233.99
234.55
235.08
235.65
236.19
236.74
237.26
237.81
238.39
238.97
239.7
240.44
241.23
242.06
242.81
243.58
244.4
245.15
245.94
