0.49
3.04
5.57
8.15
10.53
12.85
15.13
17.41
19.68
21.97
24.33
26.59
28.94
31.23
33.55
35.78
38.08
40.35
42.65
44.92
47.14
49.42
51.63
53.87
56.14
58.42
60.84
63.21
65.42
67.6
69.74
71.88
74.04
76.17
78.37
80.52
82.64
84.84
87.0
89.17
91.33
93.69
95.9
98.03
100.24
102.37
104.52
106.67
108.78
110.93
113.12
115.29
117.46
119.64
121.81
124.02
126.19
128.3
130.59
133.22
135.45
137.53
139.64
141.76
143.79
145.92
147.96
150.04
152.1
154.14
156.19
158.19
160.29
162.41
164.53
166.63
168.8
171.02
173.17
175.3
177.35
179.41
181.5
183.64
185.77
187.9
190.05
192.2
194.33
196.39
198.47
200.6
202.73
204.85
207.02
209.2
211.34
213.48
215.64
217.79
219.91
222.06
224.3
226.64
