0.51
1.15
1.77
2.41
3.05
3.68
4.31
4.96
5.58
6.21
6.84
7.53
8.16
8.77
9.39
9.96
10.54
11.15
11.72
12.28
12.86
13.43
14.02
14.57
15.14
15.72
16.28
16.82
17.42
17.98
18.55
19.12
19.69
20.26
20.82
21.4
21.98
22.56
23.17
23.75
24.34
24.91
25.46
26.01
26.6
27.16
27.73
28.33
28.95
29.52
30.1
30.67
31.24
31.81
32.39
32.98
33.56
34.13
34.68
35.22
35.79
36.36
36.9
37.49
38.09
38.67
39.24
39.79
40.36
40.91
41.48
42.06
42.66
43.23
43.79
44.37
44.93
45.48
46.05
46.59
47.14
47.71
48.27
48.84
49.43
49.98
50.54
51.09
51.64
52.2
52.75
53.3
53.88
54.45
55.01
55.56
56.14
56.73
57.28
57.85
58.43
58.99
59.58
60.2
60.85
61.46
62.06
62.65
63.22
63.8
64.34
64.88
65.42
65.96
66.5
67.07
67.61
68.15
68.67
69.21
69.75
70.28
70.81
71.35
71.89
72.41
72.96
73.49
74.04
74.59
75.12
75.65
76.18
76.69
77.23
77.79
78.38
78.97
79.49
80.02
80.53
81.06
81.59
82.12
82.64
83.18
83.71
84.28
84.85
85.42
85.95
86.48
87.01
87.57
88.1
88.63
89.17
89.7
90.23
90.79
91.34
91.9
92.47
93.07
93.7
94.27
94.81
95.36
95.91
96.44
96.99
97.52
98.04
98.59
99.12
99.69
100.24
100.79
101.33
101.84
102.38
102.93
103.47
104.0
104.53
105.07
105.6
106.13
106.68
107.2
107.74
108.28
108.79
109.34
109.88
110.41
110.94
111.48
112.01
112.57
113.13
113.69
114.23
114.76
115.29
115.81
116.36
116.9
117.47
118.0
118.54
119.08
119.65
120.2
120.74
121.28
121.82
122.37
122.91
123.47
124.03
124.57
125.12
125.65
126.19
126.72
127.25
127.77
128.31
128.83
129.37
129.92
130.45
130.95
131.49
132.08
132.7
133.26
133.87
134.41
134.93
135.45
135.96
136.47
137.0
137.54
138.08
138.6
139.13
139.65
140.15
140.67
141.21
141.76
142.28
142.79
143.29
143.8
144.32
144.85
145.37
145.92
146.42
146.92
147.43
147.96
148.47
149.0
149.51
150.05
150.57
151.07
151.59
152.11
152.6
153.1
153.62
154.15
154.66
155.15
155.67
156.19
156.7
157.19
157.69
158.2
158.71
159.22
159.75
160.3
160.85
161.37
161.88
162.41
162.94
163.47
163.99
164.54
165.08
165.59
166.12
166.63
167.17
167.7
168.24
168.81
169.38
169.93
170.47
171.03
171.61
172.14
172.66
173.18
173.7
174.24
174.76
175.31
175.82
176.34
176.84
177.36
177.86
178.39
178.9
179.42
179.94
180.46
181.0
181.51
182.04
182.56
183.1
183.64
184.17
184.7
185.24
185.78
186.31
186.85
187.37
187.91
188.44
188.98
189.52
190.06
190.58
191.12
191.66
192.21
192.76
193.28
193.81
194.34
194.84
195.37
195.89
196.4
196.92
197.43
197.94
198.47
198.99
199.52
200.06
200.61
201.13
201.64
202.18
202.74
203.29
203.79
204.33
204.86
205.41
205.95
206.48
207.03
207.56
208.09
208.64
209.2
209.76
210.28
210.8
211.35
211.88
212.4
212.94
213.49
214.04
214.56
215.09
215.65
216.17
216.7
217.24
217.79
218.33
218.87
219.38
219.92
220.44
220.99
221.5
222.07
222.61
223.16
223.71
224.31
224.9
225.64
226.31
227.0
227.77
228.54
229.29
230.0
230.76
231.55
