0.49
1.69
2.91
4.15
5.43
6.73
8.1
9.37
10.76
12.16
13.41
14.69
15.96
17.21
18.59
19.95
21.29
22.67
24.02
25.42
26.84
28.18
29.76
31.4
32.98
34.49
35.98
37.53
39.1
40.64
42.23
43.67
44.94
46.2
47.46
48.74
50.01
51.29
52.58
53.87
55.32
56.71
57.99
59.28
60.6
61.94
63.3
64.65
66.06
67.44
68.82
70.2
71.55
72.91
74.27
75.62
76.98
78.31
79.61
80.91
82.31
83.88
85.62
87.56
89.48
91.73
94.41
97.09
99.84
102.51
105.2
107.99
110.66
113.17
115.84
118.43
120.98
123.48
126.08
128.75
131.46
134.09
136.81
139.55
142.47
145.35
148.46
151.99
154.97
157.78
160.23
162.72
165.32
167.88
170.73
173.56
176.46
179.28
182.04
184.62
187.28
190.22
193.68
