0.5
1.1
1.69
2.29
2.92
3.53
4.16
4.78
5.45
6.09
6.72
7.4
8.1
8.74
9.38
10.05
10.76
11.51
12.16
12.77
13.42
14.05
14.71
15.33
15.95
16.61
17.22
17.88
18.6
19.3
19.96
20.67
21.3
21.97
22.67
23.37
24.03
24.7
25.43
26.15
26.85
27.49
28.19
28.95
29.77
30.55
31.41
32.23
32.99
33.72
34.49
35.22
35.99
36.71
37.55
38.34
39.12
39.86
40.65
41.34
41.97
42.64
43.34
43.98
44.61
45.26
45.91
46.52
47.17
47.78
48.42
49.07
49.67
50.33
50.93
51.6
52.3
53.11
53.88
54.59
55.33
56.08
56.73
57.35
58.0
58.65
59.29
59.96
60.61
61.28
61.95
62.65
63.32
64.0
64.65
65.35
66.09
66.78
67.45
68.17
68.83
69.5
70.21
70.88
71.55
72.21
72.92
73.61
74.27
74.93
75.63
76.32
76.98
77.63
78.32
78.96
79.62
80.29
80.92
81.57
82.33
83.04
83.7
84.32
84.94
85.59
86.2
86.86
87.57
88.24
88.94
89.59
90.28
91.03
91.74
92.39
93.08
93.75
94.42
95.07
95.77
96.44
97.1
97.76
98.45
99.15
99.84
100.53
101.2
101.87
102.52
103.2
103.88
104.52
105.21
105.9
106.64
107.33
108.0
108.65
109.31
110.01
110.67
111.32
111.96
112.64
113.29
113.97
114.59
115.22
115.86
116.53
117.17
117.78
118.42
119.06
119.71
120.35
120.99
121.6
122.24
122.86
123.49
124.14
124.79
125.48
126.1
126.78
127.46
128.12
128.75
129.41
130.09
130.79
131.47
132.13
132.79
133.43
134.1
134.8
135.44
136.11
136.82
137.5
138.21
138.85
139.56
140.23
140.92
141.69
142.47
143.21
143.94
144.65
145.36
146.05
146.78
147.49
148.22
148.92
149.6
150.33
151.13
152.0
152.83
153.56
154.25
154.98
155.75
156.49
157.1
157.77
158.36
159.0
159.6
160.23
160.88
161.51
162.15
162.74
163.31
163.95
164.63
165.33
165.98
166.61
167.24
167.89
168.62
169.28
170.03
170.74
171.43
172.14
172.84
173.58
174.32
175.09
175.84
176.52
177.24
177.9
178.62
179.29
180.0
180.68
181.38
182.05
182.78
183.6
184.37
185.14
185.84
186.57
187.3
188.06
188.73
189.44
190.23
191.0
191.88
192.81
193.69
194.56
