1.14
5.06
8.77
12.43
15.84
18.27
20.64
22.88
25.15
27.36
29.49
31.68
33.8
35.97
37.99
40.0
42.23
44.38
46.53
48.66
50.79
52.91
54.97
57.0
58.92
60.97
63.75
66.91
69.98
72.95
76.09
79.19
82.68
86.22
89.47
92.77
96.54
100.42
104.18
107.74
110.96
114.19
117.59
120.89
124.01
127.13
130.18
133.26
136.55
139.97
143.1
146.16
149.18
152.31
155.38
158.78
161.94
165.27
168.35
171.38
174.3
177.31
180.62
184.43
187.74
190.75
193.75
196.84
200.0
203.28
206.49
209.43
212.42
215.35
218.31
221.43
224.46
227.45
230.42
233.37
236.47
239.26
242.68
246.32
249.71
253.06
256.25
259.26
262.37
265.53
268.58
271.72
274.71
277.79
280.77
283.81
287.23
290.42
293.47
296.56
299.6
302.66
305.77
309.0
312.13
315.25
318.47
321.67
325.01
328.49
332.01
335.19
338.27
341.32
344.34
347.45
350.71
353.97
357.12
360.29
363.61
366.86
370.07
373.29
376.53
379.81
383.05
386.19
