0.5
1.1
1.66
2.24
2.78
3.35
3.92
4.51
5.06
5.61
6.18
6.75
7.31
7.88
8.48
9.04
9.6
10.18
10.76
11.3
11.89
12.43
13.02
13.57
14.12
14.68
15.23
15.84
16.46
17.05
17.67
18.27
18.87
19.44
20.01
20.55
21.1
21.68
22.3
22.87
23.48
24.03
24.61
25.19
25.8
26.36
26.96
27.54
28.08
28.66
29.22
29.76
30.3
30.86
31.41
31.95
32.48
33.0
33.53
34.08
34.64
35.18
35.69
36.21
36.75
37.33
37.88
38.46
38.99
39.49
40.01
40.52
41.08
41.66
42.23
42.79
43.3
43.86
44.38
44.94
45.48
46.0
46.53
47.05
47.57
48.11
48.66
49.23
49.74
50.28
50.79
51.33
51.87
52.39
52.91
53.43
53.94
54.46
54.97
55.49
56.0
56.52
57.06
57.55
58.13
58.69
59.24
59.85
60.43
60.98
61.56
62.16
62.73
63.26
63.75
64.26
64.75
65.26
65.79
66.33
66.9
67.42
67.96
68.47
68.97
69.49
69.99
70.47
70.97
71.45
71.97
72.45
72.95
73.47
73.97
74.46
74.97
75.45
75.96
76.49
76.98
77.47
77.98
78.47
78.88
79.29
79.73
80.13
80.57
80.97
81.42
81.83
82.28
82.69
83.13
83.55
84.0
84.41
84.84
85.28
85.77
86.22
86.74
87.3
87.84
88.39
88.94
89.47
90.01
90.51
91.05
91.62
92.18
92.77
93.35
93.89
94.45
95.02
95.59
96.13
96.68
97.27
97.83
98.39
98.93
99.46
100.03
100.56
101.05
101.57
102.09
102.61
103.14
103.66
104.19
104.7
105.22
105.75
106.28
106.76
107.3
107.78
108.31
108.84
109.36
109.89
110.41
110.97
111.51
112.02
112.56
113.13
113.64
114.2
114.75
115.28
115.76
116.25
116.76
117.31
117.9
118.44
119.0
119.55
120.08
120.61
121.18
121.7
122.2
122.73
123.23
123.75
124.28
124.81
125.35
125.86
126.38
126.88
127.39
127.91
128.41
128.93
129.44
129.93
130.43
130.93
131.46
132.0
132.5
133.02
133.58
134.16
134.73
135.28
135.79
136.29
136.82
137.39
137.99
138.55
139.18
139.97
140.72
141.47
142.28
143.1
143.89
144.65
145.4
146.16
146.93
147.67
148.46
149.18
149.95
150.69
151.51
152.3
153.06
153.82
154.59
155.38
156.22
157.04
157.9
158.78
159.63
160.4
161.13
161.95
162.77
163.62
164.42
165.27
166.07
166.84
167.6
168.35
169.11
169.87
170.64
171.38
172.11
172.85
173.56
174.31
175.06
175.81
176.56
177.32
178.07
178.82
179.56
180.27
181.0
181.72
182.44
183.19
183.98
184.76
185.52
186.29
187.03
187.75
188.5
189.29
190.02
190.76
191.48
192.27
193.0
193.76
194.5
195.27
196.02
196.84
197.62
198.38
199.21
200.01
200.8
201.65
202.46
203.29
204.13
204.9
205.75
206.49
207.23
207.95
208.7
209.44
210.22
210.96
211.68
212.43
213.21
213.94
214.64
215.35
216.08
216.8
217.55
218.32
219.11
219.85
220.63
221.44
222.22
222.96
223.72
224.46
225.25
225.97
226.71
227.45
228.18
228.94
229.65
230.42
231.17
231.92
232.65
233.38
234.2
234.96
235.76
236.48
237.17
237.88
238.57
239.27
239.95
240.64
241.31
242.02
242.69
243.37
244.07
244.89
245.65
246.49
247.27
248.07
248.89
249.71
250.49
251.31
252.18
253.07
253.87
254.71
255.5
256.26
257.03
257.76
258.5
259.27
260.02
260.79
261.6
262.38
263.15
263.91
264.71
265.55
266.33
267.09
267.82
268.59
269.32
270.06
270.62
271.22
271.73
272.23
272.72
273.21
273.69
274.18
274.72
275.22
275.73
276.2
276.68
277.13
277.6
278.08
278.55
279.04
279.54
280.02
280.53
281.0
281.5
281.97
282.47
282.95
283.39
283.83
284.28
284.74
285.24
285.74
286.21
286.7
287.23
287.78
288.3
288.83
289.34
289.87
290.42
290.95
291.45
291.97
292.46
292.98
293.48
294.02
294.54
295.06
295.57
296.06
296.57
297.11
297.61
298.12
298.61
299.1
299.61
300.07
300.57
301.1
301.62
302.19
302.7
303.26
303.79
304.28
304.79
305.28
305.77
306.26
306.79
307.35
307.85
308.4
308.94
309.44
310.0
310.51
311.04
311.58
312.14
312.69
313.19
313.71
314.22
314.75
315.25
315.71
316.19
316.64
317.1
317.56
318.06
318.58
319.06
319.59
320.06
320.54
321.03
321.56
322.04
322.55
323.12
323.63
324.18
324.76
325.31
325.83
326.39
326.98
327.51
328.09
328.65
329.2
329.77
330.32
330.88
331.48
332.02
332.62
333.21
333.77
334.44
335.19
336.01
336.79
337.54
338.29
339.04
339.81
340.58
341.33
342.09
342.84
343.57
344.35
345.15
345.89
346.69
347.48
348.32
349.09
349.91
350.72
351.51
352.31
353.12
353.97
354.76
355.54
356.36
357.12
357.91
358.67
359.53
360.31
361.15
361.97
362.75
363.57
364.38
365.16
366.11
367.04
367.94
368.84
369.81
370.73
371.61
372.53
373.29
374.08
374.89
375.73
376.54
377.34
378.17
378.99
379.82
380.67
381.5
382.28
383.05
383.84
384.66
385.43
386.21
387.03
387.79
