2.25
4.86
7.44
9.99
12.57
15.11
17.82
20.33
22.84
25.45
27.93
30.47
33.1
35.7
38.38
41.05
43.68
46.35
49.09
51.75
54.46
57.01
59.47
61.88
64.21
66.82
69.41
71.95
74.53
77.02
79.4
81.77
84.38
87.0
89.55
92.18
94.96
97.65
100.41
103.13
105.86
108.53
111.26
114.04
116.78
119.41
121.98
124.64
127.24
129.87
132.4
134.95
137.5
139.93
142.39
144.83
147.3
149.83
152.24
154.63
157.03
159.56
162.11
164.71
167.28
169.8
172.27
174.79
177.29
179.81
182.35
184.87
187.34
189.76
192.17
194.57
196.71
199.09
201.63
204.17
206.71
209.17
211.73
214.2
216.71
219.3
221.9
224.4
226.97
229.51
232.09
234.61
236.34
238.06
239.8
241.57
243.33
245.08
246.86
248.63
250.39
252.1
253.86
255.7
257.37
259.15
260.94
262.69
264.4
266.06
267.87
269.7
271.45
273.21
275.03
276.89
279.18
281.8
284.39
287.03
289.65
292.2
294.76
297.29
299.95
302.67
305.15
307.59
310.03
312.55
315.05
317.54
