0.16
0.85
1.56
2.25
2.93
3.58
4.22
4.87
5.53
6.17
6.81
7.45
8.1
8.73
9.37
10.0
10.64
11.31
11.92
12.57
13.21
13.86
14.49
15.12
15.83
16.49
17.13
17.83
18.47
19.09
19.71
20.34
20.99
21.61
22.21
22.85
23.51
24.17
24.81
25.46
26.08
26.69
27.29
27.94
28.58
29.19
29.83
30.44
31.14
31.78
32.43
33.1
33.76
34.41
35.06
35.73
36.44
37.09
37.75
38.39
39.06
39.73
40.4
41.05
41.73
42.38
43.03
43.68
44.33
45.01
45.66
46.35
47.09
47.79
48.45
49.09
49.74
50.37
51.06
51.74
52.43
53.1
53.77
54.46
55.11
55.74
56.4
57.02
57.63
58.25
58.85
59.53
60.25
60.89
61.6
62.24
62.9
63.56
64.22
64.88
65.52
66.17
66.83
67.48
68.11
68.75
69.42
70.06
70.68
71.31
71.96
72.62
73.26
73.88
74.54
75.17
75.79
76.41
77.02
77.62
78.24
78.84
79.4
80.01
80.58
81.19
81.77
82.45
83.09
83.72
84.39
85.05
85.71
86.36
87.01
87.66
88.29
88.9
89.53
90.09
90.69
91.29
91.74
92.21
92.7
93.17
93.61
94.06
94.51
94.97
95.42
95.83
96.22
96.63
97.06
97.5
97.94
98.4
98.84
99.29
99.74
100.18
100.63
101.1
101.55
102.01
102.45
102.9
103.36
103.81
104.27
104.71
105.17
105.61
106.08
106.52
106.99
107.43
107.87
108.33
108.81
109.25
109.73
110.19
110.63
111.06
111.5
111.91
112.34
112.8
113.29
113.8
114.28
114.73
115.19
115.65
116.1
116.55
117.02
117.46
117.92
118.35
118.8
119.42
120.04
120.67
121.29
121.99
122.64
123.32
123.96
124.65
125.34
125.99
126.61
127.25
127.91
128.57
129.19
129.87
130.53
131.17
131.81
132.42
133.06
133.71
134.34
134.95
135.61
136.23
136.84
137.49
138.09
138.71
139.32
139.94
140.56
141.18
141.8
142.38
143.01
143.61
144.24
144.84
145.46
146.08
146.69
147.31
147.93
148.55
149.2
149.83
150.45
151.04
151.65
152.25
152.86
153.45
154.05
154.63
155.24
155.84
156.44
157.04
157.63
158.27
158.92
159.56
160.19
160.85
161.49
162.12
162.77
163.41
164.07
164.72
165.37
166.02
166.64
167.29
167.93
168.55
169.19
169.81
170.42
171.02
171.66
172.27
172.9
173.55
174.18
174.8
175.43
176.06
176.67
177.3
177.9
178.56
179.18
179.81
180.45
181.05
181.69
182.35
182.98
183.61
184.23
184.87
185.49
186.12
186.74
187.34
187.97
188.56
189.19
189.76
190.39
190.98
191.59
192.17
192.78
193.36
193.97
194.58
195.1
195.63
196.19
196.71
197.28
197.89
198.5
199.1
199.72
200.35
201.01
201.63
202.27
202.89
203.52
204.18
204.8
205.43
206.06
206.72
207.35
207.95
208.56
209.18
209.84
210.46
211.12
211.74
212.38
213.0
213.62
214.21
214.84
215.46
216.08
216.71
217.38
217.99
218.68
219.31
219.96
220.61
221.26
221.9
222.51
223.17
223.79
224.41
225.03
225.68
226.33
226.97
227.62
228.25
228.87
229.51
230.18
230.82
231.47
232.1
232.74
233.37
233.97
234.62
235.28
235.92
236.56
237.19
237.82
238.51
239.15
239.8
240.48
241.14
241.77
242.41
243.06
243.77
244.42
245.09
245.75
246.41
247.08
247.74
248.41
249.08
249.74
250.4
251.16
251.86
252.53
253.18
253.85
254.57
255.26
255.92
256.53
257.16
257.79
258.46
259.16
259.83
260.51
261.17
261.86
262.48
263.11
263.75
264.4
265.03
265.64
266.26
266.82
267.42
268.06
268.69
269.31
269.95
270.59
271.25
271.92
272.58
273.21
273.85
274.53
275.21
275.94
276.59
277.28
277.89
278.55
279.19
279.83
280.48
281.13
281.81
282.48
283.14
283.77
284.39
285.05
285.7
286.37
287.04
287.71
288.36
289.0
289.65
290.29
290.93
291.57
292.21
292.87
293.49
294.13
294.77
295.4
296.04
296.67
297.29
297.93
298.59
299.22
299.84
300.51
301.11
301.74
302.32
302.9
303.45
303.99
304.56
305.15
305.75
306.36
306.99
307.6
308.24
308.83
309.41
310.04
310.64
311.29
311.92
312.56
313.18
313.81
314.43
315.06
315.67
316.31
316.93
317.54
318.16
318.78
319.35
319.95
320.58
321.17
