4.88
8.62
11.77
14.92
18.02
21.64
24.81
27.92
30.89
33.88
37.03
39.93
42.91
45.93
48.71
51.46
54.21
57.27
60.37
63.49
66.86
69.89
72.8
76.0
78.97
82.06
84.85
87.65
90.38
92.96
95.76
99.3
102.5
105.62
108.78
111.9
114.98
117.9
120.78
123.52
126.42
129.27
132.3
135.09
137.74
140.51
143.44
146.63
150.08
153.3
156.56
160.09
163.21
166.28
169.3
172.06
175.02
178.09
181.28
184.24
187.25
190.38
193.95
197.93
202.05
205.97
209.59
212.81
216.71
220.2
223.51
226.44
229.6
232.45
235.49
238.85
241.73
244.61
247.55
250.45
253.37
255.97
258.29
260.86
263.72
266.53
269.55
272.48
275.33
278.34
281.08
283.77
286.53
289.16
291.95
295.31
298.36
301.44
304.63
307.78
311.04
313.99
316.83
319.95
322.8
325.77
328.64
331.34
334.18
337.12
340.04
342.86
345.91
349.11
352.38
355.74
359.14
362.11
365.21
368.41
371.57
374.69
378.0
381.4
385.61
389.4
393.16
397.04
400.8
404.54
408.48
411.92
415.46
418.94
422.43
425.84
428.98
432.64
436.25
439.81
443.21
446.46
450.17
453.5
456.51
459.53
