0.37
1.1
1.85
2.62
3.34
4.12
4.87
5.58
6.34
7.05
7.83
8.62
9.45
10.2
11.01
11.78
12.55
13.37
14.12
14.93
15.66
16.44
17.23
18.03
18.88
19.88
20.85
21.65
22.44
23.26
24.0
24.81
25.56
26.34
27.12
27.93
28.65
29.36
30.13
30.88
31.71
32.5
33.2
33.9
34.67
35.44
36.26
37.03
37.71
38.42
39.18
39.94
40.64
41.39
42.18
42.92
43.73
44.59
45.44
46.27
47.05
47.91
48.72
49.52
50.38
51.16
52.13
53.07
54.08
54.99
55.93
56.91
57.8
58.75
59.56
60.4
61.14
61.91
62.72
63.5
64.35
65.24
66.11
66.86
67.62
68.4
69.15
69.97
70.84
71.66
72.43
73.3
74.09
74.9
75.71
76.56
77.35
78.15
78.98
79.77
80.54
81.31
82.07
82.8
83.55
84.21
84.86
85.54
86.23
86.94
87.66
88.33
88.99
89.69
90.39
91.03
91.74
92.36
92.97
93.61
94.27
95.01
95.77
96.52
97.26
97.96
98.71
99.47
100.23
100.96
101.74
102.55
103.31
104.08
104.88
105.63
106.45
107.19
107.98
108.79
109.54
110.31
111.11
111.91
112.65
113.47
114.24
114.98
115.79
116.5
117.22
117.91
118.65
119.39
120.07
120.79
121.48
122.13
122.81
123.53
124.28
124.99
125.68
126.43
127.13
127.83
128.58
129.28
129.99
130.75
131.51
132.31
133.01
133.68
134.41
135.1
135.75
136.47
137.14
137.74
138.38
139.07
139.78
140.51
141.25
141.96
142.67
143.45
144.19
145.01
145.82
146.64
147.51
148.42
149.22
150.1
150.89
151.76
152.55
153.31
154.11
154.9
155.77
156.58
157.39
158.16
159.0
159.78
160.52
161.31
162.12
162.85
163.64
164.42
165.18
165.89
166.66
167.35
168.02
168.64
169.31
169.98
170.61
171.36
172.06
172.82
173.51
174.29
175.03
175.76
176.55
177.34
178.1
178.84
179.65
180.49
181.32
182.25
183.14
183.86
184.62
185.36
186.14
186.86
187.63
188.35
189.17
189.92
190.8
191.59
192.53
193.44
194.42
195.36
196.3
197.16
197.94
198.75
199.57
200.38
201.16
201.98
202.76
203.54
204.36
205.15
205.98
206.86
207.71
208.54
209.34
210.18
211.05
211.93
212.82
213.66
214.65
215.71
216.71
217.62
218.5
219.34
220.2
221.06
221.86
222.73
223.51
224.24
225.0
225.74
226.44
227.23
228.0
228.83
229.61
230.31
230.96
231.71
232.47
233.33
234.12
234.81
235.49
236.25
237.0
237.94
238.86
239.63
240.34
241.04
241.74
242.49
243.2
243.88
244.61
245.38
246.12
246.86
247.56
248.35
249.06
249.89
250.7
251.52
252.41
253.37
254.21
255.11
255.97
256.72
257.45
258.13
258.86
259.51
260.19
260.88
261.53
262.16
262.81
263.42
264.06
264.76
265.43
266.12
266.92
267.75
268.47
269.23
269.99
270.73
271.5
272.31
273.1
273.82
274.56
275.33
276.09
276.81
277.57
278.35
279.08
279.78
280.46
281.09
281.75
282.4
283.07
283.78
284.47
285.11
285.83
286.53
287.18
287.89
288.55
289.16
289.81
290.48
291.21
291.96
292.82
293.65
294.48
295.31
296.18
297.16
298.15
299.16
300.16
301.06
301.95
302.88
303.84
304.64
305.51
306.26
306.99
307.76
308.48
309.26
309.97
310.72
311.5
312.26
312.93
313.64
314.37
315.1
315.8
316.48
317.16
317.82
318.5
319.23
319.95
320.69
321.38
322.09
322.8
323.49
324.29
325.08
325.78
326.48
327.2
327.96
328.64
329.31
330.02
330.7
331.36
332.07
332.75
333.35
334.01
334.69
335.39
336.16
336.92
337.7
338.52
339.29
340.04
340.72
341.46
342.18
342.92
343.64
344.33
345.1
345.89
346.67
347.54
348.34
349.11
349.91
350.7
351.55
352.39
353.22
354.1
354.91
355.75
356.52
357.35
358.22
359.15
359.92
360.67
361.39
362.12
362.82
363.53
364.41
365.22
365.99
366.8
367.59
368.41
369.22
369.98
370.77
371.58
372.35
373.17
373.96
374.69
375.48
376.32
377.14
378.02
378.87
379.68
380.53
381.41
382.4
383.29
384.28
385.17
386.12
387.12
388.02
389.03
389.94
390.95
391.86
392.95
393.92
395.01
396.01
397.06
398.1
399.13
400.1
401.14
402.22
403.19
404.29
405.43
406.46
407.58
408.49
409.38
410.27
411.12
411.93
412.77
413.71
414.61
415.47
416.39
417.26
418.13
418.94
419.81
420.65
421.5
422.44
423.33
424.23
425.05
425.84
426.61
427.39
428.21
428.99
429.8
430.69
431.64
432.65
433.58
434.52
435.36
436.25
437.18
438.04
438.96
439.81
440.72
441.57
442.38
443.22
444.01
444.81
445.65
446.47
447.31
448.29
449.26
450.18
451.03
451.84
452.69
453.51
454.35
455.05
455.8
456.57
457.28
458.01
458.82
459.55
460.35
461.11
461.91
462.67
463.45
464.25
