0.57
1.34
2.14
2.99
3.8
4.57
5.39
6.12
6.81
7.56
8.35
9.18
9.94
10.68
11.39
12.17
12.87
13.61
14.39
15.13
15.91
16.66
17.34
18.09
18.72
19.39
20.07
20.78
21.55
22.3
23.04
23.78
24.46
25.17
25.88
26.64
27.32
28.06
28.86
29.65
30.39
31.1
31.8
32.54
33.33
34.08
34.86
35.6
36.28
37.01
37.85
38.74
39.55
40.32
41.02
41.73
42.38
43.07
43.79
44.51
45.32
46.17
46.98
47.78
48.58
49.45
50.26
50.98
51.72
52.44
53.21
54.0
54.82
55.54
56.32
57.07
57.8
58.5
59.2
59.98
60.8
61.56
62.26
62.98
63.73
64.49
65.13
65.8
66.47
67.16
67.89
68.64
69.45
70.27
71.07
71.87
72.57
73.31
74.0
74.71
75.45
76.13
76.79
77.43
78.05
78.66
79.27
79.98
80.62
81.31
81.88
82.48
83.11
83.66
84.24
84.81
85.4
85.96
86.53
87.12
87.77
88.48
89.26
90.0
90.7
91.46
92.18
92.92
93.63
94.31
94.96
95.67
96.33
97.01
97.7
98.45
99.13
99.87
100.54
101.29
101.94
102.66
103.33
103.95
104.6
105.23
105.89
106.58
107.3
107.99
108.68
109.44
110.22
110.87
111.56
112.28
113.03
113.69
114.36
115.02
115.69
116.33
117.01
117.63
118.24
118.91
119.59
120.27
120.96
121.61
122.18
122.78
123.4
123.97
124.57
125.16
125.74
126.31
126.91
127.57
128.24
129.01
129.73
130.41
131.17
131.82
132.43
133.1
133.8
134.45
135.12
135.79
136.44
137.17
137.84
138.52
139.23
139.88
140.58
141.21
141.86
142.56
143.26
143.93
144.66
145.38
146.17
146.89
147.65
148.33
149.05
149.66
150.31
150.93
151.56
152.21
152.84
153.52
154.17
154.85
155.52
156.19
156.85
157.56
158.28
158.98
159.72
160.4
161.06
161.77
162.48
163.23
164.02
164.77
165.42
166.11
166.83
167.51
168.25
168.95
169.61
170.32
171.11
171.87
172.71
173.48
174.45
175.43
176.32
177.31
178.25
179.14
180.1
181.08
182.1
183.1
183.97
184.9
185.78
186.71
187.62
188.6
189.49
190.4
191.32
192.23
193.27
194.22
195.17
196.2
197.18
198.01
198.77
199.56
200.37
201.06
201.73
202.38
203.06
203.75
204.49
205.16
205.89
206.68
207.5
208.21
208.91
209.55
210.26
211.01
211.73
212.47
213.16
213.84
214.59
215.3
216.13
216.99
217.75
218.59
219.35
220.15
220.92
221.58
222.29
222.97
223.63
224.29
225.01
225.66
226.42
227.14
227.88
228.7
229.48
230.28
231.11
231.94
232.73
233.44
234.19
234.85
235.46
236.1
236.77
237.38
238.03
238.66
239.35
240.03
240.68
241.38
242.05
242.74
243.47
244.16
244.81
245.53
246.31
247.03
247.81
248.54
249.27
249.98
250.64
251.32
252.02
252.71
253.36
253.99
254.61
255.22
255.82
256.44
257.07
257.69
258.27
258.86
259.49
260.06
260.65
261.25
261.82
262.38
262.95
263.6
264.26
265.05
265.76
266.47
267.17
267.85
268.49
269.2
269.87
270.51
271.17
271.88
272.51
273.19
273.88
274.52
275.23
276.02
276.75
277.54
278.27
279.02
279.8
280.57
281.26
281.99
282.72
283.41
284.14
284.88
285.59
286.26
286.96
287.67
288.41
289.08
289.77
290.42
291.06
291.73
292.35
292.99
293.65
294.3
294.96
295.61
296.28
296.9
297.47
298.05
298.7
299.29
300.02
300.71
301.4
302.12
302.82
303.5
304.26
305.01
305.8
306.57
307.26
307.93
308.66
309.33
310.06
310.75
311.51
312.19
312.95
313.67
314.33
315.04
315.71
316.41
317.09
317.73
318.39
319.07
319.71
320.41
321.07
321.7
322.36
323.06
323.74
324.46
325.08
325.71
326.32
326.96
327.55
328.16
328.8
329.38
330.02
330.66
331.39
332.06
332.73
333.47
334.15
334.86
335.61
336.31
336.95
337.6
338.26
338.96
339.58
340.25
340.93
341.59
342.33
343.14
343.89
344.63
345.34
346.1
346.8
347.5
348.28
349.1
349.85
350.72
351.52
352.39
353.17
354.01
354.88
355.66
356.53
357.36
358.21
359.07
359.95
360.75
361.44
362.19
362.95
363.78
364.53
365.34
366.08
366.78
367.55
368.27
369.0
369.77
370.47
371.25
371.96
372.67
373.41
374.24
375.06
375.81
376.53
377.26
378.04
378.98
379.91
380.69
381.41
382.12
382.88
383.56
384.27
384.99
385.7
386.44
387.13
387.88
388.54
389.23
389.92
390.63
391.36
392.12
392.87
393.68
394.43
395.09
395.77
396.48
397.21
397.94
398.65
399.33
400.05
400.82
401.7
402.51
403.44
404.29
405.22
406.03
406.9
407.75
408.58
409.46
410.33
411.18
