2.14
5.39
8.34
11.37
14.39
17.34
20.78
23.78
26.64
29.64
32.54
35.6
38.73
41.89
45.32
48.57
51.73
54.81
57.79
60.79
63.73
66.81
69.67
72.56
75.44
78.04
80.61
83.09
85.4
87.76
90.7
93.62
96.32
99.12
101.92
104.59
107.29
110.22
113.02
115.68
118.24
120.95
123.96
127.56
131.4
135.46
139.22
143.08
146.88
151.24
155.52
159.72
164.0
168.26
172.55
176.31
179.37
182.09
184.44
186.74
189.21
191.63
193.92
196.6
199.56
202.37
205.15
208.2
211.01
213.85
216.98
220.62
224.25
227.88
231.1
234.18
236.76
239.34
242.08
244.82
247.75
250.62
253.35
255.82
258.26
260.65
262.94
265.77
268.49
271.16
273.88
276.75
280.0
283.06
286.07
289.07
291.72
294.29
296.88
299.27
301.55
304.26
307.4
310.75
314.47
318.38
322.33
326.62
330.98
335.23
339.53
343.7
346.79
349.85
352.96
356.01
359.06
362.17
365.33
368.27
371.24
374.23
377.25
379.98
382.88
385.69
388.58
391.35
394.43
397.2
400.04
403.43
406.89
