4.03
7.16
10.35
13.43
16.36
19.36
23.06
26.46
29.6
32.89
35.86
38.77
42.36
45.64
49.31
53.28
56.77
59.83
62.9
65.77
68.74
71.59
74.74
77.6
80.32
82.98
85.56
87.93
90.14
92.43
95.09
97.88
100.71
103.69
106.67
109.75
113.04
116.18
119.02
121.57
124.02
126.64
129.39
131.98
134.75
137.63
140.52
143.34
146.35
149.44
152.59
155.81
159.13
162.32
165.5
168.55
171.61
174.69
177.8
181.13
184.38
187.44
190.44
193.55
196.52
199.67
202.53
205.22
208.16
211.31
214.38
217.82
220.91
223.92
227.41
231.64
235.29
238.66
242.02
245.55
248.34
250.96
253.64
256.64
259.61
262.24
264.95
267.53
270.07
272.44
274.59
276.82
279.88
282.8
285.83
288.77
291.7
294.75
297.93
300.91
303.72
306.27
308.85
311.33
313.57
315.89
318.47
321.28
324.07
326.99
330.04
333.14
336.21
339.24
342.1
344.88
347.99
351.09
354.16
357.28
360.46
363.47
366.76
370.17
373.73
377.37
380.7
383.82
386.75
389.85
392.85
396.03
399.05
402.07
405.09
408.6
412.23
415.78
418.92
422.33
425.78
429.69
