0.52
1.36
2.25
3.16
4.03
4.82
5.68
6.43
7.18
7.96
8.73
9.53
10.35
11.18
11.96
12.68
13.43
14.16
14.94
15.64
16.38
17.14
17.88
18.6
19.37
20.17
21.0
21.79
22.66
23.45
24.24
24.99
25.79
26.55
27.32
28.03
28.79
29.6
30.54
31.35
32.17
32.88
33.63
34.4
35.14
35.86
36.59
37.26
37.98
38.77
39.71
40.64
41.5
42.36
43.26
44.06
44.85
45.64
46.45
47.41
48.39
49.32
50.18
50.93
51.7
52.52
53.28
54.11
55.02
55.93
56.78
57.6
58.34
59.06
59.81
60.56
61.33
62.14
62.91
63.69
64.41
65.08
65.77
66.5
67.27
67.99
68.75
69.48
70.17
70.88
71.6
72.41
73.14
73.95
74.74
75.51
76.18
76.91
77.61
78.29
78.97
79.66
80.33
81.04
81.74
82.37
82.99
83.61
84.2
84.86
85.57
86.22
86.79
87.36
87.94
88.49
89.04
89.6
90.15
90.69
91.24
91.8
92.44
93.12
93.8
94.43
95.1
95.81
96.51
97.21
97.88
98.55
99.24
100.0
100.72
101.5
102.24
102.96
103.7
104.46
105.17
105.91
106.66
107.46
108.22
109.01
109.76
110.57
111.39
112.26
113.05
113.85
114.69
115.43
116.2
117.01
117.65
118.35
119.03
119.7
120.33
120.96
121.58
122.19
122.79
123.41
124.03
124.65
125.31
126.01
126.65
127.21
127.77
128.34
128.88
129.39
129.93
130.44
130.95
131.46
132.0
132.6
133.3
134.01
134.79
135.51
136.25
136.94
137.65
138.4
139.09
139.85
140.52
141.27
141.95
142.67
143.35
144.07
144.8
145.56
146.36
147.16
147.89
148.7
149.45
150.2
151.01
151.78
152.59
153.43
154.25
155.1
155.83
156.54
157.38
158.26
159.14
159.94
160.77
161.56
162.33
163.13
163.9
164.71
165.5
166.26
167.04
167.88
168.75
169.56
170.44
171.24
172.11
172.93
173.83
174.64
175.5
176.42
177.28
178.21
179.1
179.91
180.73
181.6
182.38
183.21
184.1
184.98
185.88
186.74
187.65
188.54
189.29
190.06
190.77
191.54
192.31
192.99
193.69
194.41
195.07
195.78
196.53
197.33
198.14
198.88
199.68
200.38
201.11
201.87
202.53
203.17
203.82
204.46
205.23
205.98
206.73
207.41
208.05
208.76
209.4
210.07
210.79
211.45
212.13
212.88
213.65
214.38
215.14
216.0
216.93
217.83
218.64
219.35
220.1
220.92
221.72
222.47
223.23
223.92
224.65
225.46
226.38
227.42
228.47
229.59
230.65
231.6
232.58
233.56
234.4
235.3
236.2
236.99
237.8
238.67
239.46
240.26
241.12
242.02
242.85
243.64
244.49
245.24
245.97
246.65
247.34
248.0
248.69
249.34
250.02
250.69
251.3
251.96
252.62
253.29
253.95
254.73
255.47
256.21
257.02
257.89
258.62
259.39
260.14
260.88
261.55
262.25
262.97
263.62
264.28
264.96
265.6
266.27
266.91
267.54
268.18
268.79
269.44
270.08
270.71
271.28
271.87
272.45
272.99
273.54
274.08
274.6
275.14
275.67
276.21
276.83
277.59
278.33
279.14
279.9
280.61
281.34
282.1
282.81
283.52
284.31
285.04
285.83
286.58
287.29
288.0
288.77
289.48
290.21
290.92
291.7
292.42
293.23
294.02
294.76
295.55
296.34
297.15
297.94
298.69
299.48
300.19
300.92
301.69
302.34
303.06
303.73
304.38
305.05
305.65
306.28
306.93
307.58
308.22
308.86
309.51
310.16
310.73
311.34
311.91
312.48
313.03
313.6
314.2
314.77
315.31
315.91
316.52
317.11
317.73
318.47
319.16
319.9
320.62
321.29
321.98
322.72
323.41
324.08
324.84
325.56
326.24
326.97
327.77
328.52
329.31
330.07
330.85
331.64
332.45
333.15
333.9
334.64
335.37
336.16
336.87
337.68
338.46
339.24
340.03
340.85
341.71
342.53
343.43
344.24
345.09
345.97
346.76
347.57
348.37
349.16
349.94
350.73
351.5
352.29
353.1
353.98
354.79
355.65
356.44
357.29
358.11
358.87
359.66
360.47
361.19
361.94
362.68
363.53
364.44
365.38
366.3
367.22
368.09
368.96
369.9
370.9
371.8
372.8
373.73
374.63
375.59
376.46
377.38
378.32
379.17
379.92
380.71
381.49
382.3
383.04
383.83
384.59
385.29
386.02
386.76
387.52
388.28
389.05
389.86
390.6
391.36
392.08
392.86
393.75
394.57
395.33
396.05
396.81
397.68
398.6
399.46
400.19
400.89
401.63
402.37
403.1
403.89
404.71
405.55
406.35
407.22
408.14
409.03
409.88
410.76
411.5
412.24
413.03
413.68
414.37
415.06
415.82
416.56
417.32
418.08
418.93
419.73
420.56
421.47
422.53
423.61
424.69
425.78
426.74
427.69
428.63
429.61
430.45
431.35
432.22
433.08
