0.09
0.51
0.94
1.36
1.81
2.27
2.73
3.18
3.61
4.03
4.46
4.85
5.26
5.67
6.06
6.45
6.85
7.26
7.67
8.06
8.45
8.85
9.25
9.65
10.06
10.44
10.84
11.22
11.62
12.02
12.41
12.8
13.19
13.61
14.0
14.38
14.76
15.15
15.54
15.93
16.33
16.73
17.15
17.54
17.94
18.35
18.74
19.13
19.52
19.91
20.29
20.71
21.15
21.57
21.98
22.37
22.77
23.16
23.56
23.98
24.37
24.77
25.18
25.61
26.01
26.42
26.82
27.22
27.63
28.02
28.41
28.83
29.27
29.73
30.17
30.58
31.03
31.44
31.87
32.3
32.73
33.19
33.63
34.05
34.49
34.94
35.36
35.77
36.19
36.6
37.02
37.42
37.82
38.23
38.66
39.09
39.52
39.97
40.39
40.77
41.15
41.54
41.93
42.33
42.75
43.19
43.61
44.01
44.41
44.84
45.23
45.64
46.07
46.52
46.95
47.34
47.74
48.14
48.55
48.96
49.35
49.72
50.11
50.52
50.92
51.32
51.72
52.1
52.5
52.88
53.28
53.69
54.1
54.53
54.96
55.35
55.74
56.14
56.54
56.94
57.37
57.8
58.25
58.68
59.08
59.46
59.86
60.27
60.66
61.06
61.46
61.87
62.28
62.68
63.08
63.47
63.86
64.32
64.79
65.23
65.69
66.15
66.63
67.09
67.51
67.93
68.33
68.76
69.17
69.6
70.04
70.48
70.9
71.34
71.77
72.19
72.59
73.02
73.45
73.87
74.33
74.79
75.27
75.72
76.14
76.54
76.94
77.34
77.73
78.13
78.55
78.95
79.4
79.85
80.32
80.76
81.16
81.57
82.0
82.4
82.81
83.22
83.64
84.04
84.45
84.88
85.31
85.72
86.11
86.53
86.94
87.39
87.86
88.35
88.82
89.27
89.76
90.23
90.68
91.12
91.56
92.04
92.52
93.02
93.47
93.86
94.29
94.68
95.1
95.52
95.95
96.4
96.82
97.23
97.64
98.04
98.46
98.87
99.29
99.71
100.13
100.54
100.96
101.35
101.76
102.21
102.66
103.13
103.53
103.92
104.32
104.72
105.13
105.52
105.93
106.33
106.72
107.13
107.54
107.95
108.35
108.75
109.18
109.59
109.98
110.39
110.82
111.26
111.71
112.17
112.61
113.0
113.39
113.78
114.18
114.56
114.94
115.35
115.74
116.16
116.57
116.98
117.37
117.77
118.16
118.56
118.97
119.4
119.8
120.2
120.63
121.06
121.5
121.89
122.29
122.69
123.09
123.47
123.86
124.26
124.64
125.03
125.43
125.83
126.22
126.61
126.99
127.38
127.77
128.18
128.58
128.99
129.37
129.79
130.19
130.57
130.97
131.37
131.8
132.21
132.61
133.03
133.45
133.88
134.33
134.75
135.14
135.53
135.93
136.32
136.72
137.1
137.49
137.9
138.3
138.68
139.08
139.49
139.91
140.31
140.75
141.19
141.62
142.03
142.46
142.92
143.4
143.86
144.28
144.7
145.13
145.56
146.01
146.43
146.84
147.27
147.68
148.07
148.49
148.89
149.29
149.69
150.1
150.52
150.96
151.36
151.75
152.17
152.57
152.96
153.36
153.75
154.16
154.56
154.95
155.36
155.75
156.13
156.52
156.9
157.29
157.7
158.12
158.56
158.98
159.38
159.78
160.19
160.57
160.98
161.42
161.84
162.28
162.75
163.24
163.76
164.29
164.76
165.24
165.69
166.18
166.65
167.11
167.57
168.04
168.53
169.0
169.46
169.94
170.41
170.86
171.35
171.82
172.27
172.75
