3.62
6.85
10.05
13.18
16.31
19.51
22.76
26.0
29.25
32.72
36.19
39.51
42.72
44.41
46.05
47.73
49.34
50.92
52.5
54.09
55.74
57.36
59.07
60.65
62.27
63.85
65.66
67.5
69.17
70.89
72.59
74.32
76.13
77.72
79.37
81.16
82.8
84.45
86.11
87.84
89.76
91.56
93.46
95.1
96.82
98.45
100.13
101.79
103.53
105.12
106.71
108.35
109.98
111.7
113.39
114.93
116.57
118.15
119.79
121.47
123.08
124.63
126.21
127.77
129.36
130.96
132.59
134.32
135.92
137.49
139.06
140.75
142.45
144.27
146.0
147.67
149.28
150.94
152.57
154.16
155.74
157.28
158.98
160.56
162.28
164.29
167.1
