0.09
0.55
1.0
1.45
1.92
2.38
2.84
3.31
3.8
4.32
4.79
5.23
5.67
6.1
6.5
6.92
7.35
7.8
8.21
8.65
9.07
9.51
9.93
10.37
10.8
11.21
11.63
12.08
12.51
12.94
13.36
13.79
14.2
14.63
15.06
15.5
15.91
16.33
16.76
17.18
17.61
18.03
18.44
18.86
19.28
19.71
20.13
20.55
20.98
21.4
21.8
22.23
22.65
23.06
23.5
23.94
24.36
24.76
25.19
25.6
26.01
26.44
26.84
27.26
27.69
28.1
28.57
29.05
29.53
29.98
30.42
30.84
31.24
31.64
32.05
32.47
32.89
33.3
33.7
34.11
34.54
34.94
35.36
35.78
36.2
36.64
37.04
37.48
37.87
38.28
38.7
39.13
39.56
39.97
40.39
40.81
41.23
41.64
42.06
42.5
42.93
43.34
43.77
44.2
44.61
45.04
45.45
45.87
46.27
46.7
47.11
47.51
47.92
48.32
48.75
49.17
49.57
50.0
50.41
50.85
51.27
51.68
52.11
52.53
52.95
53.36
53.79
54.2
54.62
55.06
55.5
55.92
56.35
56.76
57.18
57.62
58.04
58.45
58.87
59.3
59.71
60.12
60.55
60.98
61.39
61.8
62.22
62.64
63.06
63.47
63.9
64.33
64.76
65.18
65.62
66.04
66.5
66.98
67.42
67.84
68.28
68.68
69.08
69.5
69.91
70.31
70.7
71.12
71.53
71.96
72.38
72.78
73.2
73.6
74.0
74.39
74.81
75.21
75.63
76.05
76.47
76.88
77.3
77.73
78.15
78.57
78.99
79.41
79.81
80.21
80.64
81.04
81.46
81.87
82.28
82.68
83.09
83.49
83.91
84.31
84.71
85.11
85.53
85.92
86.33
86.74
87.15
87.57
87.98
88.4
88.82
89.25
89.68
90.13
90.56
90.97
91.36
91.78
92.19
92.59
93.0
93.42
93.83
94.23
94.63
95.03
95.43
95.85
96.25
96.64
97.04
97.42
97.82
98.24
98.65
99.09
99.5
99.91
100.31
100.72
101.13
101.52
101.92
102.32
102.73
103.13
103.52
103.94
104.34
104.74
105.13
105.56
105.98
106.41
106.81
107.22
107.64
108.06
108.47
108.89
109.29
109.68
110.07
110.5
110.89
111.3
111.72
112.15
112.56
112.98
113.38
113.79
114.22
114.63
115.05
115.46
115.86
116.27
116.68
117.1
117.51
117.92
118.34
118.75
119.17
119.59
120.02
120.43
120.81
121.22
121.64
122.04
122.46
122.87
123.28
123.69
124.11
124.51
124.91
125.32
125.75
126.15
126.58
126.99
127.4
127.8
128.22
128.65
129.06
129.47
129.9
130.32
130.75
131.14
131.51
131.9
132.31
132.74
133.17
133.56
133.98
134.4
134.81
135.22
135.62
136.04
136.44
136.85
137.28
137.69
138.12
138.54
138.96
139.38
139.79
140.2
140.62
141.03
141.45
141.85
142.26
142.66
143.07
143.49
143.92
144.35
144.77
145.16
145.58
145.98
146.41
146.82
147.21
147.62
148.03
148.43
148.84
149.23
149.64
150.05
150.47
150.86
151.29
151.7
152.13
152.54
152.96
153.38
153.79
154.2
154.61
155.03
155.44
155.87
156.28
156.7
157.12
157.52
157.92
158.35
158.77
159.19
159.62
160.04
160.45
160.86
161.28
161.71
162.14
162.56
162.97
163.38
163.8
164.23
164.69
165.14
165.63
166.1
166.57
167.03
167.49
167.96
168.45
168.9
169.37
169.85
170.32
170.78
171.25
171.74
172.19
