2.07
4.12
6.05
7.95
9.79
11.63
13.47
15.29
17.15
19.03
20.95
22.85
24.74
26.6
28.48
30.39
32.32
34.3
36.31
38.24
40.12
42.06
43.92
45.78
47.64
49.54
51.49
53.44
55.39
57.33
59.23
61.11
62.98
64.87
66.76
68.67
70.56
72.47
74.41
76.35
78.25
80.12
82.09
83.98
85.92
87.92
89.82
91.74
93.78
95.7
97.8
99.68
101.71
103.86
105.74
107.58
109.46
111.32
113.21
115.22
117.14
119.05
120.97
122.9
124.88
126.82
128.7
130.55
132.47
134.39
136.29
138.2
140.08
141.92
143.78
145.61
147.46
149.39
151.32
153.18
155.01
156.91
158.76
160.71
162.98
164.82
166.65
168.79
170.75
172.64
174.54
176.44
178.35
180.3
182.3
184.5
186.5
188.76
191.69
