0.51
1.04
1.54
2.08
2.61
3.11
3.62
4.12
4.6
5.11
5.58
6.06
6.53
7.01
7.48
7.95
8.4
8.88
9.34
9.8
10.25
10.72
11.17
11.64
12.09
12.55
13.01
13.48
13.92
14.38
14.86
15.3
15.76
16.22
16.68
17.16
17.64
18.1
18.58
19.04
19.5
19.99
20.47
20.95
21.44
21.9
22.39
22.86
23.34
23.82
24.28
24.75
25.22
25.7
26.15
26.61
27.07
27.56
28.02
28.49
28.95
29.44
29.91
30.4
30.87
31.35
31.83
32.33
32.83
33.31
33.8
34.31
34.84
35.33
35.81
36.31
36.82
37.3
37.77
38.25
38.72
39.19
39.65
40.13
40.63
41.13
41.59
42.06
42.54
42.99
43.47
43.93
44.39
44.86
45.32
45.79
46.25
46.71
47.17
47.65
48.12
48.58
49.06
49.55
50.06
50.53
51.0
51.5
51.99
52.48
52.96
53.45
53.94
54.45
54.91
55.4
55.87
56.35
56.83
57.34
57.84
58.3
58.78
59.24
59.7
60.16
60.63
61.12
61.61
62.07
62.53
62.99
63.47
63.92
64.39
64.87
65.37
65.85
66.31
66.78
67.24
67.71
68.19
68.68
69.15
69.64
70.1
70.57
71.05
71.51
71.99
72.48
72.94
73.43
73.91
74.42
74.94
75.42
75.89
76.36
76.84
77.3
77.77
78.26
78.72
79.2
79.66
80.13
80.63
81.12
81.6
82.1
82.58
83.04
83.51
83.98
84.45
84.94
85.42
85.93
86.47
86.97
87.45
87.93
88.41
88.88
89.35
89.83
90.31
90.78
91.24
91.75
92.29
92.83
93.31
93.79
94.26
94.71
95.18
95.71
96.29
96.83
97.31
97.8
98.29
98.74
99.22
99.69
100.18
100.67
101.16
101.73
102.31
102.9
103.37
103.87
104.34
104.82
105.28
105.74
106.19
106.67
107.11
107.59
108.05
108.52
108.99
109.47
109.93
110.4
110.86
111.33
111.8
112.28
112.74
113.22
113.7
114.21
114.74
115.23
115.71
116.18
116.66
117.15
117.63
118.1
118.57
119.06
119.52
120.01
120.49
120.99
121.46
121.94
122.43
122.92
123.43
123.93
124.4
124.89
125.38
125.87
126.34
126.83
127.3
127.78
128.23
128.71
129.17
129.63
130.08
130.56
131.03
131.52
131.99
132.48
132.96
133.43
133.92
134.39
134.88
135.35
135.82
136.3
136.79
137.25
137.73
138.21
138.71
139.17
139.64
140.09
140.55
141.02
141.48
141.93
142.41
142.88
143.34
143.79
144.26
144.7
145.16
145.62
146.09
146.55
147.0
147.47
147.94
148.44
148.94
149.41
149.88
150.38
150.84
151.33
151.81
152.27
152.73
153.19
153.65
154.1
154.57
155.01
155.47
155.93
156.41
156.91
157.39
157.85
158.32
158.77
159.24
159.7
160.2
160.72
161.33
161.93
162.44
162.99
163.44
163.9
164.36
164.83
165.29
165.76
166.21
166.66
167.16
167.7
168.27
168.8
169.28
169.77
170.26
170.76
171.24
171.71
172.17
172.65
173.12
173.59
174.08
174.56
175.02
175.5
175.98
176.45
176.91
177.41
177.87
178.36
178.83
179.33
179.82
180.31
180.8
181.28
181.78
182.31
182.82
183.38
183.98
184.51
185.0
185.49
185.97
186.51
187.05
187.63
188.22
188.77
189.4
190.15
190.94
191.71
192.68
193.62
194.39
195.17
195.95
196.74
197.55
198.36
199.13
