0.31
1.07
1.87
2.62
3.39
4.22
4.97
5.8
6.58
7.34
8.14
8.92
9.71
10.51
11.35
12.04
12.78
13.5
14.23
15.0
15.71
16.42
17.21
17.99
18.84
19.7
20.61
21.51
22.43
23.35
24.24
25.03
25.87
26.69
27.53
28.49
29.49
30.48
31.29
32.15
32.96
33.81
34.63
35.45
36.32
37.13
37.93
38.66
39.46
40.2
41.01
41.78
42.53
43.29
44.08
44.91
45.69
46.44
47.16
47.91
48.67
49.45
50.16
50.91
51.71
52.51
53.28
54.07
54.81
55.64
56.43
57.2
57.99
58.77
59.53
60.29
61.0
61.68
62.38
63.07
63.83
64.68
65.53
66.4
67.28
68.16
69.08
70.01
70.86
71.81
72.68
73.58
74.49
75.29
76.14
76.95
77.81
78.63
79.37
80.19
80.94
81.71
82.5
83.31
84.07
84.87
85.63
86.36
87.11
87.86
88.64
89.34
89.99
90.69
91.38
92.09
92.73
93.34
94.0
94.64
95.33
96.04
96.76
97.48
98.15
98.86
99.59
100.34
101.12
101.87
102.61
103.35
104.09
104.89
105.7
106.45
107.28
108.03
108.86
109.63
110.39
111.2
111.94
112.66
113.36
114.09
114.84
115.57
116.29
116.96
117.65
118.35
119.09
119.77
120.5
121.16
121.81
122.48
123.14
123.74
124.37
125.0
125.65
126.27
126.97
127.68
128.42
129.1
129.77
130.46
131.21
131.97
132.69
133.41
134.08
134.79
135.51
136.23
137.04
137.84
138.59
139.39
140.21
140.93
141.67
142.46
143.18
143.85
144.56
145.29
146.0
146.64
147.3
147.94
148.61
149.29
150.06
150.83
151.56
152.28
153.02
153.74
154.46
155.12
155.68
156.26
156.84
157.44
158.05
158.68
159.37
160.0
160.65
161.35
162.02
162.73
163.38
164.05
164.78
165.55
166.27
166.93
167.6
168.27
168.92
169.61
170.34
171.03
171.73
172.48
173.16
173.89
174.63
175.3
175.99
176.64
177.33
177.97
178.63
179.34
180.01
180.68
181.35
182.0
182.65
183.44
184.17
184.95
185.74
186.57
187.37
188.22
189.07
189.95
190.81
191.56
192.33
192.97
193.69
194.33
195.01
195.7
196.4
197.11
197.85
198.55
199.23
199.88
200.58
201.27
201.99
202.65
203.3
203.95
204.59
205.23
205.89
206.55
207.23
207.86
208.52
209.2
209.81
210.39
211.03
211.61
212.22
212.83
213.48
214.14
214.78
215.41
216.09
216.76
217.44
218.13
218.8
219.45
220.09
220.72
221.38
222.13
222.91
223.69
224.43
225.12
225.79
226.49
227.13
227.81
228.51
229.15
229.85
230.49
231.18
231.82
232.45
233.09
233.74
234.4
235.07
235.72
236.29
236.92
237.49
238.09
238.7
239.31
239.91
240.56
241.17
241.8
242.49
243.12
243.85
244.65
245.39
246.16
246.85
247.46
248.09
248.71
249.37
249.97
250.6
251.24
251.89
252.49
253.12
253.76
254.39
254.99
255.61
256.26
256.85
257.53
258.14
258.81
259.47
260.11
260.78
261.52
262.22
262.89
263.64
264.35
265.12
265.89
266.63
267.42
268.18
268.91
269.68
270.48
271.22
271.91
272.65
273.33
274.0
274.65
275.33
275.99
276.67
277.39
278.13
278.91
279.61
280.3
280.96
281.63
282.33
283.08
283.8
284.49
285.22
285.99
286.74
287.5
288.3
289.06
289.74
290.41
291.09
291.82
292.51
293.19
293.83
294.5
295.18
295.9
296.56
297.19
297.85
298.5
299.21
299.88
300.54
301.16
301.78
302.41
303.08
303.69
304.33
304.99
305.72
306.45
307.22
307.9
308.59
309.26
310.01
310.72
311.5
312.32
313.02
313.66
314.34
315.04
315.78
316.59
317.44
318.22
319.01
319.72
320.43
321.11
321.83
322.46
323.14
323.81
324.48
325.11
325.73
326.38
327.02
327.68
328.34
329.07
329.76
330.42
331.1
331.82
332.48
333.21
333.85
334.53
335.18
335.88
336.51
337.13
337.79
338.4
339.07
339.81
340.57
341.22
341.87
342.51
343.22
343.95
344.71
345.37
346.03
346.68
347.33
348.0
348.71
349.37
350.06
350.79
351.5
352.16
352.88
353.56
354.19
354.83
355.45
356.09
356.73
357.39
358.03
358.65
359.26
359.89
360.53
361.2
361.83
362.45
363.08
363.69
364.38
365.11
365.8
366.49
367.24
367.92
368.66
369.36
370.02
370.66
371.28
371.95
372.64
373.36
374.05
374.72
375.42
376.07
376.75
377.46
378.14
378.8
379.46
380.16
380.89
381.65
382.29
382.93
383.58
384.22
384.94
385.74
386.48
387.26
387.93
388.6
389.26
389.9
390.58
391.23
391.83
392.45
393.07
393.71
394.36
395.11
395.86
396.64
397.39
398.15
398.86
399.63
400.36
401.13
401.94
402.71
403.45
404.23
405.01
405.79
406.57
407.32
408.13
408.87
409.61
410.38
411.16
411.93
412.64
413.41
414.09
414.83
415.5
416.24
416.95
417.65
418.31
419.03
419.73
420.45
421.13
421.89
422.58
423.3
424.04
424.76
425.37
426.01
426.65
427.32
427.94
428.59
429.21
429.89
430.54
431.16
431.81
432.46
433.13
433.84
434.51
435.14
435.86
436.51
437.2
437.86
438.57
439.22
439.9
440.61
441.27
442.08
442.95
443.78
444.58
445.39
446.23
446.93
447.67
448.41
449.23
450.01
450.83
451.64
452.45
453.25
454.01
454.81
455.65
456.45
