3.42
6.58
9.68
12.78
15.7
18.83
22.43
26.06
29.47
32.95
36.31
39.45
42.54
45.69
48.67
51.7
54.8
57.98
60.99
64.04
67.28
70.86
74.48
77.81
80.94
84.07
87.1
90.13
93.03
96.04
99.06
101.87
104.89
107.9
111.19
114.08
116.95
119.76
122.48
125.0
127.68
130.43
133.41
136.22
139.22
141.87
144.55
147.29
150.06
153.01
155.91
158.68
161.34
164.04
166.92
169.6
172.48
175.3
177.96
180.67
183.43
186.56
189.95
192.98
195.69
198.55
201.25
203.94
206.55
209.19
212.04
214.77
217.44
220.08
222.9
226.21
229.14
231.81
234.4
237.22
239.91
242.48
245.37
248.09
250.6
253.27
255.94
258.73
261.53
264.34
267.37
270.47
273.26
275.98
278.91
281.62
284.49
287.72
290.4
293.18
295.87
298.51
301.15
303.72
306.44
309.25
312.31
315.03
318.21
321.1
323.81
326.37
329.1
331.81
334.54
337.12
339.81
342.49
345.37
348.0
350.77
353.55
356.06
358.64
361.18
363.68
366.47
369.35
372.64
376.06
379.9
383.57
387.26
391.23
394.93
398.68
402.73
406.57
410.47
414.09
417.64
420.43
423.29
426.04
428.58
431.16
433.83
436.5
439.2
442.08
445.0
448.4
451.95
455.64
