0.19
0.6
1.03
1.43
1.84
2.25
2.65
3.07
3.48
3.88
4.28
4.68
5.08
5.49
5.9
6.32
6.75
7.19
7.6
8.04
8.48
8.89
9.32
9.74
10.17
10.6
11.01
11.42
11.85
12.26
12.69
13.12
13.54
13.96
14.38
14.78
15.16
15.56
15.98
16.41
16.85
17.28
17.71
18.13
18.59
19.01
19.45
19.89
20.32
20.76
21.19
21.62
22.07
22.51
22.94
23.38
23.82
24.25
24.69
25.13
25.57
26.0
26.43
26.87
27.31
27.75
28.19
28.63
29.06
29.51
29.94
30.38
30.82
31.27
31.74
32.17
32.62
33.07
33.5
33.93
34.34
34.79
35.2
35.65
36.07
36.5
36.92
37.35
37.79
38.21
38.63
39.04
39.45
39.85
40.28
40.69
41.1
41.53
41.94
42.36
42.79
43.2
43.62
44.03
44.44
44.85
45.27
45.69
46.12
46.54
46.94
47.36
47.78
48.19
48.63
49.04
49.46
49.87
50.28
50.69
51.1
51.52
51.93
52.34
52.75
53.16
53.58
54.01
54.42
54.84
55.25
55.66
56.07
56.49
56.9
57.3
57.71
58.11
58.52
58.93
59.32
59.74
60.14
60.53
60.93
61.33
61.74
62.17
62.57
62.97
63.4
63.81
64.22
64.63
65.04
65.42
65.84
66.24
66.63
67.04
67.42
67.83
68.22
68.63
