0.1
0.55
1.01
1.47
1.92
2.36
2.8
3.25
3.71
4.16
4.63
5.08
5.54
5.99
6.45
6.89
7.34
7.79
8.26
8.74
9.19
9.66
10.14
10.62
11.09
11.55
12.01
12.46
12.92
13.39
13.85
14.31
14.8
15.26
15.72
16.2
16.65
17.13
17.57
18.05
18.5
18.96
19.43
19.91
20.39
20.86
21.3
21.77
22.24
22.72
23.19
23.63
24.09
24.55
25.01
25.49
25.94
26.4
26.87
27.32
27.78
28.26
28.73
29.19
29.65
30.13
30.58
31.04
31.5
31.94
32.4
32.85
33.31
33.74
34.2
34.66
35.11
35.59
36.05
36.51
36.95
37.4
37.84
38.32
38.76
39.22
39.7
40.16
40.61
41.09
41.55
42.02
42.48
42.93
43.37
43.83
44.28
44.72
45.17
45.61
46.06
46.51
46.95
47.41
47.87
48.32
48.78
49.23
49.68
50.14
50.58
51.02
51.47
51.93
52.37
52.84
53.3
53.74
54.18
54.63
55.05
55.5
55.95
56.39
56.82
57.26
57.7
58.15
58.61
59.05
59.5
59.96
60.4
60.82
61.28
61.71
62.16
62.6
63.05
63.5
63.94
64.4
64.85
65.29
65.73
66.17
66.62
67.05
67.48
67.93
68.36
68.81
69.25
69.73
70.18
70.63
71.11
71.57
72.03
72.47
72.95
73.41
73.85
