0.47
0.95
1.42
1.9
2.37
2.85
3.34
3.83
4.32
4.79
5.25
5.72
6.18
6.63
7.14
7.64
8.13
8.64
9.16
9.66
10.16
10.66
11.13
11.6
12.08
12.55
13.03
13.53
14.01
14.49
14.99
15.48
15.98
16.45
16.93
17.39
17.86
18.33
18.81
19.31
19.8
20.3
20.81
21.32
21.83
22.33
22.8
23.28
23.77
24.23
24.71
25.2
25.67
26.16
26.63
27.11
27.6
28.08
28.53
29.01
29.51
29.99
30.47
30.95
31.44
31.93
32.42
32.9
33.38
33.87
34.37
34.88
35.4
35.89
36.41
36.92
37.44
37.95
38.45
38.94
39.41
39.91
40.44
40.95
41.45
41.94
42.45
42.97
43.46
43.98
44.47
44.95
45.43
45.92
46.42
46.91
47.43
47.95
48.46
48.97
49.47
49.98
50.5
51.0
51.52
52.03
52.54
53.05
53.56
54.05
54.56
55.05
55.55
56.04
56.52
57.03
57.52
58.02
58.52
59.01
59.51
60.0
60.49
60.98
61.48
61.98
62.5
62.98
63.49
64.0
64.55
65.07
65.58
66.09
66.61
67.14
67.66
68.16
68.68
69.2
69.71
70.22
70.71
71.2
71.7
72.21
72.73
73.22
73.68
74.16
74.65
75.17
75.69
76.19
76.64
77.09
77.55
78.01
78.48
78.94
79.4
79.87
80.35
80.83
