0.09
0.54
1.02
1.48
1.97
2.43
2.91
3.38
3.84
4.31
4.76
5.21
5.67
6.13
6.59
7.06
7.52
7.98
8.45
8.94
9.4
9.86
10.31
10.78
11.22
11.69
12.13
12.58
13.03
13.48
13.93
14.4
14.86
15.32
15.78
16.22
16.69
17.15
17.61
18.06
18.54
18.99
19.45
19.92
20.41
20.85
21.31
21.76
22.19
22.64
23.09
23.55
24.0
24.45
24.91
25.34
25.79
26.25
26.72
27.17
27.63
28.09
28.56
29.02
29.49
29.94
30.39
30.84
31.29
31.77
32.23
32.69
33.16
33.64
34.11
34.57
35.06
35.53
35.99
36.46
36.93
37.4
37.88
38.34
38.78
39.24
39.7
40.16
40.63
41.08
41.53
41.98
42.42
42.87
43.34
43.79
44.26
44.7
45.18
45.63
46.1
46.54
47.0
47.45
47.88
48.34
48.77
49.19
49.61
50.06
50.48
50.91
51.37
51.81
52.24
52.68
53.11
53.56
53.99
54.43
54.87
55.32
55.75
56.19
56.63
57.06
57.49
57.92
58.36
58.79
59.25
59.69
60.16
60.6
61.06
61.51
61.95
62.38
62.83
63.27
63.7
64.13
64.57
64.98
65.41
65.84
66.25
66.69
67.1
67.56
67.99
68.42
68.9
69.35
69.82
70.28
70.72
71.18
71.66
72.11
72.58
