0.1
0.53
0.97
1.43
1.87
2.31
2.73
3.17
3.61
4.05
4.49
4.93
5.38
5.83
6.26
6.69
7.14
7.58
8.02
8.47
8.91
9.34
9.78
10.22
10.67
11.13
11.59
12.04
12.49
12.92
13.36
13.8
14.25
14.68
15.12
15.56
16.02
16.46
16.9
17.33
17.78
18.22
18.68
19.12
19.56
20.02
20.46
20.91
21.38
21.85
22.29
22.73
23.19
23.66
24.11
24.55
24.99
25.44
25.86
26.3
26.75
27.22
27.67
28.13
28.6
29.07
29.52
29.97
30.41
30.87
31.32
31.77
32.22
32.68
33.12
33.58
34.03
34.48
34.92
35.39
35.84
36.3
36.79
37.28
37.74
38.19
38.62
39.06
39.52
39.96
40.4
40.86
41.31
41.75
42.2
42.63
43.06
43.48
43.91
44.33
44.77
45.2
45.63
46.07
46.5
46.94
47.38
47.81
48.25
48.68
49.12
49.56
50.02
50.49
50.95
51.38
51.83
52.28
52.72
53.17
53.59
54.01
54.47
54.91
55.36
55.83
56.27
56.7
57.1
57.52
57.95
58.4
58.83
59.26
59.68
60.11
60.54
60.96
61.39
61.8
62.22
62.66
63.07
63.48
63.91
64.35
64.83
65.29
65.75
66.2
66.64
67.06
67.51
67.95
68.4
68.87
69.32
69.75
70.2
70.65
71.1
71.57
