0.15
0.56
1.01
1.42
1.87
2.31
2.76
3.24
3.7
4.15
4.58
5.02
5.46
5.9
6.33
6.79
7.26
7.71
8.16
8.62
9.08
9.53
9.99
10.43
10.87
11.32
11.77
12.22
12.67
13.13
13.6
14.07
14.54
15.0
15.45
15.89
16.32
16.77
17.2
17.66
18.13
18.6
19.06
19.54
20.01
20.48
20.93
21.39
21.84
22.29
22.74
23.19
23.65
24.11
24.57
25.03
25.48
25.94
26.4
26.86
27.31
27.75
28.21
28.66
29.12
29.58
30.03
30.49
30.94
31.41
31.88
32.37
32.84
33.32
33.78
34.23
34.69
35.15
35.6
36.07
36.51
36.95
37.43
37.88
38.33
38.8
39.28
39.75
40.22
40.69
41.17
41.62
42.06
42.5
42.96
43.42
43.88
44.35
44.81
45.28
45.75
46.21
46.67
47.13
47.59
48.05
48.53
48.99
49.46
49.94
50.41
50.88
51.35
51.82
52.29
52.75
53.25
53.71
54.18
54.65
55.11
55.58
56.04
56.5
56.96
57.41
57.88
58.36
58.83
59.29
59.76
60.26
60.74
61.2
61.67
62.13
62.62
63.08
63.56
64.02
64.48
64.95
65.42
65.89
66.35
66.82
67.31
67.77
68.22
68.68
69.13
69.6
70.08
70.56
71.03
71.5
71.95
72.44
72.9
73.34
73.8
74.26
74.72
75.19
