0.14
0.58
1.04
1.46
1.92
2.37
2.82
3.28
3.73
4.17
4.6
5.03
5.47
5.91
6.35
6.81
7.29
7.75
8.21
8.68
9.15
9.6
10.02
10.46
10.91
11.36
11.81
12.24
12.69
13.14
13.58
14.01
14.46
14.89
15.32
15.74
16.17
16.6
17.04
17.45
17.91
18.36
18.82
19.3
19.76
20.19
20.63
21.06
21.5
21.96
22.4
22.87
23.34
23.8
24.26
24.71
25.16
25.63
26.09
26.54
27.0
27.48
27.94
28.42
28.89
29.37
29.82
30.29
30.75
31.2
31.66
32.13
32.59
33.06
33.53
33.98
34.45
34.93
35.38
35.82
36.27
36.72
37.17
37.64
38.09
38.55
38.99
39.45
39.9
40.35
40.79
41.23
41.67
42.09
42.54
42.97
43.42
43.87
44.3
44.75
45.18
45.61
46.05
46.48
46.92
47.35
47.78
48.2
48.62
49.05
49.47
49.89
50.33
50.74
51.17
51.58
52.0
52.42
52.84
53.28
53.73
54.16
54.59
55.0
55.43
55.87
56.32
56.77
57.18
57.61
58.02
58.44
58.9
59.33
59.76
60.23
60.67
61.12
61.56
62.0
62.44
62.86
63.3
63.72
64.14
64.57
65.0
65.44
65.86
66.29
66.71
67.15
67.6
68.03
68.47
68.96
69.43
69.92
70.44
70.93
71.42
