0.16
0.56
0.96
1.34
1.74
2.15
2.54
2.95
3.35
3.75
4.17
4.57
4.99
5.38
5.78
6.18
6.59
6.98
7.38
7.79
8.19
8.6
9.01
9.4
9.81
10.22
10.64
11.02
11.42
11.82
12.22
12.62
13.03
13.43
13.82
14.23
14.64
15.04
15.43
15.83
16.25
16.64
17.05
17.46
17.87
18.27
18.67
19.05
19.45
19.88
20.28
20.69
21.11
21.51
21.91
22.32
22.73
23.14
23.54
23.94
24.35
24.77
25.18
25.58
26.0
26.41
26.82
27.23
27.63
28.04
28.45
28.87
29.27
29.69
30.08
30.48
30.89
31.29
31.69
32.09
32.48
32.89
33.32
33.76
34.2
34.63
35.04
35.44
35.85
36.25
36.65
37.07
37.45
37.85
38.26
38.65
39.06
39.45
39.86
40.26
40.67
41.08
41.5
41.91
42.31
42.71
43.12
43.52
43.93
44.33
44.71
45.12
45.53
45.93
46.33
46.73
47.12
47.51
47.91
48.32
48.72
49.12
49.52
49.91
50.29
50.68
51.09
51.47
51.86
52.26
52.65
53.05
53.45
53.85
54.26
54.67
55.08
55.49
55.9
56.32
56.72
57.12
57.51
57.9
58.3
58.71
59.11
59.51
59.89
60.28
60.67
61.08
61.47
61.88
62.31
62.74
63.14
63.58
63.99
64.42
64.83
