0.18
0.59
1.02
1.45
1.85
2.27
2.69
3.1
3.51
3.92
4.34
4.75
5.16
5.58
5.99
6.41
6.84
7.25
7.67
8.1
8.53
8.95
9.37
9.78
10.2
10.64
11.05
11.46
11.87
12.28
12.7
13.13
13.55
13.97
14.39
14.82
15.24
15.68
16.11
16.53
16.95
17.39
17.82
18.25
18.68
19.11
19.53
19.96
20.39
20.83
21.26
21.69
22.13
22.55
22.99
23.41
23.83
24.27
24.68
25.11
25.55
25.99
26.41
26.85
27.29
27.74
28.17
28.59
29.01
29.45
29.88
30.3
30.74
31.16
31.6
32.05
32.5
32.94
33.39
33.83
34.25
34.7
35.15
35.57
35.99
36.42
36.84
37.25
37.69
38.11
38.53
38.97
39.39
39.81
40.24
40.65
41.06
41.47
41.87
42.29
42.7
43.1
43.51
43.92
44.32
44.73
45.14
45.54
45.95
46.35
46.75
47.15
47.56
47.95
48.36
48.78
49.21
49.63
50.04
50.45
50.87
51.3
51.73
52.15
52.55
52.97
53.39
53.82
54.24
54.66
55.07
55.5
55.91
56.33
56.73
57.14
57.58
57.99
58.4
58.84
59.25
59.67
60.09
60.49
60.91
61.32
61.75
62.2
62.64
63.07
63.5
63.93
64.37
64.81
65.24
65.68
66.09
66.54
66.97
67.4
67.81
