0.9
4.5
7.92
11.5
15.04
18.61
22.37
26.67
30.52
34.28
38.06
42.11
46.24
49.88
53.31
56.3
59.09
62.11
64.93
67.64
70.5
73.44
76.33
79.18
82.04
84.96
87.9
90.59
93.32
95.94
98.43
100.74
103.05
105.31
107.81
110.4
113.58
117.06
120.97
124.47
128.46
132.25
135.58
138.3
140.91
143.45
145.98
148.48
150.94
153.76
156.01
158.36
161.02
163.69
166.13
168.57
171.14
173.84
176.5
179.52
183.16
186.37
189.32
192.2
195.17
198.45
202.34
206.04
209.67
213.2
216.66
220.12
223.75
227.43
231.07
234.86
238.82
242.49
246.25
250.52
254.09
257.17
260.19
262.78
265.55
268.61
271.67
274.79
278.41
282.28
286.01
289.62
292.81
295.76
298.33
301.04
303.32
305.43
307.51
309.96
312.98
316.37
319.38
323.07
327.22
330.97
334.95
339.3
343.34
346.75
350.41
354.07
357.83
361.5
365.56
369.1
373.35
377.24
380.14
382.98
385.78
387.88
390.44
393.23
396.14
398.37
400.55
402.63
404.7
406.76
408.97
411.84
415.48
418.83
422.64
426.39
430.28
433.99
438.08
442.08
446.44
450.51
454.26
458.43
462.11
465.68
469.63
472.96
476.56
480.34
484.15
487.67
490.84
493.87
497.0
499.91
502.79
505.63
508.22
510.87
513.5
516.07
518.57
521.12
523.69
526.25
528.74
531.41
534.4
537.46
540.6
544.21
547.57
550.85
554.24
557.81
561.6
565.44
569.25
573.14
577.08
580.87
584.7
588.6
592.17
595.84
599.53
602.87
605.92
609.94
614.22
618.32
622.24
625.44
628.87
632.08
635.19
638.12
640.99
643.56
646.29
649.34
652.45
655.65
658.93
662.54
666.14
669.52
673.32
677.33
681.14
685.12
689.31
692.63
695.59
698.62
701.71
704.87
708.27
712.09
716.08
719.93
723.41
726.92
730.3
734.03
738.23
742.06
746.2
750.48
754.17
757.93
761.92
766.16
770.21
773.96
777.86
781.13
784.62
787.94
791.09
794.18
797.28
800.33
803.71
807.31
811.19
815.1
819.35
823.4
827.42
830.92
834.6
838.5
842.25
845.97
849.34
852.89
856.56
860.23
863.96
867.71
871.02
874.31
877.8
881.5
885.29
888.94
892.58
896.36
900.33
904.29
907.72
910.9
914.0
917.37
921.28
925.28
929.21
933.34
937.55
941.77
946.12
949.91
953.18
956.61
959.8
962.75
965.83
969.0
972.02
975.0
978.17
980.88
983.73
986.81
989.91
992.84
995.73
998.79
1002.13
1005.5
1008.72
1012.08
1015.33
1018.56
1022.3
1026.27
1030.06
1033.78
1037.38
1041.0
1044.78
1048.48
1052.04
1055.71
1059.64
1063.91
1067.92
1071.92
1075.93
1079.63
1083.41
1087.01
1090.83
1094.49
1098.65
1102.84
1107.01
1111.11
1114.66
1118.45
1122.76
1127.01
1130.83
1134.42
1138.36
1142.38
1145.98
1148.94
1151.97
1154.72
1157.41
1160.0
1162.6
1165.16
1167.66
1170.23
1172.77
1175.32
1177.82
1180.27
1182.75
1185.2
1187.61
1190.01
1192.48
1194.92
1197.37
1199.75
1202.18
1204.62
1207.08
1209.55
1211.99
1214.37
1216.75
1219.21
1221.67
1224.36
1227.31
1230.19
1232.9
1235.61
1238.34
1240.86
1243.37
1246.07
1248.71
1251.49
1254.3
1256.95
1259.61
1262.11
1264.49
1266.77
1269.06
1271.35
1273.94
1276.88
1280.19
1283.41
1286.49
1289.87
1293.43
1297.01
1300.73
1304.44
1308.27
1312.14
1315.44
1318.41
1321.35
1324.24
1327.23
1330.22
1333.36
1336.89
1340.34
1344.14
1347.35
1350.29
1353.44
1356.51
1359.44
1362.25
1365.33
1368.45
1371.58
1374.85
1378.19
1381.39
1384.64
1388.75
1393.06
1397.2
1401.29
1404.63
1407.93
1410.56
1413.12
1415.88
1418.8
1422.03
1425.41
1428.76
1431.99
1435.37
1439.0
1442.72
1446.5
1450.23
1453.64
1456.93
1460.21
1463.05
1465.58
1468.05
1470.57
1473.09
1475.49
1477.87
1480.33
1482.91
1485.41
1487.8
1490.16
1492.61
1495.2
1498.05
1501.09
1504.26
1507.39
1510.88
1514.84
1518.46
1521.64
1524.83
1528.21
1531.78
1535.45
1539.45
1543.47
1547.76
1552.1
1556.27
1559.76
1563.72
1568.02
1572.32
1575.92
1579.87
1584.25
1588.27
1592.22
1596.17
1599.8
1602.82
1605.77
1608.68
1612.02
1615.46
1618.86
1621.96
1625.03
1628.25
1631.52
1634.74
1638.05
1641.08
1644.14
1647.77
1651.21
1654.23
1657.14
1660.07
1663.23
1666.43
1669.69
1673.11
1676.3
1679.87
1683.55
1687.25
1691.3
1695.39
1698.89
1702.6
1706.27
1709.78
1713.23
1716.92
1720.7
1724.41
1728.25
1732.13
1735.62
1738.78
1741.85
