0.0
0.91
1.82
2.78
3.65
4.5
5.38
6.22
7.08
8.0
8.83
9.74
10.65
11.51
12.38
13.32
14.2
15.04
15.94
16.83
17.68
18.61
19.44
20.39
21.29
22.27
23.16
24.13
25.07
25.99
26.96
27.89
28.83
29.78
30.64
31.58
32.49
33.38
34.29
35.14
36.03
36.94
37.82
38.76
39.58
40.47
41.28
42.11
42.97
43.8
44.62
45.41
46.24
46.98
47.68
48.44
49.16
49.88
50.64
51.56
52.41
53.32
54.12
54.86
55.56
56.31
56.98
57.69
58.37
59.09
59.87
60.58
61.36
62.12
62.8
63.51
64.24
64.94
65.63
66.32
66.97
67.64
68.39
69.08
69.77
70.51
71.19
71.94
72.68
73.45
74.15
74.93
75.66
76.33
77.07
77.77
78.47
79.18
79.92
80.61
81.32
82.04
82.82
83.54
84.22
84.97
85.7
86.43
87.14
87.91
88.62
89.28
89.96
90.6
91.27
91.92
92.59
93.33
94.02
94.64
95.27
95.94
96.58
97.25
97.84
98.44
99.01
99.59
100.16
100.74
101.29
101.88
102.47
103.06
103.64
104.2
104.76
105.32
105.92
106.56
107.17
107.82
108.47
109.08
109.74
110.41
111.08
111.71
112.4
113.11
113.79
114.46
115.16
115.85
116.58
117.27
118.12
119.1
120.03
120.98
121.82
122.72
123.6
124.47
125.4
126.42
127.42
128.46
129.42
130.44
131.4
132.25
133.13
133.96
134.85
135.59
136.28
136.96
137.64
138.3
138.96
139.63
140.27
140.92
141.56
142.21
142.83
143.46
144.06
144.68
145.34
145.98
146.59
147.22
147.88
148.5
149.11
149.69
150.25
150.83
151.44
151.99
152.6
153.15
153.76
154.32
154.91
155.47
156.02
156.59
157.17
157.78
158.36
159.05
159.76
160.4
161.02
161.66
162.31
162.88
163.5
164.11
164.68
165.28
165.89
166.52
167.13
167.69
168.26
168.79
169.35
169.92
170.49
171.1
171.66
172.29
172.86
173.48
174.06
174.73
175.41
176.14
176.88
177.58
178.31
179.08
179.77
180.44
181.14
181.86
182.6
183.36
184.08
184.87
185.59
186.37
187.1
187.81
188.56
189.33
190.04
190.75
191.52
192.21
193.03
193.79
194.57
195.45
196.3
197.11
197.94
198.82
199.66
200.45
201.3
202.08
202.86
203.54
204.24
204.88
205.57
206.26
206.99
207.69
208.4
209.09
209.67
210.26
210.87
211.49
212.06
212.61
213.2
213.73
214.28
214.82
215.43
216.05
216.67
217.31
217.91
218.5
219.11
219.72
220.37
220.99
221.61
222.25
222.9
223.56
224.19
224.84
225.52
226.17
226.78
227.43
228.08
228.74
229.41
230.06
230.72
231.34
231.98
232.65
233.29
233.85
234.44
235.03
235.66
236.26
236.85
237.42
238.04
238.6
239.22
239.78
240.35
240.95
241.52
242.1
242.7
243.28
243.83
244.43
245.06
245.64
246.26
246.83
247.57
248.27
249.02
249.75
250.53
251.34
252.08
252.89
253.63
254.4
255.17
255.96
256.72
257.48
258.29
259.06
259.78
260.54
261.24
262.0
262.78
263.55
264.28
265.03
265.83
266.58
267.3
267.99
268.66
269.37
270.15
270.89
271.68
272.36
273.07
273.79
274.53
275.19
275.92
276.6
277.2
277.86
278.46
279.11
279.74
280.32
280.95
281.55
282.12
282.73
283.32
283.96
284.55
285.16
285.75
286.33
286.92
287.51
288.14
288.72
289.32
289.94
290.58
291.25
291.86
292.51
293.17
293.79
294.42
295.12
295.76
296.39
297.03
297.67
298.34
298.98
299.53
300.06
300.6
301.15
301.73
302.28
302.79
303.33
303.89
304.43
304.92
305.44
305.97
306.51
307.02
307.54
308.08
308.63
309.19
309.69
310.16
310.69
311.16
311.71
312.21
312.75
313.24
313.82
314.35
314.94
315.51
316.11
316.71
317.28
317.9
318.46
319.08
319.67
320.24
320.83
321.39
321.94
322.48
323.07
323.6
324.16
324.8
325.51
326.31
327.07
327.81
328.61
329.56
330.48
331.46
332.45
333.42
334.39
335.49
336.43
337.45
338.35
339.32
340.29
341.2
342.11
343.05
344.01
344.9
345.87
346.76
347.72
348.59
349.55
350.42
351.34
352.25
353.12
354.08
355.03
355.95
356.89
357.84
358.78
359.65
360.41
361.2
361.92
362.71
363.4
364.16
364.89
365.59
366.33
367.13
367.86
368.66
369.41
370.16
370.93
371.6
372.27
372.99
373.6
374.25
374.84
375.47
376.06
376.65
377.24
377.84
378.36
378.9
379.45
380.01
380.52
381.09
381.59
382.12
382.65
383.18
383.72
384.26
384.8
385.31
385.79
386.31
386.84
387.33
387.89
388.45
389.13
389.76
390.44
391.1
391.8
392.46
393.06
393.7
394.33
394.98
395.6
396.15
396.75
397.3
397.85
398.38
398.93
399.47
400.01
400.56
401.07
401.57
402.09
402.64
403.16
403.65
404.18
404.7
405.23
405.73
406.25
406.77
407.3
407.86
408.36
408.92
409.45
409.98
410.46
410.99
411.49
411.99
412.5
413.05
413.63
414.23
414.8
415.42
416.01
416.57
417.19
417.79
418.45
419.12
419.76
420.49
421.18
421.92
422.65
423.45
424.23
425.04
425.8
426.6
427.4
428.22
429.04
429.81
430.66
431.53
432.32
433.16
434.0
434.77
435.63
436.4
437.22
438.08
438.87
439.74
440.53
441.32
442.09
442.84
443.59
444.35
445.15
445.79
446.44
447.09
447.72
448.35
448.95
449.57
450.2
450.82
451.45
452.05
452.63
453.2
453.82
454.43
455.02
455.69
456.34
457.02
457.75
458.44
459.11
459.81
460.58
461.35
462.11
462.84
463.56
464.25
465.0
465.69
466.37
467.02
467.68
468.3
468.98
469.64
470.31
471.0
471.66
472.32
472.97
473.59
474.2
474.8
475.39
476.0
476.56
477.21
477.85
478.47
479.1
479.74
480.35
480.99
481.64
482.27
482.91
483.55
484.16
484.78
485.42
486.08
486.69
487.36
487.97
488.64
489.28
489.9
490.61
491.27
491.97
492.68
493.32
493.95
494.62
495.29
495.93
496.55
497.22
497.86
498.53
499.2
499.92
500.67
501.39
502.1
502.8
503.54
504.22
504.97
505.64
506.33
506.95
507.59
508.23
508.89
509.56
510.24
510.88
511.54
512.19
512.84
513.51
514.15
514.79
515.43
516.07
516.7
517.32
517.94
518.57
519.19
519.82
520.48
521.13
521.78
522.42
523.06
523.69
524.35
524.97
525.6
526.26
526.89
527.53
528.13
528.75
529.35
529.95
530.56
531.14
531.83
532.47
533.2
533.93
534.83
535.7
536.68
537.63
538.65
539.68
540.61
541.62
542.65
543.62
544.55
545.53
546.59
547.57
548.52
549.46
550.29
551.14
551.99
552.83
553.74
554.51
555.26
556.01
556.75
557.54
558.28
559.06
559.86
560.65
561.49
562.26
562.99
563.72
564.5
565.29
566.13
566.95
567.83
568.73
569.58
570.48
571.39
572.28
573.15
574.15
575.11
576.16
577.09
578.12
579.18
580.27
581.33
582.25
583.22
584.18
585.06
585.94
586.8
587.71
588.61
589.5
590.42
591.32
592.17
593.09
594.05
594.92
595.85
596.79
597.68
598.65
599.54
600.48
601.35
602.3
603.21
604.12
605.04
605.93
606.88
607.79
608.86
609.95
610.93
611.94
612.87
613.79
614.77
615.63
616.52
617.43
618.33
619.36
620.36
621.27
622.25
623.08
623.85
624.64
625.42
626.31
627.18
627.99
628.88
629.72
630.57
631.36
632.26
633.07
633.98
634.8
635.7
636.58
637.42
638.28
639.21
640.08
641.0
641.91
642.93
643.92
644.84
645.76
646.64
647.44
648.26
649.12
649.96
650.78
651.66
652.51
653.3
654.05
654.85
655.67
656.43
657.23
658.08
658.93
659.76
660.52
661.32
662.13
662.92
663.77
664.62
665.48
666.31
667.1
667.91
668.76
669.71
670.66
671.58
672.52
673.43
674.39
675.4
676.35
677.34
678.33
679.26
680.2
681.15
682.13
683.16
684.15
685.12
686.13
687.2
688.25
689.34
690.49
691.52
692.65
693.71
694.71
695.6
696.55
697.42
698.34
699.3
700.18
701.06
702.0
702.86
703.76
704.71
705.61
706.46
707.4
708.28
709.16
710.17
711.09
712.09
713.04
714.05
715.1
716.09
717.02
717.99
718.92
719.92
720.82
721.75
722.6
723.41
724.25
725.17
726.08
726.98
727.92
728.91
729.94
730.97
731.99
732.93
734.03
735.05
736.12
737.22
738.24
739.14
740.07
741.02
742.1
743.1
744.15
745.2
746.2
747.23
748.37
749.42
750.49
751.43
752.37
753.31
754.17
755.12
755.99
756.93
757.92
758.88
759.74
760.67
761.58
762.52
763.35
764.14
764.99
765.78
766.61
767.48
768.3
769.24
770.22
771.16
772.11
773.12
773.97
774.79
775.55
776.37
777.14
777.87
778.65
779.42
780.2
780.93
781.69
782.45
783.23
783.98
784.75
785.49
786.32
787.1
787.93
788.69
789.53
790.29
791.09
791.94
792.75
793.48
794.19
794.94
795.71
796.49
797.27
798.07
798.82
799.58
800.33
801.2
802.04
802.87
803.71
804.49
805.32
806.09
806.91
807.66
808.43
809.22
809.99
810.58
811.19
811.81
812.43
813.01
813.64
814.21
814.81
815.41
816.04
816.67
817.32
817.93
818.57
819.22
819.83
820.45
821.08
821.74
822.37
822.97
823.63
824.23
824.86
825.51
826.13
826.72
827.34
827.91
828.51
829.11
829.73
830.31
830.93
831.56
832.14
832.76
833.37
833.95
834.57
835.14
835.74
836.34
836.96
837.54
838.15
838.79
839.44
840.08
840.74
841.35
842.02
842.66
843.24
843.87
844.49
845.08
845.71
846.29
846.93
847.51
848.12
848.76
849.34
849.98
850.58
851.15
851.75
852.31
852.9
853.6
854.27
854.96
855.64
856.27
856.95
857.64
858.39
859.09
859.79
860.5
861.15
861.86
862.59
863.29
863.97
864.66
865.4
866.03
866.72
867.35
868.04
868.75
869.47
870.27
871.03
871.79
872.61
873.42
874.31
875.22
876.06
876.94
877.8
878.77
879.68
880.63
881.51
882.44
883.41
884.36
885.3
886.15
887.09
887.99
888.94
889.89
890.92
892.02
893.06
894.11
895.12
896.22
897.2
898.24
899.33
900.34
901.42
902.43
903.34
904.3
905.14
905.99
906.89
907.72
908.52
909.38
910.11
910.9
911.8
912.67
913.54
914.53
915.44
916.43
917.38
918.35
919.29
920.32
921.29
922.28
923.34
924.28
925.29
926.31
927.34
928.25
929.22
930.18
931.23
932.25
933.35
934.43
935.49
936.5
937.55
938.69
939.7
940.72
941.78
942.84
943.77
944.72
945.58
946.52
947.35
948.23
949.09
949.92
950.71
951.61
952.62
953.53
954.51
955.5
956.62
957.73
958.8
959.81
960.76
961.79
962.77
963.47
964.19
964.99
965.84
966.65
967.43
968.25
969.0
969.77
970.52
971.3
972.03
972.78
973.49
974.22
974.99
975.61
976.28
976.91
977.53
978.18
978.87
979.54
980.23
980.89
981.58
982.27
983.01
983.64
984.34
985.01
985.6
986.23
986.82
987.45
988.03
988.67
989.27
989.86
990.51
991.11
991.83
992.5
993.17
993.86
994.61
995.29
996.1
996.85
997.61
998.41
999.17
1000.01
1000.83
1001.71
1002.55
1003.4
1004.23
1005.05
1006.07
1007.11
1007.91
1008.74
1009.58
1010.45
1011.3
1012.09
1012.89
1013.75
1014.52
1015.33
1016.09
1016.93
1017.74
1018.56
1019.37
1020.29
1021.29
1022.31
1023.23
1024.25
1025.27
1026.23
1027.19
1028.2
1029.15
1030.06
1031.04
1031.93
1032.9
1033.79
1034.72
1035.66
1036.55
1037.44
1038.29
1039.22
1040.15
1041.02
1041.94
1042.89
1043.88
1044.79
1045.78
1046.72
1047.59
1048.49
1049.38
1050.33
1051.22
1052.09
1052.98
1053.89
1054.84
1055.72
1056.67
1057.61
1058.58
1059.65
1060.58
1061.52
1062.48
1063.47
1064.31
1065.17
1065.95
1066.81
1067.63
1068.4
1069.19
1070.04
1070.99
1071.88
1072.86
1073.86
1074.88
1075.93
1076.82
1077.74
1078.69
1079.63
1080.56
1081.56
1082.51
1083.42
1084.39
1085.3
1086.18
1087.02
1087.88
1088.83
1089.87
1090.84
1091.88
1092.86
1093.8
1094.69
1095.58
1096.59
1097.66
1098.65
1099.71
1100.69
1101.77
1102.85
1103.89
1104.91
1105.95
1107.04
1108.06
1109.1
1110.1
1111.12
1112.13
1113.2
1114.29
1115.28
1116.39
1117.44
1118.46
1119.49
1120.61
1121.73
1122.78
1123.89
1124.91
1125.79
1126.74
1127.64
1128.49
1129.46
1130.33
1131.3
1132.19
1133.12
1134.05
1134.93
1135.83
1136.68
1137.51
1138.36
1139.18
1140.07
1140.88
1141.75
1142.54
1143.36
1144.14
1144.97
1145.74
1146.57
1147.34
1148.14
1148.95
1149.7
1150.44
1151.2
1151.98
1152.69
1153.35
1154.01
1154.73
1155.37
1156.05
1156.76
1157.41
1158.07
1158.72
1159.37
1160.01
1160.66
1161.3
1161.97
1162.61
1163.27
1163.9
1164.54
1165.16
1165.8
1166.41
1167.06
1167.67
1168.31
1168.95
1169.6
1170.23
1170.87
1171.51
1172.14
1172.77
1173.38
1174.01
1174.67
1175.32
1175.97
1176.57
1177.21
1177.82
1178.46
1179.05
1179.67
1180.28
1180.92
1181.54
1182.16
1182.75
1183.38
1183.97
1184.61
1185.21
1185.82
1186.4
1187.01
1187.62
1188.2
1188.81
1189.42
1190.02
1190.66
1191.27
1191.9
1192.49
1193.12
1193.73
1194.34
1194.93
1195.54
1196.16
1196.8
1197.38
1198.0
1198.6
1199.2
1199.76
1200.35
1200.93
1201.56
1202.19
1202.8
1203.42
1204.01
1204.62
1205.23
1205.85
1206.47
1207.09
1207.69
1208.31
1208.94
1209.57
1210.18
1210.78
1211.4
1211.99
1212.6
1213.19
1213.8
1214.38
1214.97
1215.54
1216.14
1216.76
1217.4
1218.0
1218.64
1219.22
1219.82
1220.42
1221.06
1221.68
1222.33
1222.96
1223.62
1224.37
1225.06
1225.77
1226.53
1227.32
1228.07
1228.82
1229.53
1230.2
1230.9
1231.61
1232.28
1232.91
1233.59
1234.22
1234.88
1235.62
1236.35
1237.07
1237.76
1238.49
1239.19
1239.92
1240.59
1241.34
1242.03
1242.74
1243.4
1244.08
1244.75
1245.4
1246.07
1246.73
1247.37
1248.03
1248.71
1249.42
1250.09
1250.78
1251.49
1252.23
1252.91
1253.58
1254.3
1255.01
1255.65
1256.32
1256.95
1257.59
1258.25
1258.88
1259.5
1260.14
1260.78
1261.43
1262.09
1262.71
1263.31
1263.9
1264.5
1265.07
1265.67
1266.22
1266.78
1267.33
1267.9
1268.5
1269.06
1269.62
1270.18
1270.76
1271.35
1272.0
1272.61
1273.24
1273.89
1274.5
1275.07
1275.69
1276.3
1276.89
1277.47
1278.09
1278.74
1279.36
1279.95
1280.54
1281.15
1281.77
1282.34
1282.98
1283.56
1284.17
1284.8
1285.41
1286.01
1286.63
1287.2
1287.8
1288.41
1289.0
1289.56
1290.15
1290.75
1291.44
1292.08
1292.75
1293.44
1294.03
1294.63
1295.18
1295.77
1296.3
1296.89
1297.43
1297.98
1298.55
1299.13
1299.75
1300.31
1300.93
1301.5
1302.03
1302.57
1303.13
1303.71
1304.3
1304.87
1305.46
1306.02
1306.63
1307.21
1307.75
1308.28
1308.82
1309.31
1309.83
1310.3
1310.78
1311.23
1311.7
1312.15
1312.6
1313.09
1313.56
1314.02
1314.5
1314.95
1315.45
1315.94
1316.53
1317.19
1317.83
1318.53
1319.15
1319.87
1320.61
1321.35
1322.08
1322.78
1323.51
1324.24
1324.94
1325.73
1326.48
1327.23
1328.08
1328.99
1329.84
1330.72
1331.64
1332.51
1333.37
1334.2
1335.07
1335.98
1336.89
1337.84
1338.64
1339.48
1340.34
1341.04
1341.78
1342.54
1343.23
1343.97
1344.75
1345.46
1346.22
1346.97
1347.73
1348.48
1349.23
1349.97
1350.7
1351.51
1352.25
1353.05
1353.83
1354.59
1355.37
1356.27
1357.29
1358.3
1359.25
1360.3
1361.42
1362.46
1363.5
1364.54
1365.62
1366.58
1367.56
1368.59
1369.54
1370.58
1371.44
1372.37
1373.17
1374.01
1374.86
1375.69
1376.53
1377.36
1378.19
1379.02
1379.81
1380.62
1381.4
1382.22
1382.98
1383.83
1384.65
1385.56
1386.51
1387.42
1388.4
1389.21
1390.06
1390.94
1391.78
1392.67
1393.5
1394.28
1395.06
1395.88
1396.67
1397.43
1398.24
1399.07
1399.82
1400.62
1401.42
1402.23
1402.99
1403.8
1404.65
1405.46
1406.29
1407.17
1407.93
1408.61
1409.28
1409.9
1410.57
1411.2
1411.83
1412.46
1413.13
1413.74
1414.4
1415.12
1415.9
1416.6
1417.34
1418.12
1418.82
1419.45
1420.12
1420.8
1421.43
1422.03
1422.62
1423.31
1424.0
1424.78
1425.55
1426.27
1427.07
1427.89
1428.66
1429.49
1430.36
1431.18
1432.0
1432.84
1433.7
1434.5
1435.37
1436.31
1437.21
1438.1
1439.01
1439.96
1440.95
1441.79
1442.72
1443.63
1444.56
1445.31
1446.08
1446.88
1447.68
1448.46
1449.19
1449.98
1450.76
1451.51
1452.32
1453.11
1453.93
1454.72
1455.48
1456.31
1457.06
1457.85
1458.65
1459.47
1460.22
1461.04
1461.72
1462.41
1463.05
1463.72
1464.35
1464.99
1465.58
1466.22
1466.82
1467.43
1468.06
1468.67
1469.3
1469.93
1470.58
1471.24
1471.87
1472.5
1473.1
1473.7
1474.31
1474.91
1475.5
1476.1
1476.69
1477.28
1477.88
1478.46
1479.04
1479.67
1480.34
1481.02
1481.65
1482.28
1482.92
1483.57
1484.18
1484.79
1485.42
1486.03
1486.63
1487.21
1487.81
1488.44
1489.03
1489.61
1490.28
1490.91
1491.62
1492.33
1493.03
1493.75
1494.44
1495.2
1495.92
1496.61
1497.32
1498.06
1498.82
1499.55
1500.33
1501.09
1501.91
1502.66
1503.45
1504.27
1505.02
1505.81
1506.56
1507.4
1508.22
1509.07
1509.97
1510.89
1511.9
1512.82
1513.86
1514.84
1515.82
1516.74
1517.67
1518.47
1519.27
1520.07
1520.83
1521.65
1522.41
1523.23
1524.02
1524.84
1525.64
1526.48
1527.33
1528.22
1529.13
1529.98
1530.91
1531.79
1532.67
1533.52
1534.46
1535.33
1536.29
1537.32
1538.28
1539.22
1540.21
1541.13
1542.08
1543.03
1544.09
1545.1
1546.11
1547.17
1548.18
1549.13
1550.14
1551.17
1552.23
1553.22
1554.22
1555.23
1556.27
1557.13
1557.93
1558.78
1559.77
1560.7
1561.63
1562.61
1563.73
1564.78
1565.91
1566.94
1568.03
1569.15
1570.17
1571.28
1572.33
1573.33
1574.19
1575.06
1575.89
1576.73
1577.63
1578.44
1579.28
1579.87
1580.39
1580.95
1581.48
1582.01
1582.59
1583.12
1583.66
1584.26
1584.86
1585.48
1586.11
1586.74
1587.35
1587.99
1588.6
1589.26
1589.86
1590.53
1591.17
1591.78
1592.45
1593.08
1593.72
1594.26
1594.74
1595.23
1595.72
1596.18
1596.66
1597.18
1597.72
1598.35
1599.0
1599.6
1600.24
1600.89
1601.55
1602.2
1602.84
1603.61
1604.3
1605.05
1605.78
1606.52
1607.24
1607.95
1608.68
1609.55
1610.36
1611.15
1612.03
1612.91
1613.74
1614.61
1615.48
1616.29
1617.13
1618.01
1618.87
1619.62
1620.39
1621.19
1621.97
1622.7
1623.51
1624.26
1625.05
1625.78
1626.62
1627.39
1628.26
1629.06
1629.93
1630.75
1631.53
1632.36
1633.17
1633.93
1634.75
1635.56
1636.4
1637.23
1638.02
1638.77
1639.59
1640.33
1641.12
1641.85
1642.62
1643.38
1644.14
1644.85
1645.58
1646.31
1647.07
1647.78
1648.54
1649.24
1649.97
1650.77
1651.62
1652.42
1653.31
1654.24
1655.13
1656.06
1657.12
1658.14
1659.16
1660.13
1661.2
1662.2
1663.18
1664.14
1665.1
1666.09
1667.03
1668.02
1668.82
1669.7
1670.55
1671.37
1672.22
1673.12
1673.91
1674.68
1675.48
1676.31
1677.08
1677.88
1678.72
1679.48
1680.32
1681.08
1681.88
1682.76
1683.58
1684.43
1685.22
1686.15
1686.98
1687.9
1688.77
1689.59
1690.44
1691.31
1692.15
1693.11
1694.06
1695.03
1696.01
1696.94
1697.88
1698.89
1699.78
1700.75
1701.64
1702.61
1703.51
1704.47
1705.4
1706.28
1707.22
1708.08
1708.96
1709.79
1710.68
1711.51
1712.33
1713.24
1714.13
1715.11
1715.99
1716.97
1717.88
1718.79
1719.77
1720.71
1721.65
1722.56
1723.51
1724.4
1725.3
1726.22
1727.14
1728.08
1729.02
1729.91
1730.82
1731.62
1732.42
1733.24
1734.05
1734.82
1735.62
1736.4
1737.19
1737.98
1738.8
1739.53
1740.33
1741.08
1741.81
1742.61
1743.33
1744.11
1744.85
