0.97
3.62
6.18
8.62
11.07
13.59
16.07
18.39
20.98
23.33
25.67
28.09
30.58
33.39
36.46
39.71
42.66
45.67
48.56
51.43
54.66
57.58
60.4
63.53
66.66
70.04
73.67
76.77
79.08
80.81
82.32
83.85
85.37
86.9
88.4
89.92
91.45
92.9
94.31
95.69
97.14
98.6
100.12
101.65
103.16
104.66
106.17
107.61
109.03
110.51
111.95
113.41
114.97
116.69
118.32
119.81
121.19
122.67
124.27
126.08
127.82
129.67
131.51
133.04
134.64
136.48
138.26
140.26
142.84
145.84
148.53
151.11
153.81
156.44
158.98
161.74
164.2
166.67
169.44
172.15
174.8
177.58
180.66
184.08
187.3
190.32
193.55
196.43
199.11
202.01
205.08
208.34
211.71
215.3
219.05
222.89
226.26
229.77
232.72
235.62
238.52
241.79
245.12
248.69
252.22
256.09
260.13
264.47
268.58
272.21
276.12
279.84
283.3
286.45
289.7
293.12
297.2
301.11
304.42
307.78
311.22
314.93
318.74
322.52
326.23
329.63
332.94
336.31
339.92
343.49
347.27
351.03
354.7
358.38
362.37
366.37
370.29
374.34
378.53
382.6
386.65
390.45
394.27
398.13
402.23
406.13
410.04
414.04
417.85
421.91
426.08
430.26
434.26
438.16
441.46
444.65
447.99
451.29
454.27
457.14
460.05
463.04
466.07
469.34
472.46
475.58
478.46
481.24
484.15
487.03
490.19
493.35
496.16
499.11
502.2
505.29
508.45
511.7
514.67
517.51
520.27
523.09
525.58
528.03
531.16
534.22
537.22
540.38
543.54
546.68
549.83
552.91
556.17
559.34
562.8
566.36
569.91
573.46
577.01
580.9
584.65
588.48
592.14
595.74
599.81
603.5
607.23
610.93
614.59
618.03
621.67
624.86
627.93
630.66
633.69
636.67
639.92
643.08
646.17
648.76
651.04
653.01
654.7
656.37
658.0
659.66
661.33
663.05
664.75
666.55
668.41
670.38
672.55
675.28
679.01
682.58
685.76
688.89
692.71
696.8
701.0
705.06
708.83
712.46
716.11
719.93
723.91
727.12
730.32
734.11
738.21
742.32
746.4
750.82
754.71
758.52
762.23
765.83
769.58
773.65
777.73
781.81
785.48
789.05
792.97
796.85
800.51
803.83
807.15
810.07
813.07
816.04
819.01
822.12
825.36
828.9
832.58
836.6
840.99
844.86
848.62
852.73
856.87
860.95
865.13
869.42
873.71
877.61
880.99
884.07
887.22
890.36
893.19
896.0
898.85
901.97
905.22
908.73
912.42
916.07
919.9
923.68
927.4
930.1
932.81
935.33
937.88
940.58
943.13
945.89
948.71
951.59
954.17
956.62
959.3
962.21
965.47
968.77
972.39
976.33
980.74
984.67
988.75
992.41
995.39
998.42
1001.64
1004.29
1006.73
1009.3
1012.62
1015.9
1019.62
1023.03
1025.84
1028.21
1030.55
1032.95
1035.29
1037.43
1039.68
1042.08
1044.39
1046.64
1048.99
1051.28
1053.83
1056.52
1059.04
1061.56
1063.99
1066.52
1068.76
1070.32
1071.88
1073.34
1074.76
1076.18
1077.59
1078.98
1080.42
1081.83
1083.25
1084.75
1086.21
1087.68
1089.14
1090.61
1092.06
1093.47
1094.88
1096.3
1097.74
1099.23
1100.71
1102.16
1103.57
1104.94
1106.35
1107.71
1109.09
1110.45
1111.81
1113.22
1114.61
1116.01
1117.42
1118.81
1120.21
1121.67
1123.15
1124.61
1126.06
1127.51
1128.96
1130.42
1131.9
1133.41
1134.89
1136.29
1137.75
1139.33
1140.76
1142.23
1143.67
1145.19
1146.69
1148.13
1149.52
1150.86
1152.26
1153.63
1154.98
1156.26
1157.54
1158.82
1160.12
1161.64
1163.4
1165.34
1167.31
1170.06
1173.06
1176.08
1179.1
1182.14
1184.93
1187.67
1190.62
1193.64
1196.63
1199.82
1203.45
1206.88
1210.1
1212.98
1215.86
1218.9
1221.94
1224.82
1227.54
1230.51
1233.37
1236.16
1239.01
1241.84
1244.14
1246.08
1247.92
1249.86
1252.05
1254.45
1257.37
1260.61
1263.68
1266.49
1269.46
1272.55
1276.06
1279.89
1282.97
1286.03
1289.11
1292.1
1295.15
1298.26
1301.21
1304.25
1307.26
1310.4
1313.76
1317.35
1321.09
1325.01
1328.72
1332.39
1336.06
1339.46
1342.54
1345.77
1349.15
1352.46
1356.39
1360.66
1364.87
1368.95
1372.7
1376.24
1379.68
1382.63
1385.37
1387.93
1390.46
1392.9
1395.32
1397.14
1398.79
1400.36
1401.87
1403.35
1404.85
1406.37
1407.96
1409.41
1410.8
1412.16
1413.51
1414.85
1416.16
1417.56
1418.86
1420.05
1421.27
1422.49
1423.73
1425.13
1426.57
1428.1
1429.93
1432.04
1433.99
1436.29
1439.08
1442.38
1446.07
1450.09
1453.98
1458.03
1462.18
1466.36
1470.5
1474.63
1478.32
1481.98
1485.58
1489.13
1492.76
1496.31
1499.76
1503.03
1506.39
1509.77
1513.0
1516.31
1520.05
1523.79
1527.03
1530.21
1533.28
1536.48
1539.38
1541.92
1544.44
1547.02
1549.58
1552.45
1555.4
1558.27
1560.63
1563.0
1565.35
1567.68
1570.02
1572.38
1574.84
1577.43
1580.27
1583.41
1586.9
1590.37
1593.47
1596.59
1599.75
1603.0
1606.18
1609.55
1613.07
1616.61
1620.97
1625.23
1629.65
1633.92
1638.03
1642.08
1645.99
1649.7
1653.44
1657.24
1660.91
1665.1
1669.39
