0.34
0.98
1.66
2.32
2.98
3.61
4.28
4.99
5.6
6.21
6.79
7.43
8.03
8.62
9.23
9.8
10.43
11.08
11.69
12.33
12.98
13.6
14.21
14.87
15.49
16.08
16.71
17.26
17.81
18.34
18.91
19.42
19.97
20.51
21.07
21.61
22.19
22.74
23.33
23.93
24.5
25.14
25.84
26.52
27.23
27.99
28.69
29.43
30.15
30.84
31.55
32.27
33.02
33.79
34.52
35.25
36.07
36.86
37.7
38.58
39.41
40.25
41.05
41.86
42.63
43.37
44.16
44.94
45.68
46.39
47.16
47.97
48.74
49.51
50.34
51.07
51.81
52.49
53.24
53.91
54.7
55.47
56.15
56.9
57.59
58.33
58.99
59.72
60.4
61.15
61.94
62.76
63.54
64.33
65.08
65.85
66.66
67.44
68.3
69.13
70.04
70.92
71.85
72.75
73.67
74.64
75.57
76.53
77.53
78.46
79.3
80.07
80.82
81.56
82.32
83.11
83.85
84.61
85.37
86.15
86.91
87.66
88.4
89.19
89.92
90.68
91.46
92.19
92.91
93.61
94.32
95.02
95.69
96.39
97.16
97.88
98.61
99.38
100.14
100.89
101.65
102.39
103.17
103.89
104.67
105.4
106.18
106.89
107.58
108.3
109.04
109.79
110.51
111.23
111.95
112.68
113.42
114.2
114.92
115.82
116.69
117.55
118.38
119.14
119.91
120.69
121.56
122.49
123.42
124.28
125.23
126.1
126.96
127.83
128.65
129.44
130.2
131.01
131.73
132.5
133.23
133.98
134.78
135.6
136.48
137.37
138.26
139.13
139.96
140.77
141.55
142.27
143.03
143.76
144.45
145.14
145.85
146.55
147.23
147.88
148.54
149.24
149.86
150.49
151.11
151.72
152.37
152.97
153.61
154.17
154.72
155.28
155.85
156.45
157.09
157.71
158.37
159.01
159.72
160.42
161.11
161.75
162.35
162.99
163.61
164.2
164.81
165.41
166.04
166.68
167.44
168.17
168.81
169.45
170.09
170.75
171.33
171.95
172.56
173.17
173.83
174.51
175.25
175.94
176.61
177.31
178.05
178.73
179.39
180.08
180.88
181.64
182.36
183.15
183.88
184.66
185.43
186.17
186.93
187.72
188.56
189.4
190.32
191.24
192.12
193.03
194.03
195.02
196.1
197.09
198.11
199.12
200.17
201.07
202.02
202.99
203.9
204.86
205.79
206.77
207.54
208.34
209.1
209.98
210.88
211.72
212.61
213.38
214.19
215.05
215.83
216.65
217.42
218.22
219.05
219.9
220.7
221.54
222.34
223.09
223.86
224.61
225.39
226.27
227.16
228.01
228.88
229.77
230.69
231.53
232.42
233.34
234.23
235.14
235.98
236.81
237.71
238.53
239.38
240.22
241.02
241.79
242.62
243.39
244.3
245.13
246.05
246.94
247.79
248.69
249.58
250.5
251.39
252.23
253.1
253.92
254.81
255.64
256.5
257.4
258.35
259.24
260.13
261.22
262.3
263.42
264.48
265.63
266.72
267.79
268.82
269.89
271.0
272.08
273.2
274.25
275.38
276.43
277.55
278.4
279.31
280.15
280.99
281.73
282.55
283.31
284.09
284.91
285.68
286.45
287.29
288.08
288.89
289.7
290.51
291.43
292.27
293.13
294.21
295.24
296.26
297.2
298.24
299.21
300.22
301.13
302.1
303.01
303.95
304.87
305.86
306.9
307.86
308.88
309.9
310.94
311.97
313.07
314.01
314.94
315.93
316.86
317.78
318.74
319.69
320.68
321.57
322.52
323.46
324.44
325.36
326.45
327.5
328.54
329.64
330.78
331.84
332.94
333.97
334.88
335.82
336.66
337.49
338.35
339.14
340.02
340.84
341.65
342.48
343.33
344.12
345.02
345.86
346.83
347.74
348.73
349.87
350.89
351.91
352.99
353.98
355.04
356.06
357.05
358.0
358.89
359.86
360.77
361.72
362.67
363.81
364.88
365.97
367.03
368.18
369.2
370.3
371.33
372.44
373.57
374.61
375.71
376.75
377.86
378.84
379.91
380.95
381.9
382.93
383.99
385.04
386.08
387.02
388.0
388.94
389.88
390.88
391.8
392.74
393.72
394.62
395.6
396.55
397.47
398.46
399.44
400.34
401.29
402.24
403.15
404.17
405.13
406.14
407.11
408.13
409.08
410.05
411.05
412.04
413.06
414.05
415.1
415.98
416.86
417.8
418.66
419.57
420.49
421.35
422.23
422.99
423.76
424.55
425.29
426.09
426.9
427.77
428.63
429.43
430.27
431.14
432.0
432.86
433.71
434.61
435.56
436.45
437.34
438.17
439.02
439.85
440.64
441.47
442.32
443.17
443.99
444.8
445.6
446.41
447.18
448.0
448.8
449.53
450.2
450.91
451.66
452.41
453.16
453.9
454.61
455.46
456.35
457.14
457.89
458.62
459.32
460.06
460.82
461.51
462.25
463.05
463.8
464.5
465.22
466.08
466.87
467.72
468.56
469.36
470.14
470.89
471.71
472.46
473.25
474.08
474.83
475.59
476.31
477.04
477.75
478.5
479.21
479.99
480.77
481.52
482.26
483.02
483.83
484.59
485.41
486.23
487.0
487.79
488.63
489.41
490.2
491.01
491.82
492.59
493.35
494.06
494.74
495.42
496.17
496.91
497.7
498.56
499.39
500.21
501.01
501.75
502.54
503.28
504.02
504.71
505.47
506.17
506.93
507.63
508.32
509.0
509.73
510.44
511.14
511.8
512.51
513.23
513.93
514.67
515.39
516.1
516.81
517.52
518.21
518.91
519.58
520.27
521.01
521.73
522.42
523.09
523.74
524.35
524.96
525.59
526.22
526.97
527.69
528.4
529.08
529.77
530.48
531.17
531.94
532.73
533.5
534.21
534.98
535.73
536.49
537.22
537.98
538.81
539.59
540.39
541.13
541.93
542.75
543.54
544.29
545.12
545.88
546.69
547.51
548.26
548.98
549.64
550.34
551.08
551.84
552.56
553.28
554.12
555.0
555.91
556.81
557.65
558.57
559.35
560.2
561.04
561.91
562.8
563.66
564.44
565.27
566.11
566.92
567.74
568.43
569.18
569.92
570.74
571.66
572.55
573.47
574.36
575.21
576.11
576.97
577.92
578.9
579.89
580.91
581.92
582.87
583.76
584.66
585.61
586.58
587.51
588.49
589.45
590.38
591.23
592.14
593.05
593.95
594.88
595.74
596.79
597.74
598.76
599.82
600.72
601.69
602.6
603.51
604.46
605.34
606.3
607.25
608.19
609.08
610.02
610.94
611.89
612.76
613.68
614.6
615.54
616.38
617.22
618.05
618.95
619.75
620.52
621.34
622.14
622.88
623.63
624.41
625.11
625.86
626.54
627.27
627.93
628.57
629.25
629.91
630.66
631.36
632.09
632.82
633.59
634.3
635.01
635.78
636.49
637.2
637.96
638.65
639.3
639.93
640.51
641.1
641.7
642.28
642.88
643.49
644.07
644.62
645.2
645.78
646.4
646.99
647.56
648.14
648.76
649.35
649.89
650.46
651.05
651.6
652.1
652.58
653.01
653.44
653.89
654.31
654.71
655.13
655.57
655.97
656.37
656.79
657.21
657.6
658.01
658.42
658.84
659.25
659.67
660.09
660.5
660.91
661.34
661.78
662.22
662.63
663.05
663.47
663.89
664.34
664.76
665.19
665.64
666.1
666.56
667.04
667.49
667.95
668.41
668.88
669.38
669.87
670.39
670.91
671.41
671.98
672.56
673.18
673.82
674.51
675.17
675.93
676.73
677.51
678.26
679.03
679.85
680.72
681.68
682.58
683.52
684.45
685.32
686.26
687.16
688.12
688.98
689.85
690.85
691.78
692.73
693.65
694.73
695.77
696.8
697.91
698.95
699.96
701.01
701.98
702.88
703.79
704.77
705.67
706.67
707.79
708.84
709.76
710.64
711.6
712.47
713.4
714.34
715.23
716.2
717.06
717.91
718.61
719.32
720.01
720.82
721.6
722.36
723.12
723.92
724.78
725.57
726.32
727.13
727.9
728.64
729.49
730.34
731.25
732.12
732.92
733.71
734.47
735.26
736.09
736.84
737.61
738.41
739.25
740.02
740.87
741.7
742.5
743.36
744.18
745.0
745.88
746.73
747.52
748.38
749.29
750.1
751.0
751.85
752.68
753.73
754.71
755.72
756.56
757.47
758.29
759.08
759.91
760.77
761.54
762.4
763.18
764.09
764.96
765.84
766.73
767.64
768.64
769.58
770.59
771.61
772.53
773.51
774.43
775.39
776.41
777.38
778.43
779.37
780.36
781.32
782.35
783.27
784.25
785.2
786.2
787.15
788.1
789.06
789.98
790.97
791.94
792.97
793.97
794.96
795.91
796.86
797.77
798.66
799.53
800.39
801.3
802.18
803.07
803.85
804.71
805.51
806.35
807.15
807.89
808.57
809.31
810.1
810.85
811.57
812.33
813.06
813.86
814.58
815.34
816.04
816.79
817.53
818.26
819.15
819.99
820.76
821.6
822.4
823.17
824.02
824.95
825.87
826.86
827.86
828.9
829.85
830.77
831.72
832.59
833.45
834.45
835.39
836.38
837.36
838.32
839.28
840.23
841.22
842.13
843.11
843.97
844.87
845.74
846.68
847.64
848.63
849.53
850.46
851.29
852.15
852.97
853.94
854.87
855.9
856.88
857.9
858.92
859.94
860.95
861.99
863.07
864.11
865.14
866.2
867.23
868.34
869.43
870.49
871.5
872.62
873.71
874.69
875.67
876.66
877.61
878.67
879.76
880.8
881.86
882.82
883.83
884.89
885.97
886.98
887.99
888.98
890.01
890.87
891.77
892.5
893.28
894.05
894.82
895.66
896.46
897.26
898.06
898.85
899.65
900.4
901.18
902.0
902.74
903.51
904.41
905.23
906.14
906.96
907.86
908.74
909.62
910.53
911.61
912.67
913.67
914.69
915.7
916.81
917.94
918.95
919.91
921.0
922.01
923.03
924.02
924.9
925.84
926.74
927.42
928.08
928.77
929.5
930.14
930.86
931.5
932.21
932.83
933.45
934.08
934.71
935.33
936.0
936.64
937.25
937.9
938.61
939.24
939.94
940.59
941.25
941.86
942.52
943.14
943.79
944.45
945.13
945.88
946.57
947.26
948.02
948.72
949.43
950.18
950.9
951.6
952.33
953.0
953.57
954.18
954.79
955.38
956.01
956.63
957.34
957.98
958.65
959.32
960.06
960.72
961.44
962.22
963.03
963.83
964.66
965.49
966.36
967.17
968.01
968.78
969.66
970.6
971.48
972.4
973.26
974.31
975.37
976.34
977.46
978.54
979.67
980.75
981.73
982.81
983.73
984.67
985.64
986.62
987.69
988.76
989.65
990.6
991.54
992.42
993.19
993.95
994.66
995.41
996.16
996.92
997.62
998.43
999.22
1000.01
1000.87
1001.65
1002.44
1003.3
1004.17
1004.96
1005.86
1006.74
1007.63
1008.44
1009.31
1010.14
1010.99
1011.78
1012.63
1013.4
1014.22
1015.11
1015.91
1016.78
1017.77
1018.71
1019.64
1020.52
1021.47
1022.48
1023.41
1024.4
1025.32
1026.32
1027.28
1028.22
1029.15
1030.12
1031.12
1032.03
1033.16
1034.18
1035.29
1036.38
1037.44
1038.53
1039.68
1040.76
1041.69
1042.55
1043.5
1044.4
1045.27
1046.09
1046.98
1047.82
1048.7
1049.57
1050.41
1051.25
1052.08
1052.99
1053.84
1054.72
1055.66
1056.53
1057.4
1058.24
1059.05
1059.89
1060.76
1061.58
1062.36
1063.2
1063.97
1064.75
1065.52
1066.31
1067.18
1068.01
1068.77
1069.53
1070.31
1071.11
1071.89
1072.62
1073.35
1074.06
1074.77
1075.49
1076.18
1076.92
1077.6
1078.31
1078.99
1079.71
1080.42
1081.16
1081.83
1082.56
1083.26
1084.01
1084.76
1085.5
1086.23
1086.96
1087.69
1088.42
1089.14
1089.87
1090.62
1091.36
1092.06
1092.79
1093.47
1094.19
1094.89
1095.59
1096.3
1097.03
1097.75
1098.5
1099.24
1099.99
1100.71
1101.46
1102.17
1102.89
1103.58
1104.26
1104.94
1105.66
1106.36
1107.02
1107.72
1108.4
1109.1
1109.79
1110.46
1111.16
1111.82
1112.53
1113.22
1113.93
1114.61
1115.34
1116.02
1116.74
1117.42
1118.13
1118.81
1119.54
1120.21
1120.92
1121.68
1122.42
1123.15
1123.86
1124.62
1125.35
1126.06
1126.79
1127.53
1128.24
1128.97
1129.7
1130.43
1131.15
1131.91
1132.68
1133.42
1134.15
1134.89
1135.6
1136.3
1137.02
1137.81
1138.59
1139.33
1140.04
1140.77
1141.5
1142.24
1142.95
1143.68
1144.44
1145.17
1145.95
1146.69
1147.43
1148.13
1148.83
1149.52
1150.18
1150.87
1151.56
1152.26
1152.92
1153.64
1154.29
1155.01
1155.81
1156.62
1157.44
1158.18
1158.82
1159.47
1160.12
1160.81
1161.64
1162.46
1163.18
1163.92
1164.64
1165.35
1166.0
1166.64
1167.32
1167.98
1168.67
1169.39
1170.06
1170.82
1171.57
1172.32
1173.07
1173.86
1174.6
1175.34
1176.09
1176.89
1177.62
1178.37
1179.11
1179.89
1180.63
1181.38
1182.14
1182.86
1183.56
1184.27
1184.94
1185.62
1186.31
1186.99
1187.68
1188.41
1189.12
1189.88
1190.64
1191.38
1192.14
1192.87
1193.65
1194.36
1195.14
1195.87
1196.64
1197.36
1198.12
1198.96
1199.72
1200.56
1201.28
1202.0
1202.77
1203.45
1204.15
1204.79
1205.49
1206.16
1206.89
1207.56
1208.23
1208.89
1209.61
1210.29
1210.93
1211.64
1212.33
1212.99
1213.66
1214.35
1215.12
1215.86
1216.59
1217.38
1218.13
1218.9
1219.64
1220.39
1221.17
1221.94
1222.68
1223.42
1224.18
1224.83
1225.52
1226.16
1226.83
1227.55
1228.29
1229.05
1229.76
1230.51
1231.21
1231.94
1232.7
1233.39
1234.19
1234.97
1235.76
1236.5
1237.21
1237.93
1238.69
1239.41
1240.11
1240.77
1241.46
1242.01
1242.55
1243.06
1243.61
1244.14
1244.65
1245.14
1245.62
1246.09
1246.54
1247.0
1247.46
1247.93
1248.42
1248.9
1249.36
1249.86
1250.32
1250.91
1251.47
1252.05
1252.63
1253.24
1253.82
1254.46
1255.07
1255.72
1256.41
1257.11
1257.81
1258.56
1259.26
1260.01
1260.73
1261.43
1262.22
1262.95
1263.68
1264.58
1265.44
1266.32
1267.2
1268.03
1269.04
1270.13
1271.14
1272.19
1273.28
1274.18
1275.14
1276.07
1277.04
1278.04
1278.96
1279.9
1280.89
1281.82
1282.74
1283.73
1284.57
1285.48
1286.38
1287.23
1288.09
1289.03
1289.9
1290.79
1291.72
1292.52
1293.33
1294.16
1294.96
1295.88
1296.74
1297.6
1298.48
1299.45
1300.45
1301.44
1302.41
1303.37
1304.26
1305.22
1306.16
1307.04
1308.02
1308.81
1309.58
1310.41
1311.21
1312.07
1312.92
1313.78
1314.65
1315.6
1316.5
1317.36
1318.25
1319.21
1320.13
1321.08
1322.07
1323.0
1323.97
1325.01
1325.91
1326.85
1327.82
1328.72
1329.7
1330.61
1331.48
1332.4
1333.28
1334.23
1335.12
1336.06
1336.99
1337.89
1338.66
1339.48
1340.23
1341.04
1341.79
1342.55
1343.37
1344.13
1344.98
1345.78
1346.64
1347.47
1348.34
1349.16
1350.0
1350.78
1351.63
1352.46
1353.3
1354.28
1355.33
1356.4
1357.41
1358.45
1359.55
1360.66
1361.69
1362.81
1363.87
1364.87
1365.92
1366.89
1367.94
1368.95
1369.96
1370.91
1371.83
1372.71
1373.65
1374.51
1375.49
1376.49
1377.52
1378.56
1379.68
1380.8
1381.82
1382.88
1383.91
1384.95
1386.04
1386.97
1387.95
1388.97
1389.86
1390.8
1391.66
1392.58
1393.52
1394.46
1395.34
1396.29
1397.15
1397.99
1398.8
1399.6
1400.36
1401.14
1401.87
1402.63
1403.36
1404.13
1404.86
1405.61
1406.37
1407.15
1407.97
1408.72
1409.42
1410.11
1410.81
1411.49
1412.17
1412.86
1413.52
1414.21
1414.86
1415.51
1416.16
1416.88
1417.57
1418.22
1418.86
1419.47
1420.06
1420.65
1421.28
1421.92
1422.5
1423.08
1423.63
1424.2
1424.81
1425.37
1425.94
1426.56
1427.14
1427.69
1428.27
1428.8
1429.37
1429.94
1430.49
1431.02
1431.53
1432.05
1432.56
1433.04
1433.52
1433.99
1434.5
1435.0
1435.57
1436.3
1437.02
1437.73
1438.41
1439.12
1439.9
1440.63
1441.36
1442.06
1442.73
1443.36
1444.07
1444.75
1445.42
1446.08
1446.74
1447.42
1448.05
1448.66
1449.28
1449.93
1450.59
1451.22
1451.84
1452.51
1453.11
1453.75
1454.35
1454.99
1455.58
1456.23
1456.87
1457.47
1458.13
1458.76
1459.39
1460.01
1460.66
1461.42
1462.18
1462.93
1463.62
1464.31
1465.04
1465.71
1466.37
1467.13
1467.83
1468.57
1469.3
1470.03
1470.71
1471.44
1472.22
1472.95
1473.78
1474.64
1475.56
1476.51
1477.42
1478.33
1479.24
1480.14
1481.11
1481.99
1482.87
1483.77
1484.71
1485.59
1486.51
1487.39
1488.29
1489.13
1490.01
1490.94
1491.77
1492.76
1493.72
1494.64
1495.62
1496.59
1497.49
1498.48
1499.34
1500.27
1501.13
1502.01
1503.04
1504.09
1505.12
1506.21
1507.1
1508.04
1509.0
1509.94
1510.96
1511.89
1513.01
1514.01
1514.98
1515.91
1516.82
1517.75
1518.54
1519.3
1520.11
1521.01
1521.87
1522.66
1523.43
1524.23
1525.12
1525.9
1526.67
1527.5
1528.27
1529.05
1529.97
1530.8
1531.71
1532.48
1533.29
1534.07
1534.87
1535.69
1536.49
1537.22
1537.99
1538.66
1539.37
1540.08
1540.68
1541.32
1541.93
1542.56
1543.21
1543.84
1544.44
1545.07
1545.7
1546.35
1547.03
1547.66
1548.32
1548.96
1549.59
1550.24
1551.01
1551.73
1552.46
1553.2
1553.81
1554.45
1555.11
1555.73
1556.4
1557.04
1557.68
1558.26
1558.86
1559.46
1560.06
1560.64
1561.26
1561.82
1562.43
1563.01
1563.61
1564.19
1564.78
1565.36
1565.93
1566.53
1567.13
1567.7
1568.31
1568.88
1569.46
1570.04
1570.64
1571.24
1571.82
1572.4
1573.01
1573.62
1574.23
1574.85
1575.5
1576.11
1576.76
1577.44
1578.09
1578.75
1579.47
1580.27
1581.02
1581.8
1582.63
1583.42
1584.25
1585.15
1586.01
1586.9
1587.79
1588.66
1589.48
1590.38
1591.22
1592.14
1593.01
1593.83
1594.72
1595.61
1596.42
1597.28
1598.16
1598.98
1599.78
1600.63
1601.41
1602.2
1603.0
1603.82
1604.6
1605.4
1606.18
1606.94
1607.74
1608.68
1609.56
1610.42
1611.36
1612.23
1613.08
1613.9
1614.76
1615.67
1616.63
1617.49
1618.42
1619.36
1620.24
1621.22
1622.1
1623.1
1624.14
1625.25
1626.35
1627.46
1628.54
1629.65
1630.7
1631.77
1632.91
1633.93
1634.93
1636.0
1636.99
1638.05
1639.12
1640.14
1641.09
1642.1
1643.07
1644.08
1644.99
1645.99
1646.96
1647.89
1648.84
1649.71
1650.64
1651.58
1652.49
1653.45
1654.44
1655.4
1656.36
1657.26
1658.22
1659.14
1660.06
1660.93
1661.85
1662.79
1663.74
1664.66
1665.56
1666.5
1667.42
1668.29
1669.24
1670.17
1671.12
