0.4
0.98
1.53
2.1
2.71
3.28
3.84
4.42
5.0
5.61
6.19
6.75
7.3
7.87
8.44
9.04
9.64
10.22
10.83
11.39
12.01
12.6
13.17
13.74
14.29
14.86
15.42
16.04
16.7
17.35
17.98
18.63
19.24
19.88
20.54
21.19
21.79
22.36
22.92
23.5
24.08
24.66
25.25
25.83
26.41
27.01
27.59
28.11
28.67
29.24
29.76
30.31
30.89
31.46
32.08
32.72
33.31
33.99
34.66
35.42
36.3
37.23
38.08
38.96
39.77
40.64
41.46
42.33
43.15
44.05
44.85
45.69
46.45
47.16
47.94
48.79
49.68
50.51
51.4
52.17
52.95
53.68
54.47
55.28
55.95
56.7
57.34
58.06
58.7
59.43
60.26
61.09
61.86
62.66
63.57
64.38
65.27
66.14
67.04
67.91
68.76
69.62
70.49
71.39
72.3
73.16
74.09
74.89
75.7
76.47
77.18
77.92
78.63
79.32
80.06
80.84
81.57
82.27
82.98
83.73
84.44
85.12
85.83
86.58
87.29
87.97
88.67
89.27
89.88
90.51
91.13
91.73
92.31
92.93
93.65
94.48
95.29
96.02
96.76
97.49
98.22
98.89
99.61
100.29
101.0
101.67
102.38
103.07
103.79
104.53
105.22
105.88
106.52
107.32
108.12
108.89
109.67
110.58
111.44
112.24
113.08
113.81
114.59
115.28
116.01
116.74
117.47
118.18
118.96
119.84
120.78
121.59
122.41
123.26
124.11
124.9
125.73
126.63
127.53
128.39
129.4
130.3
131.15
132.03
132.88
133.63
134.3
135.0
135.73
136.42
137.08
137.72
138.36
138.99
139.6
140.2
140.87
141.52
142.13
142.73
143.31
143.91
144.55
145.19
145.83
146.4
146.98
147.61
148.18
148.79
149.39
150.03
150.62
151.3
151.97
152.64
153.27
153.85
154.41
154.97
155.54
156.15
156.72
157.34
157.95
158.6
159.28
159.93
160.56
161.19
161.85
162.49
163.19
163.89
164.53
165.23
165.9
166.61
167.28
167.93
168.62
169.35
170.03
170.68
171.36
172.08
172.8
173.54
174.23
174.91
175.55
176.22
176.94
177.65
178.38
179.09
179.79
180.43
181.09
181.71
182.4
183.04
183.66
184.26
184.89
185.52
186.11
186.76
187.31
187.87
188.47
189.05
189.61
190.19
190.76
191.37
191.99
192.61
193.25
193.83
194.46
195.05
195.68
196.19
196.7
197.22
197.75
198.28
198.83
199.39
199.94
200.5
201.09
201.65
202.18
202.76
203.33
203.85
204.32
204.77
205.25
205.73
206.22
206.7
207.16
207.64
208.13
208.62
209.1
209.59
210.1
210.64
211.23
211.8
212.36
212.92
213.52
214.06
214.64
215.21
215.76
216.32
216.88
217.46
218.0
218.55
219.17
219.83
220.52
221.21
221.84
222.56
223.26
224.0
224.72
225.42
226.15
226.95
227.71
228.43
229.23
229.95
230.75
231.53
232.35
233.15
233.91
234.77
235.56
236.39
237.17
238.01
238.79
239.59
240.37
241.19
241.94
242.73
243.56
244.31
245.22
246.08
246.91
247.69
248.46
249.23
250.01
250.85
251.61
252.43
253.22
254.09
254.99
255.91
256.78
257.68
258.7
259.7
260.66
261.64
262.66
263.73
264.79
265.9
267.03
268.0
268.99
270.0
271.04
271.99
272.86
273.75
274.68
275.54
276.49
277.36
278.14
278.97
279.77
280.53
281.29
282.0
282.77
283.53
284.32
285.11
285.84
286.57
287.36
288.1
288.84
289.64
290.4
291.22
292.0
292.77
293.61
294.5
295.39
296.28
297.15
297.98
298.84
299.75
300.61
301.41
302.29
303.27
304.25
305.28
306.32
307.34
308.28
309.21
310.16
311.15
312.04
313.02
313.94
314.87
315.93
316.93
317.97
319.05
319.97
320.91
321.78
322.73
323.63
324.68
325.62
326.65
327.58
328.46
329.42
330.3
331.16
332.07
332.96
333.9
334.74
335.65
336.48
337.3
338.16
338.99
339.97
340.9
341.96
342.97
343.98
344.99
346.01
347.03
348.05
349.12
350.18
351.17
352.19
353.31
354.32
355.39
356.33
357.25
358.15
359.06
360.12
361.17
362.13
363.14
364.16
365.13
366.12
367.14
368.21
369.25
370.23
371.16
372.13
373.12
374.06
374.91
375.83
376.71
377.6
378.47
379.44
380.34
381.23
382.17
383.11
383.98
384.87
385.81
386.67
387.57
388.48
389.41
390.38
391.44
392.5
393.55
394.55
395.49
396.4
397.32
398.31
399.27
400.29
401.17
402.12
403.01
403.89
404.81
405.68
406.56
407.52
408.55
409.49
410.45
411.47
412.48
413.47
414.38
415.36
416.41
417.37
418.39
419.4
420.44
421.42
422.43
423.51
424.55
425.64
426.67
427.67
428.62
429.57
430.52
431.51
432.48
433.41
434.33
435.26
436.23
437.19
438.08
438.88
439.67
440.45
441.23
442.05
442.84
443.56
444.34
445.1
445.84
446.56
447.27
447.99
448.75
449.36
450.01
450.64
451.27
451.89
452.65
453.38
454.08
454.85
455.62
456.39
457.08
457.76
458.41
459.07
459.72
460.42
461.18
461.91
462.66
463.41
464.14
464.87
465.62
466.31
467.07
467.69
468.3
468.97
469.58
470.22
470.89
471.51
472.17
472.79
473.41
474.07
474.8
475.45
476.18
476.85
477.52
478.15
478.81
479.47
480.07
480.66
481.25
481.88
482.45
483.07
483.65
484.25
484.82
485.42
486.0
486.62
487.21
487.85
488.47
489.14
489.84
490.49
491.17
491.81
492.52
493.18
493.88
494.6
495.28
495.99
496.8
497.55
498.37
499.04
499.75
500.47
501.14
501.81
502.53
503.22
503.89
504.6
505.28
506.02
506.68
507.38
508.08
508.8
509.5
510.17
510.87
511.59
512.27
512.93
513.6
514.27
514.93
515.61
516.25
516.91
517.53
518.16
518.76
519.4
520.07
520.74
521.47
522.16
522.8
523.46
524.14
524.78
525.4
526.02
526.66
527.26
527.87
528.47
529.07
529.7
530.29
530.87
531.41
531.94
532.47
533.0
533.54
534.05
534.59
535.08
535.56
536.06
536.59
537.06
537.58
538.16
538.68
539.25
539.78
540.34
540.95
541.55
542.11
542.71
543.34
543.99
544.6
545.25
545.85
546.5
547.18
547.81
548.49
549.14
549.78
550.48
551.12
551.84
552.54
553.21
553.88
554.62
555.36
556.13
556.88
557.61
558.34
559.11
559.89
560.63
561.39
562.15
562.88
563.59
564.31
565.03
565.71
566.41
567.14
567.86
568.54
569.3
570.04
570.82
571.65
572.41
573.25
574.02
574.93
575.75
576.69
577.63
578.64
579.52
580.49
581.38
582.32
583.25
584.1
584.87
585.67
586.49
587.26
588.08
588.93
589.87
590.78
591.73
592.6
593.56
594.48
595.39
596.34
597.3
598.21
599.08
599.92
600.83
601.74
602.7
603.59
604.47
605.38
606.3
607.19
608.27
609.38
610.31
611.25
612.24
613.21
614.04
614.95
615.87
616.85
617.78
618.7
619.66
620.62
621.64
622.67
623.71
624.74
625.85
626.92
628.04
629.13
630.14
631.17
632.14
633.15
634.19
635.28
636.23
637.13
638.09
639.0
639.97
640.85
641.82
642.67
643.58
644.46
645.3
646.24
647.13
647.98
648.86
649.81
650.66
651.44
652.29
653.06
653.81
654.63
655.45
656.35
657.2
658.06
658.96
659.86
660.8
661.73
662.83
663.8
664.87
665.89
666.96
668.02
669.04
670.11
671.04
672.02
672.99
673.81
674.69
675.56
676.4
677.31
678.11
678.96
679.86
680.68
681.49
682.32
683.16
683.96
684.8
685.78
686.72
687.63
688.55
689.49
690.48
691.42
692.3
693.09
693.87
694.57
695.33
696.04
696.66
697.32
698.01
698.66
699.3
700.01
700.76
701.58
702.47
703.32
704.3
705.29
706.21
707.21
708.14
709.15
710.06
711.07
711.96
712.92
713.95
714.96
715.99
717.05
718.17
719.21
720.31
721.26
722.29
723.28
724.33
725.32
726.17
726.99
727.81
728.58
729.42
730.22
731.0
731.79
732.66
733.47
734.3
735.2
736.02
736.92
737.75
738.65
739.49
740.51
741.47
742.51
743.46
744.51
745.46
746.46
747.4
748.36
749.32
750.29
751.33
752.28
753.31
754.27
755.2
756.12
757.07
758.01
759.0
759.93
760.79
761.83
762.84
763.94
764.92
765.98
766.99
768.13
769.19
770.24
771.36
772.43
773.53
774.66
775.74
776.83
777.85
778.93
780.01
781.08
782.18
783.25
784.27
785.35
786.39
787.45
788.33
789.27
790.24
791.14
792.08
793.02
793.93
794.9
795.94
796.96
797.97
799.02
799.94
800.9
801.89
802.7
803.48
804.31
805.02
805.8
806.51
807.24
807.93
808.6
809.31
810.0
810.74
811.41
812.12
812.8
813.54
814.18
814.84
815.5
816.14
816.84
817.6
818.4
819.18
819.98
820.72
821.53
822.36
823.25
824.11
824.98
825.83
826.75
827.58
828.4
829.23
830.08
830.96
831.75
832.56
833.38
834.15
835.05
835.88
836.7
837.58
838.41
839.26
840.18
841.23
842.25
843.22
844.2
845.2
846.26
847.2
848.24
849.2
850.23
851.23
852.25
853.18
854.13
855.12
855.99
856.91
857.81
858.77
859.7
860.62
861.61
862.64
863.53
864.47
865.35
866.32
867.26
868.22
869.11
870.06
870.92
871.75
872.65
873.52
874.46
875.34
876.28
877.32
878.41
879.44
880.45
881.45
882.46
883.5
884.47
885.5
886.5
887.47
888.52
889.4
890.38
891.21
892.12
892.97
893.9
894.82
895.87
896.9
897.88
898.95
899.91
900.81
901.75
902.78
903.75
904.72
905.83
906.84
907.93
909.01
910.01
911.09
912.19
913.33
914.42
915.5
916.55
917.67
918.56
919.52
920.42
921.47
922.5
923.42
924.41
925.36
926.25
927.19
928.18
929.1
930.02
930.91
931.72
932.57
933.34
934.16
935.09
936.04
936.95
937.92
938.84
939.71
940.55
941.39
942.3
943.2
944.13
945.08
945.93
946.8
947.69
948.6
949.61
950.48
951.4
952.23
953.12
954.13
955.04
956.04
956.93
957.9
958.8
959.71
960.61
961.69
962.72
963.83
964.85
965.87
966.83
967.77
968.77
969.69
970.69
971.64
972.55
973.48
974.42
975.42
976.36
977.26
978.16
979.07
980.06
980.98
981.93
982.82
983.83
984.85
985.78
986.74
987.69
988.73
989.7
990.76
991.62
992.55
993.42
994.35
995.18
996.07
996.9
997.77
998.74
999.65
1000.57
1001.5
1002.37
1003.3
1004.22
1005.2
1006.18
1007.08
1008.05
1008.84
1009.61
1010.4
1011.32
1012.29
1013.17
1014.12
1015.08
1015.96
1016.89
1017.87
1018.76
1019.65
1020.68
1021.7
1022.77
1023.77
1024.75
1025.58
1026.39
1027.15
1027.96
1028.72
1029.44
1030.21
1030.92
1031.65
1032.43
1033.23
1033.92
1034.65
1035.38
1036.12
1036.88
1037.6
1038.29
1039.04
1039.66
1040.27
1040.9
1041.55
1042.18
1042.82
1043.42
1044.05
1044.69
1045.34
1045.95
1046.71
1047.43
1048.13
1048.85
1049.63
1050.44
1051.23
1052.06
1052.83
1053.64
1054.46
1055.27
1056.08
1056.88
1057.71
1058.49
1059.33
1060.09
1060.68
1061.28
1061.86
1062.43
1062.99
1063.57
1064.15
1064.73
1065.34
1065.93
1066.59
1067.31
1067.98
1068.69
1069.41
1070.07
1070.8
1071.49
1072.26
1072.97
1073.72
1074.45
1075.14
1075.88
1076.67
1077.46
1078.22
1079.03
1079.78
1080.54
1081.27
1082.03
1082.85
1083.6
1084.41
1085.17
1085.96
1086.75
1087.5
1088.2
1088.94
1089.63
1090.42
1091.15
1091.92
1092.55
1093.16
1093.73
1094.28
1094.62
1094.98
1095.34
1095.69
1096.05
1096.41
1096.75
1097.11
1097.46
1097.81
1098.17
1098.53
1098.9
1099.27
1099.63
1099.99
1100.34
1100.69
1101.02
1101.38
1101.73
1102.06
1102.39
1102.74
1103.1
1103.45
1103.8
1104.15
1104.51
1104.85
1105.17
1105.51
1105.85
1106.2
1106.54
1106.91
1107.29
1107.65
1108.04
1108.41
1108.77
1109.13
1109.49
1109.85
1110.22
1110.56
1110.92
1111.28
1111.64
1112.0
1112.37
1112.73
1113.11
1113.46
1113.83
1114.2
1114.57
1114.93
1115.27
1115.64
1116.0
1116.35
1116.69
1117.05
1117.41
1117.78
1118.16
1118.54
1118.91
1119.26
1119.62
1119.99
1120.35
1120.71
1121.06
1121.44
1121.8
1122.16
1122.54
1122.91
1123.28
1123.62
1123.98
1124.33
1124.68
1125.02
1125.37
1125.75
1126.11
1126.47
1126.82
1127.17
1127.52
1127.86
1128.24
1128.58
1128.94
1129.28
1129.63
1130.0
1130.34
1130.69
1131.03
1131.39
1131.72
1132.05
1132.4
1132.75
1133.11
1133.46
1133.8
1134.14
1134.48
1134.82
1135.14
1135.49
1135.83
1136.16
1136.5
1136.85
1137.19
1137.52
1137.86
1138.22
1138.57
1138.9
1139.24
1139.58
1139.93
1140.27
1140.6
1140.94
1141.28
1141.63
1141.99
1142.35
1142.7
1143.03
1143.34
1143.68
1144.02
1144.37
1144.71
1145.08
1145.43
1145.77
1146.12
1146.46
1146.81
1147.16
1147.52
1147.87
1148.21
1148.57
1148.91
1149.23
1149.56
1149.9
1150.25
1150.58
1150.91
1151.27
1151.63
1151.97
1152.31
1152.66
1153.0
1153.35
1153.7
1154.03
1154.34
1154.67
1155.0
1155.33
1155.67
1156.01
1156.34
1156.67
1156.99
1157.32
1157.65
1157.97
1158.29
1158.6
1158.94
1159.29
1159.63
1159.99
1160.37
1160.72
1161.08
1161.41
1161.75
1162.09
1162.42
1162.78
1163.12
1163.46
1163.78
1164.12
1164.46
1164.81
1165.15
1165.52
1165.84
1166.18
1166.54
1166.86
1167.21
1167.56
1167.88
1168.24
1168.58
1168.91
1169.24
1169.55
1169.9
1170.22
1170.54
1170.88
1171.22
1171.54
1171.85
1172.17
1172.5
1172.81
1173.14
1173.5
1173.82
1174.18
1174.52
1174.86
1175.19
1175.53
1175.87
1176.27
1176.64
1177.05
1177.49
1177.94
1178.38
1178.87
1179.44
1179.99
1180.61
1181.22
1181.83
1182.47
1183.1
1183.76
1184.38
1185.03
1185.65
1186.38
1187.09
1187.79
1188.45
1189.15
1189.88
1190.56
1191.28
1191.95
1192.68
1193.46
1194.18
1194.85
1195.56
1196.31
1196.99
1197.65
1198.34
1199.08
1199.81
1200.46
1201.14
1201.74
1202.37
1202.97
1203.56
1204.17
1204.74
1205.36
1206.08
1206.87
1207.62
1208.32
1209.09
1209.78
1210.51
1211.19
1211.92
1212.59
1213.28
1213.97
1214.68
1215.36
1216.09
1216.82
1217.51
1218.2
1218.91
1219.65
1220.35
1221.03
1221.63
1222.2
1222.81
1223.39
1224.08
1224.72
1225.35
1226.02
1226.78
1227.53
1228.3
1229.1
1229.88
1230.7
1231.66
1232.54
1233.49
1234.52
1235.5
1236.55
1237.59
1238.58
1239.57
1240.65
1241.63
1242.62
1243.57
1244.56
1245.47
1246.44
1247.47
1248.5
1249.56
1250.61
1251.62
1252.57
1253.59
1254.52
1255.52
1256.56
1257.56
1258.6
1259.7
1260.73
1261.71
1262.67
1263.63
1264.6
1265.67
1266.73
1267.87
1268.89
1269.89
1270.88
1271.85
1272.87
1273.78
1274.75
1275.72
1276.71
1277.62
1278.58
1279.54
1280.37
1281.21
1282.07
1282.97
1283.77
1284.64
1285.46
1286.24
1287.09
1287.84
1288.66
1289.42
1290.24
1290.99
1291.79
1292.54
1293.28
1294.0
1294.81
1295.6
1296.44
1297.15
1297.88
1298.51
1299.12
1299.76
1300.47
1301.18
1301.89
1302.57
1303.27
1304.06
1305.03
1306.03
1307.02
1307.9
1308.82
1309.69
1310.5
1311.38
1312.22
1313.1
1313.98
1314.92
1315.8
1316.74
1317.67
1318.62
1319.53
1320.43
1321.38
1322.5
1323.55
1324.64
1325.73
1326.82
1327.91
1329.01
1330.13
1331.23
1332.3
1333.42
1334.51
1335.57
1336.66
1337.74
1338.87
1339.9
1341.04
1342.1
1343.15
1344.21
1345.21
1346.27
1347.3
1348.23
1349.16
1350.05
1350.94
1351.85
1352.77
1353.74
1354.62
1355.58
1356.59
1357.55
1358.46
1359.45
1360.43
1361.36
1362.39
1363.31
1364.28
1365.29
1366.27
1367.24
1368.22
1369.17
1370.19
1371.12
1372.13
1373.12
1374.04
1375.12
1376.21
1377.3
1378.35
1379.43
1380.5
1381.51
1382.43
1383.29
1384.22
1385.28
1386.29
1387.38
1388.39
1389.43
1390.49
1391.53
1392.46
1393.28
1394.16
1394.99
1395.86
1396.74
1397.67
1398.62
1399.52
1400.35
1401.18
1402.05
1402.94
1403.79
1404.7
1405.55
1406.3
1407.07
1407.82
1408.52
1409.22
1409.96
1410.73
1411.5
1412.26
1413.04
1413.78
1414.59
1415.35
1416.14
1416.87
1417.62
1418.35
1419.09
1419.81
1420.53
1421.25
1421.99
1422.71
1423.43
1424.2
1424.91
1425.53
1426.14
1426.71
1427.32
1427.92
1428.52
1429.11
1429.74
1430.3
1430.89
1431.42
1431.98
1432.59
1433.2
1433.88
1434.58
1435.2
1435.83
1436.49
1437.13
1437.71
1438.31
1438.94
1439.54
1440.11
1440.7
1441.28
1441.95
1442.58
1443.17
1443.71
1444.24
1444.76
1445.28
1445.81
1446.29
1446.8
1447.3
1447.77
1448.26
1448.74
1449.21
1449.71
1450.18
1450.67
1451.13
1451.62
1452.09
1452.59
1453.05
1453.53
1454.03
1454.49
1454.97
1455.49
1455.99
1456.49
1457.0
1457.51
1458.0
1458.56
1459.08
1459.64
1460.23
1460.79
1461.34
1461.94
1462.52
1463.11
1463.65
1464.21
1464.74
1465.24
1465.79
1466.27
1466.8
1467.29
1467.82
1468.36
1468.94
1469.56
1470.15
1470.74
1471.33
1471.96
1472.56
1473.14
1473.71
1474.33
1474.9
1475.48
1476.07
1476.73
1477.39
1478.03
1478.69
1479.33
1479.99
1480.6
1481.25
1481.94
1482.55
1483.21
1483.86
1484.56
1485.22
1485.88
1486.51
1487.17
1487.88
1488.55
1489.24
1489.91
1490.59
1491.34
1492.02
1492.78
1493.54
1494.28
1495.04
1495.81
1496.58
1497.29
1498.08
1498.8
1499.59
1500.33
1501.17
1502.02
1502.88
1503.68
1504.47
1505.19
1505.99
1506.74
1507.45
1508.23
1508.95
1509.74
1510.44
1511.19
1511.95
1512.65
1513.37
1514.12
1514.81
1515.54
1516.3
1517.05
1517.78
1518.56
1519.19
1519.85
1520.5
1521.2
1521.82
1522.49
1523.19
1523.95
1524.68
1525.41
1526.11
1526.82
1527.52
1528.26
1528.93
1529.66
1530.28
1530.89
1531.53
1532.18
1532.8
1533.35
1533.94
1534.47
1535.06
1535.59
1536.16
1536.71
1537.3
1537.89
1538.48
1539.15
1539.76
1540.41
1541.08
1541.77
1542.41
1543.17
1544.13
1545.09
1545.99
1546.97
1547.93
1548.94
1549.87
1550.71
1551.52
1552.32
1553.11
1553.95
1554.75
1555.58
1556.34
1557.18
1557.94
1558.89
1559.79
1560.64
1561.59
1562.47
1563.36
1564.27
1565.17
1566.12
1567.06
1567.95
1568.85
1569.8
1570.72
1571.59
1572.47
1573.4
1574.33
1575.26
1576.15
1577.13
1578.07
1579.06
1579.98
1580.79
1581.59
1582.49
1583.39
1584.3
1585.19
1586.04
1586.94
1587.84
1588.69
1589.54
1590.39
1591.27
1592.09
1592.91
1593.67
1594.47
1595.31
1596.07
1596.9
1597.74
1598.61
1599.46
1600.26
1601.05
1601.82
1602.67
1603.48
1604.32
1605.18
1606.17
1607.14
1608.1
1609.03
1609.91
1610.95
1611.94
1612.97
1613.92
1614.94
1615.84
1616.68
1617.53
1618.36
1619.14
1619.93
1620.74
1621.57
1622.33
1623.2
1624.04
1624.96
1625.89
1626.81
1627.67
1628.73
1629.7
1630.73
1631.7
1632.57
1633.48
1634.39
1635.31
1636.07
1636.89
1637.71
1638.5
1639.27
1639.98
1640.75
1641.48
1642.15
1642.79
1643.49
1644.13
1644.77
1645.43
1646.12
1646.83
1647.5
1648.24
1648.96
1649.68
1650.38
1651.12
1651.81
1652.52
1653.27
1653.95
1654.58
1655.26
1656.03
1656.77
1657.47
1658.37
1659.34
1660.33
1661.37
1662.33
1663.36
1664.35
1665.31
1666.29
1667.26
1668.24
1669.17
1670.21
1671.15
1672.18
1673.24
1674.26
1675.26
1676.19
1677.14
1678.09
1679.05
1680.04
1680.99
1681.89
1682.79
1683.72
1684.62
1685.57
1686.53
1687.43
1688.46
1689.39
1690.41
1691.42
1692.34
1693.32
1694.26
1695.22
1696.22
1697.13
1698.08
1699.0
1699.95
1700.87
