0.97
3.27
5.61
7.86
10.22
12.61
14.85
16.98
19.23
21.76
24.07
26.4
28.66
30.87
33.78
37.22
40.63
44.04
47.24
50.51
53.67
56.71
60.04
63.57
66.96
70.48
74.08
77.18
80.06
82.95
85.83
88.67
91.11
93.65
96.75
99.61
102.37
105.21
108.12
111.44
114.58
117.46
120.77
124.1
127.18
130.29
133.62
136.41
138.98
141.52
143.9
146.54
149.38
152.24
155.11
157.87
160.55
163.19
165.9
168.61
171.36
174.22
176.93
179.81
182.81
185.81
188.84
192.38
196.19
200.08
203.84
207.62
211.49
215.2
219.17
223.25
227.05
230.87
234.56
238.02
241.18
244.3
247.69
250.85
254.08
257.67
261.64
265.58
268.98
272.66
276.48
279.76
282.76
285.83
288.83
292.0
295.38
298.83
302.28
306.27
310.15
313.93
317.96
321.78
325.62
329.41
332.95
337.11
340.89
344.39
347.91
350.91
353.95
357.24
361.17
365.12
369.25
373.11
376.71
380.33
383.98
387.52
391.43
395.48
399.27
403.41
407.52
411.46
415.35
419.4
423.5
427.37
430.99
434.31
437.35
440.45
443.55
446.55
449.59
452.64
455.61
458.4
461.17
464.13
467.07
470.32
473.4
476.17
478.81
481.35
483.64
485.99
488.46
491.16
493.88
496.79
499.75
502.52
505.26
508.06
510.86
513.6
516.24
518.76
521.46
524.13
526.66
529.07
531.4
533.54
535.56
537.76
540.33
542.95
545.77
548.78
551.83
555.03
558.06
561.14
564.47
567.73
570.81
574.01
577.62
581.88
586.04
589.86
593.55
596.94
600.15
603.22
606.03
608.75
611.24
614.03
617.78
621.64
625.58
629.21
633.14
637.12
640.85
644.68
648.86
652.28
655.45
658.95
662.82
666.96
671.03
674.85
678.63
682.31
685.81
689.41
692.37
695.32
698.0
700.74
703.52
706.43
709.64
712.83
715.98
719.2
723.27
727.6
731.44
735.35
739.45
743.45
747.39
751.33
755.2
759.0
762.36
765.61
769.08
772.71
776.82
781.07
785.34
789.18
792.68
796.43
800.11
803.46
806.5
809.31
812.12
814.84
817.6
820.72
824.1
827.57
830.95
834.45
838.32
842.25
846.25
850.21
854.13
858.02
861.92
866.11
869.94
873.85
877.97
882.14
886.23
890.37
893.9
897.88
901.74
905.82
910.01
913.39
916.54
919.92
923.29
926.31
929.44
932.91
936.03
939.14
942.59
946.21
949.89
953.78
957.41
961.29
965.62
969.44
973.47
977.25
980.97
984.52
987.68
990.76
994.34
997.76
1001.26
1004.9
1008.55
1012.26
1015.97
1019.67
1023.35
1026.7
1029.92
1033.22
1036.11
1039.02
1041.52
1044.07
1046.81
1049.52
1052.05
1054.45
1056.87
1059.32
1061.85
1064.14
1066.57
1068.68
1070.79
1072.96
1075.87
1079.02
1082.02
1085.16
1088.2
1091.14
1093.73
1095.34
1096.74
1098.17
1099.62
1101.01
1102.38
1103.79
1105.15
1106.5
1108.04
1109.49
1110.91
1112.36
1113.83
1115.27
1116.68
1118.15
1119.61
1121.05
1122.53
1123.98
1125.37
1126.81
1128.23
1129.62
1131.03
1132.39
1133.79
1135.13
1136.49
1137.86
1139.23
1140.59
1141.99
1143.34
1144.7
1146.11
1147.52
1148.91
1150.24
1151.62
1153.0
1154.49
1156.0
1157.31
1158.6
1159.98
1161.4
1162.77
1164.11
1165.49
1166.85
1168.25
1169.57
1170.88
1172.18
1173.66
1175.16
1176.63
1178.13
1179.98
1182.46
1185.01
1187.42
1189.87
1192.67
1195.55
1198.34
1201.13
1203.55
1206.07
1209.08
1211.92
1214.67
1217.5
1220.35
1223.38
1226.5
1229.88
1233.49
1237.27
1241.16
1245.15
1248.92
1252.92
1256.84
1260.73
1264.6
1268.88
1272.85
1276.69
1280.08
1282.97
1286.23
1289.42
1292.53
1295.54
1298.51
1301.17
1303.99
1307.01
1310.49
1313.71
1316.73
1319.68
1322.5
1325.32
1328.25
1331.23
1334.16
1336.98
1340.22
1343.74
1347.13
1350.92
1354.63
1358.42
1362.1
1366.03
1370.18
1374.55
1378.89
1383.29
1387.37
1391.53
1395.36
1399.21
1402.93
1406.29
1409.21
1412.25
1415.35
1418.35
1421.24
1424.2
1426.7
1429.1
1431.41
1433.88
1436.48
1438.93
1441.27
1443.42
1445.53
1447.53
1449.45
1451.37
1453.26
1455.05
1456.99
1459.05
1461.08
1463.18
1465.23
1467.28
1469.56
1471.96
1474.32
1476.72
1479.32
1481.93
1484.88
1487.87
1490.56
1493.53
1496.56
1499.58
1502.85
1506.38
1509.6
1512.64
1515.53
1518.55
1521.72
1525.4
1529.29
1533.36
1537.61
1541.76
1545.93
1549.86
1553.68
1557.92
1561.87
1566.11
1569.79
1573.38
1577.12
1580.87
1584.29
1587.83
1591.29
1594.85
1598.6
1602.41
1606.18
1609.9
1613.91
1617.54
1620.73
1624.05
1627.65
1631.69
1635.31
1639.03
1642.14
1644.75
1647.49
1650.64
1653.73
1656.78
1659.97
1663.09
1666.19
1669.17
1672.12
1675.25
1678.36
1681.88
1685.57
1689.37
1693.3
1696.8
1699.94
