4.54
8.68
12.27
15.85
19.52
23.38
27.19
30.88
34.53
38.25
41.85
45.47
49.06
52.69
56.16
60.17
64.28
67.67
70.57
73.25
76.0
78.74
81.44
84.27
86.99
89.7
92.6
95.77
99.4
102.77
106.07
109.15
112.34
115.59
118.56
121.62
124.66
127.52
130.32
132.98
135.56
138.1
140.73
143.35
145.91
148.61
151.25
154.34
157.47
160.77
163.97
167.04
170.17
174.09
177.96
181.42
184.43
187.21
189.89
193.08
196.38
200.0
203.78
207.35
211.11
215.16
219.25
223.26
227.33
231.32
235.17
239.05
242.83
246.52
250.09
253.62
257.33
260.37
263.13
266.37
269.72
272.72
275.66
278.66
281.74
284.85
287.55
290.44
293.6
296.9
300.65
304.31
308.52
312.8
316.97
321.14
325.27
329.19
332.88
337.2
341.23
345.13
348.8
352.43
356.08
359.68
363.35
367.05
371.07
374.83
378.62
382.33
386.29
389.73
393.23
396.87
400.52
403.99
407.52
411.08
414.71
417.73
420.7
423.32
425.83
428.41
431.36
434.16
436.74
439.39
441.94
444.39
446.98
449.49
452.13
454.86
457.73
460.74
463.81
466.83
469.61
472.21
474.74
477.4
480.24
483.0
485.58
488.04
490.42
492.8
495.24
497.58
499.79
502.22
505.03
508.11
511.25
514.78
518.43
522.32
526.63
530.86
534.92
538.65
542.77
546.84
550.86
554.88
558.96
562.77
566.26
569.42
572.42
575.53
578.67
581.74
584.72
587.68
590.75
593.83
596.85
600.46
604.09
607.69
611.55
615.44
619.19
623.13
626.69
629.95
633.35
636.91
640.96
645.31
648.95
652.65
656.29
660.0
663.72
667.55
671.44
675.34
679.15
683.11
687.46
691.7
695.59
699.35
702.9
706.75
710.47
714.15
717.8
721.5
725.28
728.24
731.04
733.92
737.44
740.85
744.37
747.83
751.23
755.03
759.35
763.37
767.09
771.17
775.27
778.61
781.67
784.81
787.85
790.68
793.6
797.0
800.52
803.92
807.12
810.04
813.14
816.43
819.96
823.39
826.91
830.5
834.56
838.2
841.36
844.48
847.88
851.11
854.82
858.45
862.24
865.57
869.23
873.15
877.05
881.39
885.52
889.26
892.35
896.02
900.18
904.38
908.53
912.34
916.14
920.35
924.49
928.13
931.54
934.91
938.54
942.5
946.36
950.16
953.68
957.26
961.06
964.91
969.1
973.4
977.64
981.59
985.5
988.92
991.73
994.91
998.03
1001.38
1005.08
1009.21
1013.43
1017.65
1021.66
1025.5
1029.34
1033.05
1036.53
1039.9
1042.85
1045.6
1048.76
1052.06
1055.66
1059.34
1062.95
1066.12
1069.07
1072.04
1075.16
1078.43
1081.85
1085.17
1088.16
1091.06
1093.95
1096.73
1099.48
1102.14
1104.7
1107.28
1109.88
1112.54
1115.21
1117.82
1120.39
1123.04
1125.61
1128.18
1130.7
1133.22
1135.61
1138.07
1140.58
1143.1
1145.63
1148.21
1150.79
1153.43
1155.95
1158.65
1161.29
1163.99
1166.57
1168.96
1171.33
1173.77
1176.31
1178.8
1181.49
1184.02
1186.57
1189.07
1191.78
1194.47
1197.19
1199.88
1202.64
1205.22
1207.79
1210.25
1212.64
1214.97
1217.44
1220.1
1222.69
1225.68
1229.02
1232.44
1235.84
1239.42
1243.02
1246.84
1250.8
1254.57
1257.93
1261.46
1265.19
1268.58
1271.49
1274.83
1278.36
1281.98
1285.74
1289.68
1293.63
1297.81
1301.23
1304.44
1308.0
1311.64
1315.22
1318.89
1322.55
1326.48
1330.47
1334.47
1338.48
1342.67
1346.48
1349.74
1353.07
1356.75
1360.22
1363.81
1367.59
1371.62
1375.14
1378.13
1381.04
1383.84
1386.81
1389.97
1393.19
1396.65
1400.87
1404.84
1408.54
1412.01
1415.13
1417.88
1420.3
1422.57
1424.98
1427.35
1429.64
1432.04
1434.42
1436.78
1438.96
1441.21
1443.2
1445.03
1446.74
1448.59
1450.44
1452.26
1454.02
1455.9
1457.78
1459.72
1461.6
1463.49
1465.37
1467.03
1468.88
1471.09
1473.31
1475.55
1478.29
1481.29
1484.18
1486.74
1489.28
1491.82
1494.15
1496.72
1499.31
1502.1
1505.07
1508.0
1510.98
1514.28
1517.43
1520.37
1523.22
1526.52
1529.87
1533.04
1536.2
1539.45
1542.52
1546.44
1550.86
1555.1
1559.48
1563.82
1567.5
1571.09
1574.85
1578.21
1581.85
1586.22
1590.62
1594.88
1598.93
1602.95
1606.95
1610.95
1614.72
1618.4
1621.77
1624.93
1628.36
1632.07
1635.74
1639.38
1643.01
1646.88
1651.07
1655.06
1658.76
1662.39
1665.97
1669.54
1673.36
1677.24
1680.93
1684.61
1688.25
1691.79
1695.05
1698.22
1701.39
1704.49
1707.51
