0.19
0.97
1.72
2.51
3.3
4.18
5.08
6.02
6.92
7.76
8.68
9.56
10.46
11.38
12.28
13.16
14.07
14.93
15.86
16.74
17.65
18.62
19.53
20.37
21.23
22.16
23.09
24.06
24.99
26.0
26.91
27.9
28.81
29.77
30.75
31.79
32.68
33.62
34.54
35.49
36.39
37.35
38.26
39.16
40.02
40.95
41.86
42.66
43.39
44.17
44.94
45.73
46.49
47.25
47.91
48.6
49.29
49.95
50.56
51.2
51.79
52.41
52.98
53.59
54.16
54.76
55.34
56.03
56.74
57.42
58.1
58.82
59.5
60.17
60.89
61.54
62.22
62.93
63.58
64.28
64.96
65.6
66.31
66.95
67.67
68.38
69.16
69.88
70.58
71.23
71.91
72.55
73.25
73.99
74.68
75.32
76.01
76.7
77.39
78.04
78.74
79.43
80.09
80.72
81.44
82.2
82.91
83.61
84.28
84.97
85.61
86.27
87.0
87.76
88.59
89.37
90.21
91.03
91.92
92.74
93.51
94.38
95.25
96.13
96.9
97.74
98.6
99.4
100.21
101.06
101.92
102.78
103.56
104.41
105.24
106.08
106.85
107.65
108.43
109.15
109.87
110.64
111.45
112.34
113.21
114.0
114.81
115.6
116.41
117.11
117.85
118.57
119.26
119.97
120.75
121.63
122.44
123.23
123.93
124.66
125.36
126.08
126.81
127.53
128.23
128.93
129.64
130.33
131.01
131.66
132.33
132.98
133.64
134.29
134.93
135.56
136.2
136.83
137.48
138.11
138.78
139.41
140.08
140.73
141.38
142.04
142.74
143.35
143.95
144.57
145.22
145.91
146.58
147.27
147.94
148.61
149.27
149.9
150.57
151.26
152.08
152.84
153.61
154.34
155.05
155.79
156.49
157.19
157.93
158.61
159.31
160.02
160.77
161.44
162.18
162.88
163.59
164.24
164.93
165.63
166.31
167.03
167.69
168.34
169.06
169.76
170.61
171.4
172.23
173.03
173.88
174.76
175.57
176.49
177.38
178.39
179.41
180.42
181.43
182.33
183.18
184.09
184.98
185.85
186.73
187.66
188.58
189.47
190.33
191.18
192.04
193.0
193.87
194.73
195.71
196.66
197.64
198.76
199.85
200.92
202.0
203.03
204.1
205.22
206.24
207.35
208.39
209.46
210.58
211.63
212.68
213.62
214.53
215.46
216.42
217.38
218.29
219.23
220.28
221.32
222.33
223.27
224.32
225.31
226.38
227.34
228.42
229.42
230.4
231.32
232.27
233.25
234.24
235.15
236.15
237.09
238.07
239.05
239.97
240.96
241.93
242.83
243.8
244.75
245.6
246.53
247.37
248.26
249.17
250.1
250.95
251.84
252.73
253.59
254.5
255.44
256.39
257.33
258.32
259.11
259.94
260.78
261.54
262.37
263.14
263.93
264.76
265.54
266.38
267.24
268.05
268.91
269.73
270.47
271.23
272.02
272.73
273.45
274.21
274.95
275.66
276.43
277.15
277.91
278.67
279.4
280.15
280.98
281.73
282.56
283.31
284.19
285.03
285.94
286.78
287.55
288.25
288.99
289.74
290.45
291.25
292.02
292.85
293.6
294.43
295.19
295.97
296.9
297.83
298.83
299.86
300.95
302.01
303.11
304.23
305.25
306.4
307.45
308.53
309.61
310.74
311.79
312.8
313.84
314.84
315.93
316.98
318.08
319.1
320.15
321.15
322.2
323.26
324.31
325.28
326.25
327.26
328.24
329.27
330.41
331.45
332.56
333.65
334.74
335.87
336.92
337.88
338.86
339.76
340.76
341.75
342.74
343.8
344.71
345.71
346.63
347.58
348.56
349.49
350.42
351.49
352.44
353.52
354.55
355.58
356.52
357.52
358.56
359.49
360.51
361.52
362.45
363.36
364.29
365.15
365.98
366.85
367.7
368.52
369.39
370.19
371.08
372.02
372.98
373.92
374.84
375.8
376.74
377.71
378.62
379.52
380.48
381.45
382.37
383.39
384.42
385.43
386.3
387.25
388.09
388.9
389.73
390.61
391.51
392.35
393.25
394.22
395.14
396.05
396.89
397.8
398.73
399.63
400.52
401.4
402.24
403.15
404.0
404.93
405.8
406.63
407.53
408.37
409.3
410.18
411.09
412.05
412.93
413.81
414.73
415.48
416.2
416.97
417.74
418.46
419.24
419.95
420.7
421.36
422.02
422.68
423.32
423.95
424.59
425.22
425.83
426.47
427.05
427.66
428.3
428.89
429.55
430.21
430.85
431.5
432.15
432.86
433.52
434.17
434.81
435.45
436.11
436.76
437.38
438.05
438.71
439.4
440.06
440.69
441.31
441.95
442.58
443.19
443.79
444.39
445.06
445.7
446.35
446.98
447.61
448.24
448.85
449.5
450.13
450.81
451.46
452.13
452.83
453.49
454.16
454.86
455.55
456.21
456.91
457.58
458.3
458.97
459.63
460.32
461.0
461.69
462.4
463.12
463.82
464.57
465.31
466.05
466.84
467.58
468.23
468.93
469.62
470.27
470.97
471.7
472.42
473.13
473.81
474.53
475.29
476.0
476.72
477.42
478.12
478.86
479.57
480.25
480.98
481.67
482.34
483.0
483.67
484.31
484.96
485.59
486.21
486.84
487.46
488.04
488.66
489.26
489.86
490.42
490.99
491.59
492.22
492.81
493.45
494.04
494.66
495.25
495.88
496.44
497.01
497.59
498.17
498.72
499.26
499.8
500.37
500.92
501.46
502.12
502.72
503.43
504.1
504.77
505.41
506.02
506.66
507.32
507.94
508.61
509.2
509.82
510.41
511.0
511.63
512.23
512.81
513.39
513.97
514.53
515.08
515.66
516.21
516.75
517.44
518.1
518.85
519.6
520.33
521.04
521.77
522.52
523.2
523.95
524.67
525.36
526.14
526.88
527.68
528.43
529.16
529.92
530.7
531.48
532.2
532.99
533.76
534.58
535.37
536.16
537.0
537.83
538.66
539.45
540.39
541.28
542.23
543.18
544.14
545.16
546.09
547.08
548.07
548.97
549.94
550.87
551.9
552.94
553.91
554.88
555.87
556.78
557.62
558.45
559.29
560.13
560.97
561.9
562.77
563.71
564.6
565.51
566.28
567.03
567.79
568.57
569.4
570.19
570.94
571.82
572.69
573.55
574.5
575.54
576.55
577.66
578.67
579.76
580.74
581.74
582.71
583.75
584.73
585.66
586.65
587.56
588.48
589.38
590.29
591.12
592.02
592.9
593.83
594.8
595.83
596.85
597.88
598.66
599.53
600.42
601.24
602.15
603.09
604.1
604.97
605.91
606.78
607.7
608.68
609.61
610.6
611.54
612.58
613.49
614.45
615.45
616.42
617.31
618.27
619.19
620.21
621.24
622.2
623.14
624.11
624.95
625.86
626.69
627.5
628.29
629.15
629.95
630.82
631.66
632.48
633.35
634.24
635.1
635.92
636.92
638.02
638.97
640.02
640.98
642.03
643.17
644.27
645.32
646.45
647.52
648.49
649.4
650.37
651.37
652.29
653.24
654.2
655.21
656.17
657.13
658.08
658.98
659.98
660.9
661.85
662.8
663.73
664.73
665.65
666.64
667.52
668.45
669.37
670.06
670.76
671.48
672.22
672.9
673.6
674.31
675.02
675.77
676.46
677.14
677.8
678.52
679.16
679.88
680.55
681.15
681.78
682.41
683.07
683.68
684.3
684.96
685.56
686.19
686.85
687.46
688.11
688.85
689.63
690.41
691.13
691.91
692.68
693.32
694.03
694.69
695.33
696.0
696.73
697.44
698.18
698.94
699.7
700.43
701.16
701.97
702.91
703.87
704.76
705.73
706.76
707.7
708.64
709.55
710.49
711.33
712.21
713.05
713.87
714.69
715.58
716.47
717.33
718.14
718.99
719.89
720.69
721.51
722.3
723.05
723.76
724.55
725.28
726.05
726.74
727.5
728.22
728.93
729.75
730.59
731.37
732.24
733.1
733.92
734.82
735.71
736.6
737.45
738.34
739.16
740.01
740.85
741.75
742.71
743.66
744.8
745.77
746.79
747.61
748.46
749.36
750.27
751.23
752.13
753.08
753.96
755.04
756.07
757.12
758.26
759.36
760.32
761.34
762.41
763.38
764.39
765.3
766.17
767.1
767.98
768.99
770.06
771.21
772.21
773.29
774.34
775.28
776.19
777.0
777.79
778.63
779.39
780.18
780.95
781.68
782.47
783.21
784.01
784.91
785.75
786.63
787.55
788.39
789.3
790.2
791.08
791.93
792.81
793.6
794.42
795.25
796.15
797.02
797.94
798.84
799.67
800.53
801.42
802.24
803.08
803.91
804.71
805.55
806.38
807.13
807.87
808.61
809.32
810.06
810.78
811.59
812.34
813.14
813.98
814.75
815.55
816.44
817.31
818.18
819.03
819.94
820.78
821.64
822.52
823.4
824.29
825.11
826.0
826.91
827.75
828.57
829.39
830.26
831.12
831.99
832.86
833.68
834.56
835.54
836.53
837.47
838.41
839.4
840.36
841.36
842.44
843.42
844.48
845.46
846.5
847.51
848.49
849.45
850.5
851.46
852.41
853.46
854.45
855.42
856.41
857.43
858.46
859.44
860.4
861.39
862.25
863.17
863.94
864.75
865.57
866.46
867.36
868.25
869.04
869.91
870.75
871.58
872.34
873.16
873.98
874.72
875.51
876.28
877.06
877.8
878.57
879.31
880.1
880.83
881.63
882.37
883.16
883.95
884.72
885.53
886.33
887.16
887.87
888.54
889.27
890.0
890.77
891.58
892.36
893.06
893.83
894.52
895.27
896.02
896.83
897.68
898.48
899.15
899.87
900.61
901.3
901.99
902.74
903.56
904.33
905.09
906.06
907.01
907.95
908.92
909.9
910.82
911.77
912.88
913.95
915.08
916.14
917.2
918.24
919.36
920.36
921.37
922.32
923.28
924.24
925.23
926.12
926.95
927.8
928.62
929.5
930.19
930.88
931.55
932.1
932.66
933.23
933.81
934.41
934.96
935.56
936.13
936.69
937.27
937.84
938.55
939.2
939.85
940.55
941.18
941.88
942.51
943.15
943.75
944.4
945.03
945.71
946.38
947.03
947.67
948.34
949.03
949.68
950.46
951.18
951.97
952.75
953.69
954.62
955.48
956.44
957.3
958.24
959.23
960.14
961.06
962.02
962.97
964.0
964.92
966.02
967.06
968.12
969.12
970.2
971.16
972.08
973.02
973.92
974.9
975.83
976.7
977.65
978.58
979.3
980.1
980.86
981.6
982.31
983.06
983.83
984.57
985.32
986.13
987.0
987.79
988.59
989.39
990.22
990.96
991.74
992.55
993.36
994.1
994.92
995.7
996.45
997.22
998.04
998.82
999.63
1000.5
1001.39
1002.23
1003.23
1004.18
1005.09
1006.06
1006.91
1007.83
1008.67
1009.57
1010.56
1011.54
1012.5
1013.44
1014.43
1015.46
1016.58
1017.66
1018.63
1019.64
1020.66
1021.67
1022.6
1023.55
1024.51
1025.51
1026.46
1027.39
1028.38
1029.3
1030.3
1031.2
1032.11
1033.06
1034.02
1034.86
1035.68
1036.55
1037.43
1038.26
1039.05
1039.91
1040.69
1041.53
1042.34
1043.2
1043.99
1044.81
1045.61
1046.38
1047.11
1047.91
1048.77
1049.57
1050.43
1051.25
1052.16
1053.02
1053.83
1054.72
1055.55
1056.43
1057.4
1058.34
1059.35
1060.21
1061.12
1062.06
1062.96
1063.95
1065.07
1066.13
1067.22
1068.34
1069.4
1070.55
1071.52
1072.58
1073.45
1074.35
1075.17
1075.94
1076.74
1077.56
1078.35
1079.09
1079.87
1080.64
1081.38
1082.12
1082.88
1083.68
1084.39
1085.17
1085.89
1086.62
1087.4
1088.1
1088.85
1089.58
1090.35
1091.06
1091.76
1092.49
1093.2
1093.96
1094.67
1095.35
1096.04
1096.74
1097.45
1098.13
1098.81
1099.49
1100.16
1100.83
1101.49
1102.15
1102.8
1103.46
1104.11
1104.72
1105.36
1106.01
1106.67
1107.29
1107.92
1108.52
1109.21
1109.89
1110.55
1111.2
1111.88
1112.54
1113.2
1113.86
1114.54
1115.21
1115.9
1116.56
1117.21
1117.82
1118.46
1119.12
1119.78
1120.39
1121.06
1121.7
1122.37
1123.05
1123.71
1124.34
1124.99
1125.62
1126.28
1126.93
1127.56
1128.18
1128.84
1129.47
1130.09
1130.71
1131.33
1131.94
1132.59
1133.22
1133.82
1134.4
1135.01
1135.62
1136.23
1136.81
1137.44
1138.08
1138.71
1139.32
1139.95
1140.59
1141.23
1141.84
1142.47
1143.11
1143.77
1144.4
1145.02
1145.63
1146.28
1146.94
1147.57
1148.21
1148.87
1149.51
1150.14
1150.8
1151.45
1152.11
1152.78
1153.44
1154.07
1154.69
1155.34
1155.95
1156.61
1157.27
1157.95
1158.65
1159.32
1160.0
1160.64
1161.3
1161.96
1162.65
1163.32
1164.0
1164.66
1165.37
1165.98
1166.58
1167.2
1167.8
1168.4
1168.96
1169.53
1170.14
1170.76
1171.33
1171.94
1172.57
1173.15
1173.78
1174.42
1175.03
1175.66
1176.32
1176.94
1177.53
1178.19
1178.8
1179.47
1180.12
1180.81
1181.53
1182.2
1182.91
1183.6
1184.26
1184.92
1185.57
1186.27
1186.98
1187.7
1188.4
1189.08
1189.73
1190.41
1191.06
1191.79
1192.49
1193.15
1193.79
1194.48
1195.18
1195.85
1196.49
1197.2
1197.89
1198.56
1199.3
1199.96
1200.68
1201.34
1202.02
1202.65
1203.31
1203.94
1204.58
1205.23
1205.91
1206.53
1207.2
1207.81
1208.47
1209.05
1209.68
1210.26
1210.85
1211.47
1212.05
1212.64
1213.24
1213.79
1214.39
1214.97
1215.58
1216.15
1216.74
1217.45
1218.17
1218.96
1219.7
1220.42
1221.11
1221.81
1222.55
1223.22
1223.95
1224.66
1225.38
1226.1
1226.78
1227.51
1228.29
1229.02
1229.76
1230.63
1231.58
1232.45
1233.46
1234.37
1235.38
1236.29
1237.28
1238.24
1239.17
1240.05
1240.9
1241.75
1242.72
1243.65
1244.61
1245.61
1246.57
1247.46
1248.43
1249.34
1250.31
1251.28
1252.23
1253.14
1254.12
1255.05
1255.92
1256.74
1257.54
1258.4
1259.29
1260.2
1261.01
1261.88
1262.71
1263.52
1264.39
1265.2
1265.98
1266.84
1267.61
1268.44
1269.18
1269.95
1270.72
1271.5
1272.3
1273.05
1273.92
1274.84
1275.74
1276.62
1277.5
1278.33
1279.23
1280.17
1281.03
1281.96
1282.92
1283.83
1284.75
1285.74
1286.64
1287.66
1288.74
1289.66
1290.65
1291.69
1292.62
1293.64
1294.53
1295.39
1296.19
1296.98
1297.81
1298.7
1299.6
1300.47
1301.24
1301.99
1302.79
1303.53
1304.45
1305.31
1306.25
1307.14
1307.99
1308.88
1309.82
1310.74
1311.65
1312.51
1313.41
1314.36
1315.24
1316.19
1317.09
1318.01
1318.91
1319.81
1320.69
1321.61
1322.57
1323.5
1324.4
1325.36
1326.37
1327.33
1328.28
1329.19
1330.14
1331.14
1332.06
1332.93
1333.84
1334.69
1335.57
1336.48
1337.38
1338.25
1339.09
1340.06
1341.08
1342.17
1343.24
1344.28
1345.42
1346.49
1347.58
1348.56
1349.54
1350.41
1351.33
1352.17
1353.09
1354.06
1354.98
1355.92
1356.75
1357.65
1358.49
1359.4
1360.23
1361.15
1362.04
1362.92
1363.82
1364.67
1365.47
1366.29
1367.23
1368.19
1369.13
1370.06
1370.91
1371.81
1372.69
1373.51
1374.4
1375.15
1375.9
1376.69
1377.41
1378.15
1378.92
1379.65
1380.33
1381.07
1381.77
1382.47
1383.13
1383.85
1384.54
1385.28
1386.08
1386.82
1387.63
1388.38
1389.13
1389.98
1390.76
1391.57
1392.38
1393.2
1393.99
1394.85
1395.73
1396.66
1397.72
1398.75
1399.82
1400.87
1401.98
1403.1
1404.16
1405.23
1406.35
1407.44
1408.55
1409.42
1410.26
1411.11
1412.03
1412.86
1413.61
1414.41
1415.14
1415.88
1416.53
1417.23
1417.89
1418.54
1419.16
1419.76
1420.31
1420.88
1421.42
1421.98
1422.58
1423.21
1423.81
1424.39
1424.98
1425.6
1426.19
1426.78
1427.36
1427.98
1428.54
1429.12
1429.65
1430.22
1430.83
1431.45
1432.05
1432.68
1433.26
1433.84
1434.42
1435.04
1435.61
1436.18
1436.77
1437.32
1437.85
1438.4
1438.97
1439.5
1440.08
1440.66
1441.23
1441.76
1442.26
1442.74
1443.2
1443.67
1444.16
1444.63
1445.07
1445.48
1445.89
1446.32
1446.75
1447.17
1447.63
1448.13
1448.6
1449.1
1449.59
1450.09
1450.57
1451.07
1451.56
1452.04
1452.51
1453.04
1453.53
1454.02
1454.51
1454.96
1455.45
1455.91
1456.39
1456.84
1457.31
1457.79
1458.29
1458.77
1459.24
1459.73
1460.2
1460.67
1461.15
1461.61
1462.08
1462.54
1463.03
1463.5
1463.97
1464.43
1464.91
1465.38
1465.9
1466.36
1466.87
1467.31
1467.74
1468.19
1468.63
1469.08
1469.52
1469.94
1470.4
1470.83
1471.26
1471.75
1472.25
1472.78
1473.32
1473.84
1474.42
1475.0
1475.56
1476.18
1476.9
1477.59
1478.3
1479.02
1479.78
1480.52
1481.24
1481.96
1482.68
1483.46
1484.19
1484.96
1485.7
1486.47
1487.29
1488.06
1488.83
1489.55
1490.33
1491.11
1491.83
1492.61
1493.34
1494.15
1494.95
1495.74
1496.52
1497.34
1498.14
1498.93
1499.76
1500.56
1501.3
1502.11
1502.82
1503.58
1504.29
1505.03
1505.79
1506.54
1507.29
1508.01
1508.77
1509.47
1510.26
1510.99
1511.84
1512.62
1513.46
1514.29
1515.16
1515.99
1516.7
1517.44
1518.22
1518.92
1519.76
1520.62
1521.47
1522.38
1523.22
1523.97
1524.75
1525.57
1526.32
1527.05
1527.83
1528.64
1529.41
1530.25
1531.01
1531.85
1532.63
1533.41
1534.24
1535.01
1535.79
1536.56
1537.43
1538.24
1539.06
1539.96
1540.79
1541.66
1542.53
1543.37
1544.3
1545.39
1546.45
1547.58
1548.63
1549.74
1550.87
1551.85
1552.92
1553.99
1554.97
1555.93
1556.93
1557.98
1559.1
1560.11
1561.05
1562.07
1563.11
1564.07
1564.93
1565.77
1566.62
1567.51
1568.45
1569.34
1570.21
1571.1
1572.01
1572.99
1573.94
1574.86
1575.67
1576.51
1577.39
1578.22
1579.03
1579.92
1580.74
1581.56
1582.43
1583.51
1584.65
1585.69
1586.82
1587.87
1588.99
1590.07
1591.19
1592.28
1593.29
1594.36
1595.33
1596.32
1597.3
1598.33
1599.24
1600.08
1600.99
1601.94
1602.96
1603.96
1605.03
1606.0
1606.97
1607.99
1609.01
1610.04
1610.96
1611.94
1612.85
1613.79
1614.74
1615.72
1616.6
1617.53
1618.42
1619.37
1620.14
1620.95
1621.77
1622.53
1623.36
1624.14
1624.93
1625.72
1626.57
1627.45
1628.38
1629.3
1630.24
1631.18
1632.08
1632.97
1633.94
1634.81
1635.75
1636.63
1637.59
1638.45
1639.38
1640.27
1641.24
1642.2
1643.14
1644.07
1645.02
1645.91
1646.9
1647.88
1648.91
1649.98
1651.07
1652.11
1653.14
1654.09
1655.01
1655.96
1656.96
1657.88
1658.77
1659.72
1660.59
1661.49
1662.41
1663.3
1664.24
1665.13
1665.98
1666.84
1667.66
1668.5
1669.27
1670.11
1670.91
1671.69
1672.49
1673.38
1674.28
1675.15
1675.98
1676.86
1677.71
1678.54
1679.31
1680.15
1680.94
1681.75
1682.59
1683.4
1684.26
1685.06
1685.88
1686.62
1687.37
1688.08
1688.86
1689.6
1690.33
1691.05
1691.8
1692.56
1693.3
1694.0
1694.74
1695.48
1696.24
1697.0
1697.72
1698.45
1699.21
1699.95
1700.66
1701.4
1702.16
1702.89
1703.58
1704.34
1705.04
1705.83
1706.59
1707.33
1708.12
1708.93
1709.7
1710.45
