0.41
1.03
1.64
2.27
2.93
3.56
4.18
4.8
5.43
6.08
6.69
7.31
7.94
8.6
9.2
9.83
10.46
11.08
11.72
12.32
12.94
13.6
14.22
14.91
15.61
16.3
16.99
17.68
18.42
19.08
19.8
20.49
21.21
21.9
22.54
23.27
23.94
24.64
25.31
26.06
26.73
27.48
28.18
28.88
29.57
30.32
31.03
31.71
32.5
33.3
34.14
34.94
35.85
36.66
37.54
38.4
39.26
40.18
41.05
41.89
42.7
43.47
44.27
45.04
45.86
46.6
47.45
48.28
49.14
49.95
50.8
51.58
52.51
53.37
54.21
55.08
55.91
56.7
57.41
58.17
58.82
59.54
60.23
60.95
61.64
62.33
63.05
63.85
64.65
65.46
66.23
67.18
68.13
69.12
70.12
71.05
72.06
73.03
73.97
74.92
75.64
76.37
77.08
77.81
78.53
79.17
79.87
80.5
81.23
81.98
82.71
83.48
84.34
85.22
86.08
86.94
87.82
88.66
89.41
90.21
90.88
91.55
92.23
92.91
93.54
94.22
94.92
95.56
96.23
96.87
97.48
98.12
98.79
99.4
100.04
100.73
101.41
102.06
102.7
103.35
103.99
104.66
105.29
105.92
106.55
107.21
107.95
108.66
109.34
110.12
110.92
111.76
112.61
113.55
114.45
115.28
116.18
116.98
117.85
118.66
119.48
120.24
120.98
121.88
122.68
123.56
124.41
125.24
126.14
126.96
127.82
128.69
129.44
130.18
130.89
131.61
132.38
133.07
133.82
134.55
135.28
136.04
136.77
137.47
138.18
138.89
139.57
140.32
141.08
141.8
142.58
143.29
143.99
144.67
145.31
145.93
146.56
147.17
147.76
148.33
148.88
149.42
150.03
150.62
151.23
151.82
152.45
153.01
153.52
154.06
154.57
155.08
155.63
156.21
156.82
157.44
158.0
158.56
159.14
159.67
160.23
160.76
161.34
161.86
162.52
163.19
163.91
164.65
165.37
166.13
166.86
167.57
168.51
169.39
170.35
171.23
172.17
173.1
174.03
174.9
175.81
176.74
177.66
178.63
179.55
180.52
181.44
182.22
182.99
183.78
184.68
185.55
186.33
187.14
187.93
188.79
189.59
190.52
191.35
192.35
193.35
194.35
195.27
196.26
197.35
198.46
199.51
200.54
201.59
202.65
203.6
204.57
205.55
206.53
207.55
208.53
209.57
210.53
211.47
212.43
213.38
214.41
215.39
216.42
217.37
218.41
219.35
220.37
221.35
222.39
223.35
224.36
225.42
226.52
227.61
228.7
229.8
230.92
231.79
232.73
233.65
234.52
235.38
236.29
237.08
237.91
238.73
239.55
240.34
241.17
242.07
242.94
243.95
244.9
245.83
246.82
247.77
248.69
249.67
250.6
251.52
252.45
253.32
254.22
255.19
256.08
256.98
257.84
258.68
259.56
260.45
261.26
262.14
263.03
263.91
264.83
265.7
266.56
267.45
268.3
269.19
270.09
270.96
271.82
272.65
273.54
274.44
275.29
276.1
276.87
277.68
278.56
279.45
280.37
281.23
282.15
283.12
284.05
284.97
285.97
286.91
287.72
288.62
289.43
290.29
291.18
292.12
292.99
293.98
294.91
295.92
296.94
297.98
299.07
300.11
301.11
302.15
303.19
304.03
304.83
305.64
306.53
307.37
308.28
309.1
310.0
310.84
311.75
312.57
313.38
314.11
314.89
315.69
316.54
317.36
318.36
319.27
320.23
321.24
322.25
323.18
324.19
325.28
326.35
327.42
328.46
329.49
330.54
331.54
332.44
333.39
334.32
335.16
335.98
336.92
337.8
338.68
339.6
340.49
341.43
342.38
343.42
344.5
345.61
346.62
347.64
348.7
349.73
350.74
351.71
352.65
353.71
354.76
355.85
356.83
357.9
358.94
360.01
361.09
362.12
363.14
364.15
365.25
366.25
367.36
368.44
369.52
370.66
371.74
372.71
373.7
374.68
375.65
376.58
377.52
378.35
379.22
380.09
380.85
381.69
382.45
383.27
384.11
384.91
385.63
386.37
387.15
387.91
388.66
389.45
390.17
390.94
391.71
392.48
393.1
393.74
394.34
394.99
395.58
396.15
396.71
397.23
397.77
398.28
398.8
399.28
399.81
400.32
400.82
401.3
401.78
402.24
402.73
403.17
403.63
404.1
404.59
405.04
405.51
406.0
406.45
406.95
407.41
407.89
408.39
408.85
409.34
409.81
410.29
410.79
411.24
411.69
412.16
412.62
413.07
413.54
414.0
414.43
414.88
415.34
415.8
416.23
416.72
417.19
417.65
418.14
418.67
419.19
419.72
420.26
420.82
421.34
421.89
422.38
422.92
423.42
423.92
424.42
424.95
425.41
425.89
426.39
426.86
427.35
427.8
428.28
428.74
429.21
429.69
430.16
430.62
431.16
431.71
432.29
432.87
433.47
434.1
434.66
435.28
435.87
436.43
437.02
437.65
438.24
438.82
439.46
440.11
440.75
441.38
442.1
442.81
443.48
444.18
444.87
445.55
446.18
446.86
447.53
448.16
448.87
449.54
450.29
451.04
451.74
452.49
453.21
453.98
454.72
455.37
456.07
456.77
457.47
458.24
459.02
459.76
460.47
461.22
461.98
462.67
463.4
464.12
464.77
465.46
466.17
466.88
467.53
468.17
468.87
469.52
470.14
470.75
471.42
472.03
472.69
473.33
473.96
474.58
475.21
475.8
476.42
477.07
477.75
478.38
479.05
479.76
480.38
481.0
481.66
482.29
482.9
483.51
484.14
484.75
485.38
486.03
486.73
487.37
488.05
488.69
489.36
489.99
490.67
491.39
492.15
492.86
493.62
494.44
495.24
496.06
496.8
497.59
498.4
499.17
499.92
500.73
501.5
502.26
503.06
503.81
504.61
505.39
506.12
506.92
507.65
508.36
509.11
509.84
510.51
511.18
511.9
512.57
513.24
513.86
514.5
515.14
515.78
516.4
517.03
517.65
518.25
518.88
519.5
520.16
520.8
521.46
522.13
522.75
523.42
524.02
524.65
525.25
525.86
526.45
527.09
527.68
528.24
528.81
529.4
529.94
530.54
531.09
531.66
532.24
532.76
533.3
533.79
534.29
534.77
535.22
535.68
536.15
536.66
537.15
537.64
538.17
538.66
539.14
539.6
540.1
540.58
541.06
541.55
542.02
542.5
543.06
543.58
544.16
544.71
545.26
545.81
546.33
546.91
547.45
548.04
548.6
549.15
549.8
550.45
551.06
551.75
552.4
553.02
553.66
554.34
554.96
555.57
556.21
556.85
557.54
558.15
558.83
559.49
560.17
560.89
561.64
562.42
563.2
563.99
564.87
565.76
566.55
567.31
568.15
569.03
569.86
570.7
571.53
572.33
573.33
574.28
575.24
576.19
577.17
578.27
579.29
580.25
581.23
582.19
583.21
584.13
585.18
586.2
587.28
588.29
589.41
590.47
591.53
592.54
593.52
594.55
595.55
596.43
597.31
598.18
599.11
600.04
600.94
601.8
602.68
603.59
604.51
605.36
606.22
607.11
608.04
609.0
609.87
610.82
611.67
612.57
613.5
614.52
615.59
616.67
617.75
618.81
619.95
621.05
622.07
622.96
623.88
624.78
625.82
626.82
627.73
628.66
629.6
630.51
631.52
632.43
633.39
634.39
635.36
636.27
637.26
638.22
639.19
640.25
641.21
642.28
643.25
644.36
645.49
646.56
647.61
648.7
649.85
650.84
651.86
652.87
653.85
654.9
655.86
656.82
657.88
658.95
659.77
660.54
661.39
662.22
663.03
663.87
664.71
665.54
666.38
667.27
668.11
669.03
669.88
670.71
671.6
672.48
673.43
674.28
675.23
676.1
676.99
677.97
678.86
679.83
680.71
681.65
682.67
683.68
684.63
685.61
686.56
687.52
688.49
689.44
690.44
691.39
692.35
693.15
693.99
694.88
695.77
696.58
697.47
698.22
699.01
699.74
700.56
701.34
702.18
702.98
703.76
704.5
705.26
706.03
706.82
707.53
708.32
709.04
709.77
710.53
711.25
712.01
712.77
713.47
714.19
714.91
715.61
716.36
717.34
718.31
719.28
720.28
721.24
722.06
722.96
723.84
724.62
725.42
726.15
726.84
727.56
728.36
729.09
729.87
730.67
731.43
732.26
733.17
734.07
735.01
735.88
736.63
737.43
738.18
738.94
739.72
740.56
741.33
742.27
743.14
744.11
745.05
746.01
746.86
747.78
748.69
749.58
750.52
751.47
752.43
753.44
754.38
755.31
756.32
757.16
758.03
758.96
759.79
760.72
761.57
762.52
763.4
764.31
765.29
766.26
767.19
768.06
768.99
769.79
770.61
771.46
772.3
773.1
774.04
774.9
775.78
776.7
777.64
778.56
779.44
780.32
781.19
782.04
782.91
783.82
784.62
785.36
786.17
786.9
787.68
788.46
789.21
790.02
790.76
791.58
792.43
793.29
794.14
794.92
795.8
796.59
797.45
798.24
799.08
799.96
800.76
801.6
802.37
803.18
803.99
804.76
805.56
806.44
807.28
807.98
808.61
809.18
809.76
810.41
811.1
811.74
812.38
813.08
813.72
814.37
815.09
815.8
816.55
817.26
818.04
818.78
819.56
820.34
821.1
821.85
822.6
823.4
824.26
825.08
825.84
826.68
827.41
828.16
828.9
829.63
830.31
831.05
831.71
832.41
833.11
833.85
834.53
835.24
835.91
836.63
837.21
837.78
838.35
838.96
839.6
840.27
840.89
841.57
842.22
842.88
843.55
844.19
844.86
845.51
846.26
846.96
847.74
848.47
849.27
850.05
850.83
851.64
852.47
853.24
854.03
854.94
855.76
856.67
857.61
858.65
859.67
860.63
861.66
862.61
863.55
864.54
865.38
866.25
867.1
867.89
868.63
869.43
870.19
870.98
871.72
872.53
873.39
874.28
875.12
875.87
876.68
877.41
878.17
878.9
879.69
880.58
881.42
882.24
883.06
883.96
884.77
885.67
886.5
887.37
888.21
889.11
889.93
890.83
891.69
892.58
893.4
894.32
895.22
896.0
896.75
897.44
898.18
898.93
899.65
900.41
901.16
901.87
902.69
903.49
904.33
905.2
906.06
906.98
907.88
908.73
909.61
910.51
911.37
912.26
913.18
914.02
914.92
915.84
916.73
917.82
918.93
919.97
921.04
922.15
923.21
924.27
925.38
926.48
927.51
928.64
929.72
930.8
931.85
932.86
933.93
934.96
935.97
937.05
938.07
939.03
939.94
940.91
941.92
942.94
943.96
945.0
945.96
947.02
948.07
949.09
950.1
951.02
951.99
953.0
954.06
955.04
956.11
957.26
958.3
959.38
960.51
961.56
962.7
963.8
964.83
965.96
966.96
967.93
968.91
969.92
970.97
971.99
973.04
974.11
975.01
975.96
976.95
977.9
978.73
979.59
980.43
981.26
982.2
983.12
984.12
985.1
986.05
987.14
988.21
989.19
990.14
991.18
992.17
993.2
994.22
995.28
996.1
996.97
997.81
998.58
999.39
1000.04
1000.64
1001.3
1001.91
1002.56
1003.26
1004.01
1004.64
1005.25
1005.91
1006.52
1007.2
1007.92
1008.7
1009.44
1010.19
1010.91
1011.66
1012.44
1013.2
1013.97
1014.78
1015.5
1016.26
1017.03
1017.84
1018.6
1019.36
1020.16
1020.98
1021.76
1022.59
1023.38
1024.16
1024.96
1025.78
1026.52
1027.29
1028.01
1028.85
1029.62
1030.45
1031.23
1032.06
1032.82
1033.67
1034.43
1035.21
1035.94
1036.71
1037.5
1038.26
1039.05
1039.84
1040.62
1041.38
1042.14
1043.01
1043.82
1044.72
1045.58
1046.57
1047.58
1048.52
1049.48
1050.49
1051.58
1052.59
1053.65
1054.74
1055.72
1056.68
1057.57
1058.56
1059.52
1060.46
1061.39
1062.41
1063.47
1064.45
1065.57
1066.67
1067.53
1068.45
1069.39
1070.26
1071.22
1072.12
1072.99
1073.9
1074.76
1075.62
1076.55
1077.39
1078.28
1079.18
1080.15
1081.07
1082.03
1082.92
1083.88
1084.83
1085.71
1086.63
1087.51
1088.38
1089.32
1090.18
1091.09
1091.97
1092.88
1093.65
1094.39
1095.11
1095.83
1096.52
1097.2
1097.85
1098.53
1099.23
1099.97
1100.75
1101.48
1102.26
1102.99
1103.72
1104.54
1105.28
1106.08
1106.88
1107.66
1108.42
1109.12
1109.82
1110.57
1111.24
1111.99
1112.61
1113.3
1113.93
1114.6
1115.3
1115.94
1116.64
1117.26
1117.92
1118.56
1119.2
1119.81
1120.51
1121.17
1121.87
1122.58
1123.33
1124.04
1124.72
1125.43
1126.13
1126.88
1127.58
1128.28
1128.99
1129.64
1130.32
1131.03
1131.7
1132.32
1132.98
1133.66
1134.33
1134.98
1135.64
1136.28
1136.93
1137.58
1138.22
1138.88
1139.51
1140.15
1140.77
1141.38
1141.99
1142.61
1143.22
1143.81
1144.41
1145.06
1145.73
1146.38
1147.02
1147.67
1148.29
1148.95
1149.56
1150.2
1150.83
1151.47
1152.12
1152.74
1153.38
1153.98
1154.59
1155.22
1155.86
1156.44
1157.05
1157.69
1158.33
1158.98
1159.6
1160.24
1160.88
1161.51
1162.13
1162.72
1163.32
1163.94
1164.55
1165.14
1165.76
1166.35
1166.97
1167.59
1168.22
1168.84
1169.47
1170.08
1170.7
1171.31
1171.91
1172.53
1173.15
1173.78
1174.39
1174.96
1175.54
1176.17
1176.79
1177.37
1177.98
1178.63
1179.26
1179.87
1180.49
1181.12
1181.74
1182.35
1182.99
1183.62
1184.27
1184.9
1185.55
1186.19
1186.9
1187.57
1188.22
1188.87
1189.46
1190.1
1190.7
1191.32
1191.95
1192.64
1193.26
1193.91
1194.53
1195.16
1195.75
1196.36
1197.01
1197.65
1198.3
1198.95
1199.63
1200.25
1200.98
1201.71
1202.48
1203.18
1203.96
1204.69
1205.44
1206.24
1207.02
1207.75
1208.54
1209.31
1210.08
1210.78
1211.44
1212.1
1212.73
1213.4
1214.2
1214.92
1215.68
1216.45
1217.23
1217.93
1218.68
1219.35
1220.0
1220.67
1221.34
1222.0
1222.63
1223.31
1223.97
1224.67
1225.38
1226.04
1226.73
1227.44
1228.12
1228.89
1229.72
1230.4
1231.07
1231.79
1232.55
1233.21
1233.87
1234.54
1235.22
1235.85
1236.51
1237.21
1237.84
1238.5
1239.13
1239.75
1240.35
1241.0
1241.59
1242.23
1242.89
1243.56
1244.24
1244.9
1245.56
1246.21
1246.84
1247.45
1248.09
1248.73
1249.39
1250.01
1250.6
1251.23
1251.87
1252.37
1252.89
1253.42
1253.94
1254.47
1254.99
1255.5
1256.02
1256.5
1257.08
1257.65
1258.26
1258.8
1259.38
1259.93
1260.47
1260.99
1261.55
1262.09
1262.59
1263.14
1263.63
1264.17
1264.7
1265.24
1265.77
1266.29
1266.81
1267.3
1267.83
1268.35
1268.87
1269.43
1269.99
1270.54
1271.09
1271.63
1272.24
1272.82
1273.37
1273.98
1274.53
1275.13
1275.74
1276.32
1276.89
1277.48
1278.07
1278.71
1279.3
1279.93
1280.52
1281.12
1281.76
1282.37
1282.95
1283.52
1284.11
1284.66
1285.19
1285.76
1286.3
1286.85
1287.42
1287.97
1288.49
1289.06
1289.61
1290.16
1290.69
1291.2
1291.69
1292.18
1292.66
1293.13
1293.58
1294.03
1294.48
1294.92
1295.35
1295.79
1296.25
1296.76
1297.28
1297.81
1298.36
1298.91
1299.42
1300.05
1300.7
1301.36
1302.03
1302.68
1303.29
1303.96
1304.69
1305.35
1306.06
1306.79
1307.47
1308.15
1308.89
1309.56
1310.3
1310.97
1311.74
1312.53
1313.28
1314.04
1314.79
1315.59
1316.38
1317.21
1317.99
1318.94
1319.81
1320.74
1321.65
1322.61
1323.51
1324.43
1325.38
1326.28
1327.14
1328.05
1328.8
1329.53
1330.3
1331.04
1331.76
1332.5
1333.25
1334.02
1334.7
1335.46
1336.14
1336.87
1337.62
1338.3
1339.02
1339.78
1340.54
1341.3
1342.2
1343.28
1344.32
1345.4
1346.48
1347.51
1348.44
1349.35
1350.27
1351.23
1352.15
1353.15
1354.07
1355.04
1355.95
1356.94
1357.87
1358.98
1360.1
1361.11
1362.17
1363.23
1364.36
1365.46
1366.4
1367.34
1368.29
1369.27
1370.25
1371.22
1372.16
1373.09
1374.04
1374.96
1375.81
1376.7
1377.56
1378.47
1379.3
1380.23
1381.17
1382.07
1383.02
1383.92
1384.83
1385.66
1386.58
1387.47
1388.47
1389.57
1390.64
1391.75
1392.77
1393.83
1394.88
1395.88
1396.94
1398.05
1399.1
1400.12
1401.17
1402.27
1403.31
1404.24
1405.15
1406.01
1406.9
1407.86
1408.72
1409.65
1410.58
1411.46
1412.42
1413.37
1414.37
1415.31
1416.26
1417.24
1418.22
1419.23
1420.26
1421.24
1422.34
1423.37
1424.3
1425.19
1426.07
1426.89
1427.79
1428.61
1429.59
1430.58
1431.51
1432.46
1433.51
1434.49
1435.51
1436.56
1437.6
1438.58
1439.62
1440.59
1441.65
1442.67
1443.71
1444.74
1445.78
1446.77
1447.73
1448.65
1449.55
1450.44
1451.32
1452.09
1452.86
1453.61
1454.3
1454.97
1455.59
1456.21
1456.8
1457.42
1457.98
1458.56
1459.13
1459.72
1460.33
1461.01
1461.66
1462.29
1462.9
1463.49
1464.12
1464.72
1465.3
1465.91
1466.48
1467.05
1467.6
1468.2
1468.83
1469.46
1470.06
1470.69
1471.28
1471.9
1472.47
1473.1
1473.65
1474.25
1474.82
1475.32
1475.85
1476.38
1476.94
1477.47
1478.0
1478.51
1479.03
1479.56
1480.11
1480.64
1481.17
1481.67
1482.17
1482.64
1483.17
1483.66
1484.14
1484.66
1485.23
1485.74
1486.3
1486.87
1487.5
1488.08
1488.7
1489.3
1489.87
1490.54
1491.18
1491.79
1492.45
1493.13
1493.87
1494.55
1495.24
1495.98
1496.72
1497.43
1498.17
1498.91
1499.62
1500.36
1501.09
1501.84
1502.64
1503.42
1504.26
1505.04
1505.97
1506.87
1507.82
1508.73
1509.63
1510.5
1511.3
1512.16
1513.04
1513.98
1514.91
1515.84
1516.77
1517.71
1518.65
1519.54
1520.4
1521.34
1522.19
1523.03
1523.9
1524.69
1525.45
1526.25
1527.05
1527.78
1528.51
1529.29
1530.04
1530.84
1531.67
1532.47
1533.23
1534.0
1534.74
1535.59
1536.42
1537.32
1538.21
1539.06
1539.93
1540.77
1541.69
1542.54
1543.37
1544.29
1545.21
1546.06
1546.85
1547.67
1548.45
1549.27
1550.04
1550.86
1551.65
1552.41
1553.23
1553.99
1554.79
1555.63
1556.39
1557.23
1557.96
1558.75
1559.51
1560.37
1561.16
1562.01
1562.89
1563.77
1564.59
1565.57
1566.49
1567.55
1568.61
1569.66
1570.66
1571.72
1572.66
1573.64
1574.53
1575.5
1576.39
1577.25
1578.14
1579.27
1580.32
1581.43
1582.52
1583.65
1584.7
1585.68
1586.64
1587.65
1588.6
1589.54
1590.51
1591.53
1592.5
1593.54
1594.53
1595.56
1596.68
1597.74
1598.79
1599.85
1600.82
1601.87
1602.86
1603.79
1604.78
1605.8
1606.9
1607.94
1608.97
1609.96
1611.04
1612.03
1613.1
1614.06
1615.13
1616.09
1617.03
1618.01
1618.94
1619.85
1620.72
1621.61
1622.45
1623.33
1624.18
1625.07
1625.97
1626.92
1627.79
1628.69
1629.44
1630.16
1630.94
1631.68
1632.42
1633.15
1633.93
1634.65
1635.4
1636.12
1636.95
1637.74
1638.49
1639.3
1640.06
1640.81
1641.56
1642.33
1643.2
1644.02
1644.86
1645.69
1646.52
1647.44
1648.32
1649.18
1650.07
1650.9
1651.79
1652.63
1653.5
1654.37
1655.18
1656.05
1656.83
1657.66
1658.62
1659.53
1660.4
1661.37
1662.36
1663.32
1664.24
1665.2
1666.22
1667.28
1668.28
1669.37
1670.52
1671.54
1672.65
1673.7
1674.66
1675.67
1676.61
1677.59
1678.53
1679.53
1680.46
1681.46
1682.42
1683.43
1684.38
1685.34
1686.29
1687.3
1688.2
1689.11
1689.96
1690.86
1691.8
1692.66
1693.56
1694.5
1695.42
1696.21
1697.06
1697.91
1698.7
1699.57
1700.39
1701.19
1702.02
1702.93
1703.74
1704.67
1705.54
1706.45
1707.39
1708.31
1709.25
1710.14
1711.08
1712.05
1713.0
1713.89
1714.73
1715.62
1716.45
1717.32
1718.2
1719.08
1719.93
1720.84
1721.72
1722.59
1723.44
1724.31
1725.18
1726.0
1726.89
