1.63
4.17
6.71
9.18
11.71
14.22
16.99
19.8
22.57
25.63
28.65
31.71
34.94
38.39
41.88
45.04
48.26
51.56
55.07
58.16
60.94
63.84
67.18
71.04
74.91
78.24
81.23
84.33
87.81
90.87
93.53
96.22
99.19
102.06
104.66
107.2
109.97
112.6
115.22
117.84
120.98
124.4
127.82
130.89
134.28
137.46
140.31
143.28
145.92
148.32
150.62
153.28
156.42
159.67
163.05
166.64
170.35
174.03
177.66
181.44
184.67
187.92
190.9
193.93
196.96
199.98
203.09
206.05
209.03
212.21
215.85
219.33
223.35
227.61
230.91
234.52
237.9
241.17
244.86
248.68
252.43
256.08
259.56
263.02
265.97
268.64
271.3
274.24
277.27
280.74
284.34
287.71
291.21
294.9
299.07
303.18
307.27
311.28
314.89
318.35
322.24
326.35
330.74
334.94
338.78
342.62
346.61
350.73
354.75
358.93
363.13
367.36
371.31
374.67
377.86
381.13
384.68
388.66
392.77
397.19
401.29
405.03
408.85
412.85
416.72
420.82
425.0
429.19
433.17
437.23
441.37
445.55
449.02
451.93
454.71
457.46
460.47
463.39
466.16
468.86
471.47
474.43
477.57
480.79
484.53
488.61
492.85
497.07
501.0
504.71
508.29
511.17
513.85
516.39
518.87
521.45
524.01
526.45
528.8
531.65
535.0
537.97
541.2
544.35
547.76
551.03
554.95
558.83
562.55
566.39
569.85
573.12
576.52
580.25
584.12
588.28
592.53
596.42
600.05
603.59
607.51
611.43
615.59
619.95
623.88
627.73
631.51
635.35
639.19
643.24
647.6
651.86
655.85
659.92
663.87
667.26
670.7
674.26
677.95
681.64
685.6
689.73
693.98
697.48
700.57
703.75
706.82
709.75
712.74
715.61
719.27
722.95
727.15
731.47
735.87
739.71
743.13
746.84
750.52
754.38
758.02
761.56
765.28
768.99
772.3
775.61
779.0
782.32
785.34
788.93
792.42
795.79
799.08
802.66
806.43
809.75
812.38
815.31
818.73
822.6
826.67
830.38
834.52
838.09
841.56
844.86
848.34
851.87
855.56
859.66
863.54
867.09
870.19
873.39
876.68
879.69
882.82
886.27
889.38
892.42
895.23
898.18
901.16
904.72
908.41
912.56
916.82
921.03
925.37
929.72
933.92
938.18
942.11
945.95
950.09
954.39
958.8
962.7
966.86
970.96
975.01
978.44
981.86
984.77
987.31
989.81
992.53
995.27
998.58
1002.55
1006.51
1009.43
1012.41
1015.49
1018.59
1021.7
1024.99
1028.02
1031.18
1034.42
1037.49
1040.53
1043.83
1047.57
1051.57
1055.72
1060.13
1064.44
1068.44
1072.11
1075.61
1079.17
1082.92
1086.71
1089.69
1092.46
1095.14
1097.84
1100.74
1103.7
1106.88
1110.23
1113.85
1117.25
1120.5
1123.5
1126.07
1128.64
1131.36
1134.33
1136.92
1139.5
1141.98
1144.4
1147.01
1149.56
1152.12
1154.58
1157.04
1159.59
1162.12
1164.54
1166.97
1169.47
1171.91
1174.36
1176.78
1179.25
1181.74
1184.27
1186.89
1189.45
1191.95
1194.52
1197.0
1199.62
1202.47
1205.43
1208.53
1211.43
1214.19
1217.22
1220.03
1222.83
1225.82
1228.89
1231.78
1234.53
1237.2
1239.9
1242.88
1245.55
1248.08
1250.59
1253.18
1255.76
1258.6
1261.55
1264.7
1267.83
1270.83
1273.83
1276.32
1278.74
1281.12
1283.52
1285.76
1287.97
1290.15
1292.18
1294.02
1296.25
1298.78
1301.36
1303.95
1306.78
1309.55
1312.72
1316.37
1320.31
1323.94
1327.69
1331.04
1334.02
1336.86
1339.77
1342.61
1345.39
1348.43
1351.52
1355.03
1358.71
1362.44
1366.36
1370.23
1373.85
1377.56
1381.34
1385.05
1388.57
1391.74
1394.87
1397.88
1400.75
1403.86
1407.03
1410.58
1414.37
1418.21
1422.34
1426.06
1429.58
1433.5
1437.59
1441.64
1445.77
1449.54
1452.85
1455.58
1457.97
1460.33
1462.89
1465.29
1467.59
1470.05
1472.45
1474.82
1477.48
1480.37
1484.13
1488.47
1492.44
1496.26
1500.12
1503.76
1507.4
1511.62
1515.46
1518.96
1522.39
1525.44
1528.54
1531.64
1534.73
1538.22
1541.93
1545.57
1549.26
1552.96
1556.4
1559.5
1562.87
1566.25
1569.37
1572.65
1575.95
1579.71
1583.68
1587.62
1591.52
1595.56
1599.84
1603.51
1607.34
1611.42
1615.26
1618.92
1622.44
1625.96
1629.52
1633.03
1636.2
1639.29
1642.32
1645.66
1649.17
1652.62
1656.16
1660.39
1664.23
1668.29
1672.63
1676.6
1680.45
1684.38
1688.19
1691.78
1695.41
1699.06
1702.87
1706.44
1710.13
1713.88
1717.55
1721.33
1725.08
