0.29
0.82
1.34
1.89
2.41
2.94
3.45
3.96
4.49
5.05
5.57
6.09
6.59
7.1
7.61
8.12
8.62
9.13
9.68
10.26
10.81
11.36
11.91
12.45
12.98
13.53
14.11
14.64
15.19
15.7
16.23
16.75
17.26
17.75
18.21
18.68
19.17
19.63
20.11
20.58
21.1
21.69
22.27
22.83
23.41
23.95
24.52
25.12
25.66
26.26
26.89
27.54
28.22
28.87
29.51
30.03
30.57
31.12
31.67
32.21
32.75
33.3
33.83
34.36
34.86
35.39
35.93
36.47
36.99
37.51
38.03
38.54
39.08
39.61
40.12
40.61
41.11
41.67
42.23
42.77
43.34
43.88
44.41
45.02
45.58
46.16
46.82
47.48
48.18
48.85
49.49
50.06
50.6
51.17
51.74
52.29
52.82
53.37
53.93
54.55
55.13
55.7
56.33
57.01
57.62
58.39
59.16
59.89
60.66
61.34
62.05
62.74
63.45
64.15
64.91
65.63
66.31
67.09
67.84
68.6
69.34
70.06
70.83
71.6
72.31
73.08
73.89
74.66
75.43
76.2
77.0
77.72
78.5
79.24
79.95
80.68
81.42
82.22
82.98
83.78
84.62
85.38
86.19
87.08
87.95
88.85
89.73
90.66
91.52
92.41
93.31
94.26
95.17
96.15
97.03
98.01
98.9
99.82
100.79
101.64
102.53
103.31
104.09
104.85
105.63
106.43
107.18
107.95
108.66
109.41
110.16
110.93
111.7
112.48
113.2
113.96
114.76
115.51
116.25
117.01
117.62
118.25
118.89
119.51
120.13
120.76
121.33
121.96
122.53
123.16
123.73
124.36
124.93
125.53
126.13
126.76
127.4
128.0
128.62
129.28
129.91
130.54
131.21
131.83
132.51
133.14
133.78
134.41
135.0
135.6
136.24
136.8
137.38
137.95
138.56
139.13
139.67
140.23
140.79
141.38
141.91
142.5
143.02
143.57
144.14
144.69
145.23
145.74
146.31
146.85
147.38
147.92
148.44
148.98
149.55
150.09
150.61
151.12
151.63
152.13
152.64
153.12
153.64
154.15
154.63
155.17
155.7
156.25
156.76
157.28
157.87
158.41
158.98
159.52
160.11
160.65
161.24
161.84
162.47
163.11
163.76
164.35
164.87
165.42
166.0
166.54
167.08
167.64
168.17
168.74
169.35
169.97
170.54
171.09
171.62
172.17
172.71
173.28
173.82
174.36
