0.28
0.88
1.47
2.1
2.73
3.33
3.91
4.48
5.08
5.67
6.28
6.87
7.45
8.03
8.59
9.18
9.75
10.32
10.88
11.43
12.05
12.67
13.29
13.91
14.53
15.13
15.76
16.41
17.04
17.66
18.24
18.83
19.42
19.99
20.58
21.18
21.77
22.4
22.99
23.63
24.21
24.85
25.43
26.03
26.63
27.24
27.9
28.58
29.22
29.82
30.47
31.08
31.75
32.36
33.03
33.67
34.29
34.92
35.54
36.17
36.76
37.34
37.89
38.51
39.14
39.75
40.34
40.99
41.69
42.33
43.01
43.7
44.29
44.91
45.48
46.1
46.68
47.26
47.81
48.37
48.94
49.57
50.14
50.75
51.38
52.0
52.62
53.3
53.91
54.6
55.23
55.82
56.42
57.01
57.61
58.18
58.76
59.36
59.96
60.57
61.15
61.76
62.38
62.94
63.54
64.09
64.69
65.25
65.87
66.43
67.04
67.64
68.21
68.81
69.4
70.03
70.63
71.26
71.87
72.49
73.12
73.71
74.33
74.95
75.58
76.24
76.85
77.48
78.11
78.71
79.33
79.98
80.59
81.2
81.83
82.49
83.1
83.74
84.39
85.13
85.81
86.52
87.22
87.92
88.6
89.29
90.02
90.69
91.4
92.12
92.91
93.65
94.4
95.16
95.93
96.71
97.46
98.28
99.09
99.9
100.65
101.42
102.21
102.97
103.69
104.39
105.09
105.83
106.59
107.34
108.04
108.84
109.57
110.33
111.14
111.87
112.67
113.42
114.23
115.11
115.96
116.87
117.74
118.63
119.46
120.33
121.24
122.1
122.93
123.82
124.7
125.51
126.26
127.05
127.81
128.58
129.35
130.08
130.86
131.64
132.38
132.98
133.63
134.22
134.83
135.46
136.06
136.66
137.23
137.83
138.44
139.06
139.64
140.25
140.84
141.4
142.0
142.54
143.11
143.7
144.27
144.83
145.38
145.9
146.44
146.97
147.56
148.13
148.74
149.32
149.87
150.43
150.99
151.53
152.16
152.73
153.36
153.95
154.53
155.15
155.74
156.3
156.82
157.4
157.92
158.49
159.08
159.65
160.25
160.86
161.42
