0.0
0.47
0.99
1.47
2.0
2.48
2.91
3.38
3.81
4.26
4.76
5.28
5.79
6.3
6.8
7.3
7.8
8.3
8.81
9.35
9.87
10.38
10.89
11.4
11.91
12.43
12.93
13.45
13.95
14.45
14.96
15.47
15.98
16.48
16.99
17.51
18.03
18.52
19.04
19.59
20.1
20.62
21.14
21.68
22.2
22.74
23.25
23.8
24.32
24.86
25.38
25.93
26.43
26.98
27.53
28.07
28.6
29.09
29.55
30.03
30.53
31.0
31.48
31.99
32.51
33.02
33.54
34.05
34.56
35.06
35.59
36.1
36.61
37.16
37.68
38.23
38.75
39.27
39.77
40.3
40.81
41.32
41.86
42.39
42.93
43.45
43.98
44.49
44.99
45.51
46.03
46.56
47.13
47.64
48.2
48.73
49.27
49.77
50.3
50.8
51.32
51.84
52.37
52.88
53.38
53.92
54.4
54.92
55.43
55.96
56.52
57.05
57.55
58.08
58.64
59.14
59.67
60.2
60.75
61.26
61.79
62.33
62.88
63.4
63.91
64.45
64.97
65.5
66.01
66.54
67.08
67.59
68.11
68.64
69.17
69.7
70.28
70.83
71.35
71.9
72.47
73.01
73.58
74.1
74.65
75.21
75.75
76.26
76.79
77.35
77.86
78.42
78.94
79.48
80.01
80.59
81.11
81.68
82.23
82.75
83.29
83.82
84.36
84.9
85.49
86.04
86.64
87.18
87.7
88.19
88.7
89.21
89.71
90.18
90.67
91.17
91.68
92.18
92.65
93.16
93.67
94.18
94.71
95.23
95.71
96.25
96.73
97.27
97.74
98.27
98.74
99.26
99.74
100.26
100.78
101.34
101.86
102.39
102.91
103.43
103.96
104.51
105.02
105.51
106.02
106.54
107.08
107.59
108.11
108.61
109.13
109.63
110.14
110.65
111.15
111.67
112.2
112.71
113.22
113.74
114.26
114.79
115.32
115.84
116.35
116.86
117.36
117.87
118.38
118.89
119.41
119.93
120.43
120.96
121.47
121.99
122.54
123.06
123.57
124.09
124.64
125.15
125.7
126.22
126.75
127.29
127.8
128.31
128.84
129.36
129.9
130.46
130.99
131.52
132.04
132.53
133.06
133.58
134.06
134.57
135.08
135.59
136.1
136.61
137.15
137.63
138.15
138.67
139.18
139.7
140.2
140.75
141.26
141.79
142.29
142.81
143.38
143.9
144.46
144.98
145.5
146.03
146.53
147.07
147.56
148.08
148.61
149.15
149.69
150.19
150.72
151.26
151.77
152.27
152.78
153.28
153.78
154.29
154.81
155.33
155.83
156.33
156.84
157.35
157.91
158.41
158.97
159.5
160.0
160.53
161.07
161.59
162.12
162.69
163.23
163.74
164.28
164.83
165.39
165.93
166.44
166.98
167.53
168.05
168.57
169.09
169.62
170.18
170.7
171.24
171.79
172.34
172.92
173.45
173.99
174.54
175.12
175.67
176.22
176.76
177.3
177.84
178.41
178.93
179.46
180.01
180.54
181.08
181.6
182.15
182.67
183.22
183.77
184.35
184.89
185.45
185.97
186.52
187.08
187.64
188.23
188.76
189.35
189.89
190.42
190.91
191.41
191.9
192.41
192.88
193.35
193.8
194.27
194.74
195.23
195.7
196.2
196.68
197.16
197.63
198.09
198.57
199.02
199.49
199.97
200.46
200.96
201.47
201.98
202.45
202.97
203.47
203.96
204.44
204.93
205.45
205.93
206.4
206.89
207.42
207.97
208.55
209.08
209.62
210.2
210.74
211.28
211.82
212.37
212.94
213.47
214.05
214.57
215.06
215.59
216.09
216.6
217.1
217.61
218.13
218.72
219.25
219.83
220.37
220.94
221.48
221.94
222.42
222.92
223.4
223.86
224.34
224.83
225.31
225.8
226.27
226.76
227.24
227.71
228.19
228.7
229.21
229.74
230.25
230.73
231.24
231.75
232.26
232.77
233.3
233.82
234.32
234.83
235.31
235.83
236.32
236.81
237.32
237.84
238.36
238.9
239.45
239.95
240.49
241.02
241.54
242.07
242.61
243.15
243.67
244.18
244.68
245.2
245.72
246.22
246.73
247.24
247.75
248.27
248.79
249.3
249.82
250.33
250.85
251.39
251.9
252.42
252.91
253.37
253.87
254.37
254.89
255.4
255.92
256.45
256.99
257.55
258.16
258.71
259.31
259.92
260.49
261.04
261.61
262.18
262.78
263.33
263.85
264.4
264.91
265.43
265.95
266.46
266.98
267.5
268.0
268.52
269.03
269.57
270.1
270.62
271.14
271.67
272.22
272.75
273.27
273.79
274.3
274.82
275.34
275.89
276.4
276.92
277.45
277.97
278.48
278.99
279.51
280.06
280.58
281.11
281.62
282.17
282.67
283.21
283.73
284.25
284.76
285.29
285.8
286.32
286.8
287.31
287.85
288.42
288.94
289.47
290.05
290.57
291.14
291.7
292.23
292.78
293.33
293.87
294.42
294.99
295.52
296.07
296.65
297.18
297.72
298.24
298.77
299.29
299.81
300.34
300.88
301.43
301.95
302.46
302.98
303.49
304.01
304.5
305.01
305.53
306.04
306.57
307.06
307.57
308.12
308.62
309.13
309.64
310.16
310.64
311.16
311.66
312.16
312.62
313.13
313.6
314.1
314.64
315.17
315.66
316.2
316.7
317.25
317.74
318.29
318.8
319.33
319.82
320.34
320.87
321.43
321.93
322.49
323.02
323.52
324.05
324.61
325.14
325.65
326.17
326.7
327.25
327.76
328.33
328.87
329.44
329.97
330.53
331.11
331.66
332.21
332.73
333.26
333.78
334.32
334.83
335.38
335.88
336.38
336.89
337.41
337.91
338.43
338.94
339.53
340.06
340.63
341.23
341.77
342.32
342.86
343.44
343.99
344.51
345.06
345.61
346.19
346.73
347.26
347.84
348.37
348.89
349.43
349.99
350.53
351.05
351.6
352.19
352.75
353.31
353.88
354.48
355.03
355.57
356.11
356.69
357.19
357.74
358.26
358.81
359.32
359.84
360.37
360.9
361.43
361.97
362.49
363.07
363.62
364.17
364.75
365.36
365.94
366.45
366.95
367.49
368.02
368.5
369.01
369.54
370.06
370.55
371.02
371.52
372.03
372.5
372.98
373.46
373.96
374.44
374.91
375.37
375.85
376.3
376.79
377.25
377.68
378.13
378.6
379.04
379.46
379.9
380.35
380.78
381.22
381.68
382.12
382.56
382.98
383.42
383.86
384.29
384.72
385.15
385.6
386.03
386.45
386.89
387.31
387.75
388.18
388.62
389.08
389.51
389.95
390.4
390.83
391.26
391.69
392.12
392.56
392.99
393.41
393.84
394.27
394.71
395.13
395.55
395.97
396.39
396.83
397.25
397.67
398.07
398.5
398.93
399.33
399.8
400.28
400.79
401.29
401.77
402.23
402.73
403.19
403.69
404.17
404.63
405.11
