2.0
4.25
6.3
8.3
10.37
12.42
14.45
16.48
18.52
20.62
22.74
24.85
26.99
29.12
31.61
34.04
36.1
38.23
40.29
42.39
44.48
46.55
48.72
50.79
52.88
54.95
57.06
59.13
61.25
63.4
65.5
67.58
69.68
71.6
73.58
75.74
77.85
80.01
82.23
84.35
86.22
88.18
90.18
92.16
94.18
96.24
98.26
100.25
102.18
104.17
106.11
108.11
110.14
112.2
114.26
116.34
118.38
120.43
122.53
124.65
126.74
128.84
130.99
133.09
135.2
137.12
139.03
140.91
142.92
144.98
147.06
149.14
151.24
153.28
155.3
157.34
159.49
161.58
163.73
165.92
168.04
170.06
172.14
174.22
176.22
178.4
180.53
182.67
184.89
187.07
189.34
191.41
193.36
195.22
197.12
198.98
200.96
202.97
204.93
206.89
208.79
210.73
212.63
214.56
216.6
218.71
220.92
222.91
224.82
226.75
228.7
230.72
232.77
234.82
236.81
238.89
241.02
243.15
245.19
247.23
249.3
251.38
253.37
255.4
257.53
259.92
262.17
264.4
266.46
268.51
270.62
272.75
274.81
276.92
278.99
281.11
283.21
285.28
287.37
289.46
291.69
293.86
296.06
298.23
300.33
302.46
304.49
306.56
308.62
310.64
312.61
314.63
316.69
318.79
320.86
323.01
325.13
327.37
329.57
331.78
333.9
336.0
338.06
340.19
342.3
344.35
346.5
348.62
350.66
352.74
354.89
357.16
359.32
361.43
363.62
365.94
368.0
370.04
372.02
373.95
375.84
377.68
379.44
381.2
382.97
384.71
386.44
388.17
389.93
391.67
393.39
395.12
396.81
398.48
400.27
