0.37
0.95
1.56
2.14
2.68
3.28
3.85
4.39
4.98
5.58
6.19
6.77
7.37
8.01
8.62
9.22
9.8
10.41
11.0
11.6
12.16
12.76
13.33
13.9
14.48
15.06
15.66
16.24
16.84
17.46
18.04
18.64
19.27
19.84
20.45
21.07
21.64
22.27
22.87
23.44
24.02
24.62
25.13
25.66
26.2
26.75
27.25
27.79
28.32
28.89
29.45
30.05
30.61
31.21
31.78
32.37
33.0
33.61
34.19
34.81
35.46
36.06
36.73
37.35
38.0
38.61
39.25
39.9
40.57
41.2
41.88
42.52
43.17
43.86
44.5
45.19
45.86
46.58
47.32
48.1
48.87
49.65
50.44
51.21
52.01
52.77
53.54
54.36
55.13
55.87
56.57
57.33
58.12
58.88
59.79
60.63
61.56
62.42
63.25
64.15
65.01
65.9
66.71
67.57
68.38
69.25
70.06
70.86
71.64
72.41
73.12
73.91
74.71
75.48
76.18
76.81
77.49
78.1
78.76
79.36
79.92
80.47
81.06
81.62
82.21
82.74
83.33
83.88
84.42
84.98
85.64
86.24
87.0
87.72
88.45
89.2
89.93
90.63
91.33
92.05
92.74
93.49
94.19
94.89
95.69
96.52
97.31
98.09
98.9
99.73
100.5
101.29
102.12
102.95
103.8
104.62
105.59
106.5
107.31
108.12
108.91
109.75
110.47
111.22
112.0
112.71
113.45
114.21
115.04
115.83
116.67
117.47
118.31
119.07
119.88
120.82
121.73
122.69
123.56
124.37
125.25
126.11
126.94
127.83
128.63
129.48
130.3
131.17
132.01
132.94
133.78
134.75
135.66
136.63
137.57
138.48
139.4
140.34
141.24
142.15
143.07
143.83
144.58
145.38
146.12
146.86
147.63
148.42
149.25
150.05
150.8
151.6
152.37
153.13
153.89
154.69
155.48
156.22
157.01
157.76
158.57
159.3
160.05
160.71
161.34
161.95
162.59
163.22
163.89
164.58
165.19
165.73
166.3
166.9
167.45
168.02
168.58
169.2
169.83
170.47
171.09
171.68
172.33
172.92
173.56
174.14
174.75
175.32
175.89
176.42
177.02
177.59
178.21
178.78
179.49
180.35
181.35
182.33
183.32
184.28
185.33
186.28
187.28
188.27
189.32
190.27
191.28
192.3
193.38
194.38
195.37
196.37
197.32
198.41
199.53
200.63
201.62
202.6
203.55
204.5
205.42
206.48
207.57
208.71
209.8
210.87
211.97
212.98
214.05
215.08
216.1
217.09
218.12
219.13
220.1
221.06
222.09
222.96
223.9
224.83
225.72
226.54
227.45
228.46
229.43
230.38
231.34
232.25
233.15
234.1
235.0
235.89
236.87
237.77
238.72
239.68
240.71
241.53
242.42
243.4
244.38
245.35
246.42
247.47
248.54
249.57
250.68
251.69
252.6
253.5
254.42
255.33
256.4
257.48
258.57
259.72
260.77
261.89
262.93
263.95
264.96
265.96
266.92
267.91
268.88
269.83
270.82
271.88
272.85
273.76
274.72
275.66
276.59
277.52
278.41
279.37
280.29
281.21
282.2
283.12
284.07
285.02
285.99
286.91
287.86
288.8
289.69
290.59
291.52
292.46
293.29
294.18
295.08
295.96
296.86
297.74
298.58
299.45
300.38
301.25
302.12
303.05
303.97
304.83
305.83
306.78
307.89
308.93
310.07
311.14
312.23
313.29
314.44
315.46
316.55
317.66
318.74
319.62
320.53
321.45
322.38
323.35
324.41
325.33
326.29
327.28
328.2
329.19
329.94
330.73
331.53
332.42
333.39
334.39
335.35
336.26
337.3
338.29
339.28
340.23
341.2
342.16
343.14
344.13
345.09
346.05
346.94
347.89
348.89
349.83
350.79
351.8
352.65
353.45
354.23
355.03
355.83
356.72
357.6
358.42
359.3
360.14
360.94
361.83
362.64
363.46
364.33
365.08
365.85
366.62
367.36
368.06
368.81
369.6
370.31
371.08
371.83
372.79
373.7
374.66
375.66
376.63
377.49
378.32
379.19
380.06
380.9
381.82
382.8
383.72
384.59
385.48
386.35
387.29
388.28
389.21
390.16
391.08
392.17
393.22
394.27
395.35
396.34
397.42
398.42
399.45
400.46
401.52
402.48
403.44
404.3
405.21
406.14
407.13
408.17
409.12
410.1
411.05
412.09
413.09
414.11
415.08
415.97
416.94
417.86
418.73
419.61
420.49
421.48
422.4
423.4
424.37
425.43
426.41
427.38
428.43
429.52
430.63
431.58
432.65
433.6
434.61
435.63
436.6
437.55
438.6
439.67
440.75
441.7
442.74
443.61
444.44
445.22
446.02
446.83
447.64
448.46
449.33
450.13
451.01
451.96
452.81
453.66
454.47
455.22
455.99
456.81
457.55
458.38
459.17
459.9
460.71
461.48
462.21
463.0
463.78
464.52
465.43
466.39
467.28
468.17
469.08
469.92
470.81
471.7
472.49
473.24
474.0
474.78
475.57
476.4
477.21
477.97
478.78
479.54
480.28
481.07
481.86
482.59
483.4
484.17
484.94
485.65
486.42
487.13
487.89
488.54
489.17
489.77
490.41
491.06
491.69
492.29
492.95
493.58
494.21
494.81
495.44
496.1
496.73
497.33
497.97
498.61
499.26
499.89
500.56
501.2
501.81
502.5
503.14
503.73
504.36
504.97
505.62
506.21
506.86
507.46
508.08
508.7
509.26
509.82
510.41
511.01
511.6
512.22
512.82
513.43
514.03
514.61
515.23
515.83
516.41
517.08
517.93
518.72
519.56
520.52
521.42
522.37
523.42
524.38
525.36
526.36
527.38
528.34
529.3
530.3
531.13
532.02
532.9
533.75
534.6
535.48
536.36
537.3
538.3
539.23
540.19
541.05
541.9
542.74
543.61
544.51
545.33
546.19
547.09
547.95
548.83
549.63
550.5
551.37
552.22
553.06
553.97
554.83
555.75
556.59
557.47
558.41
559.33
560.21
561.15
561.94
562.68
563.42
564.13
564.8
565.47
566.07
566.69
567.3
567.98
568.62
569.26
569.91
570.55
571.25
571.88
572.52
573.14
573.78
574.45
575.06
575.72
576.33
576.96
577.61
578.19
578.74
579.27
579.8
580.36
580.9
581.47
582.05
582.6
583.21
583.78
584.33
584.84
585.45
586.01
586.62
587.2
587.83
588.39
588.97
589.53
590.04
590.58
591.15
591.69
592.18
592.67
593.18
593.68
594.18
594.68
595.16
595.61
596.02
596.47
596.89
597.33
597.75
598.17
598.61
599.03
599.46
599.91
600.34
600.77
601.2
601.61
602.04
602.45
602.87
603.3
603.7
604.14
604.6
605.04
605.47
605.91
606.34
606.78
607.24
607.66
608.1
608.54
609.0
609.42
609.84
610.28
610.74
611.21
611.7
612.16
612.66
613.23
613.75
614.32
614.85
615.44
616.04
616.62
617.21
617.83
618.41
618.98
619.61
620.25
620.87
621.52
622.12
622.77
