1.61
5.57
9.0
12.14
15.66
19.27
22.86
26.19
29.45
33.07
36.56
40.23
43.85
47.32
50.43
53.53
56.56
59.78
63.22
66.71
70.06
73.1
75.58
78.09
80.45
82.73
84.97
87.52
89.96
92.4
94.85
97.31
99.85
102.11
104.23
106.5
109.42
112.83
116.37
119.87
123.54
126.94
130.69
134.6
138.47
142.15
145.37
148.41
151.6
154.69
158.11
161.57
165.63
169.82
173.84
177.59
181.34
185.17
189.31
193.49
197.32
201.11
204.87
208.7
212.97
217.08
221.06
224.83
228.45
232.25
235.88
239.67
243.4
246.94
250.2
253.97
257.46
261.15
265.28
269.48
273.75
277.51
281.21
285.02
288.79
292.45
295.96
299.44
303.04
306.78
311.13
315.45
319.61
323.41
327.27
330.73
334.38
338.25
342.2
346.04
349.82
353.45
356.72
360.24
363.62
366.61
369.59
372.77
375.88
379.18
382.71
386.35
390.15
393.85
397.42
401.02
404.55
408.16
412.08
415.61
419.25
422.4
425.03
427.73
430.07
432.33
434.6
436.59
438.59
440.75
443.45
446.41
450.06
453.66
456.8
459.9
463.0
466.38
469.92
473.23
476.39
479.53
483.01
486.4
489.14
491.64
494.19
496.68
499.25
501.8
504.37
506.86
509.25
511.59
514.18
517.11
520.51
524.38
528.33
532.01
535.47
539.33
543.61
547.94
551.9
555.74
559.33
562.94
566.68
570.53
574.44
577.96
581.72
585.44
588.96
592.35
595.82
599.44
602.86
606.29
609.81
612.94
616.04
618.97
621.98
