0.42
1.04
1.72
2.37
3.03
3.66
4.33
4.94
5.53
6.1
6.68
7.26
7.83
8.43
9.09
9.73
10.37
10.99
11.6
12.23
12.95
13.64
14.32
15.04
15.8
16.51
17.23
17.95
18.62
19.33
20.05
20.72
21.31
21.95
22.56
23.18
23.81
24.46
25.08
25.68
26.31
26.88
27.46
28.02
28.59
29.19
29.73
30.31
30.87
31.4
31.94
32.46
33.0
33.57
34.1
34.68
35.2
35.77
36.32
36.86
37.37
37.91
38.47
38.99
39.53
40.15
40.72
41.33
41.98
42.6
43.24
43.88
44.54
45.21
45.82
46.49
47.1
47.75
48.4
49.05
49.67
50.26
50.9
51.51
52.15
52.84
53.47
54.1
54.75
55.46
56.1
56.8
57.43
58.16
58.83
59.56
60.28
60.99
61.69
62.46
63.18
63.92
64.67
65.37
66.05
66.76
67.51
68.17
68.85
69.53
70.28
70.99
71.67
72.34
72.95
73.59
74.23
74.9
75.49
76.11
76.75
77.35
77.89
78.47
79.02
79.6
80.13
80.74
81.31
82.07
82.78
83.53
84.25
85.01
85.74
86.46
87.15
87.87
88.61
89.3
89.96
90.58
91.18
91.79
92.41
93.03
93.67
94.3
94.91
95.51
96.13
96.78
97.37
98.01
98.66
99.26
99.87
100.52
101.11
101.73
102.35
103.05
103.76
104.43
105.13
105.83
106.5
107.08
107.68
108.31
108.9
109.48
110.11
110.65
111.22
111.8
112.39
112.94
113.52
114.1
114.64
115.21
115.78
116.35
116.95
117.49
118.05
118.58
119.13
119.7
120.23
120.78
121.34
121.93
122.47
122.98
123.52
124.06
124.66
125.2
125.77
126.37
126.96
127.51
128.11
128.74
129.37
130.03
130.71
131.4
132.03
132.71
133.45
134.19
134.84
135.51
136.23
136.92
137.68
138.39
139.12
139.75
140.39
141.04
141.74
142.36
143.05
143.72
144.34
145.01
145.67
146.36
147.0
147.74
148.49
149.29
150.05
150.81
151.52
152.18
152.88
153.6
154.23
154.92
155.54
156.16
156.79
157.43
158.08
158.61
159.17
159.76
160.31
160.85
161.41
161.99
162.6
163.17
163.71
164.31
164.85
165.42
165.95
166.51
167.06
167.62
168.17
168.69
169.27
170.0
170.9
171.74
172.7
173.7
174.73
175.68
176.72
177.61
178.57
179.47
180.4
181.34
182.28
183.42
184.52
185.56
186.6
187.6
188.68
189.66
190.7
191.77
192.75
193.71
194.7
195.74
196.72
197.69
198.68
199.69
200.73
201.64
202.45
203.2
204.03
204.82
205.56
206.33
207.13
208.01
208.89
209.78
210.62
211.53
212.41
213.29
214.13
214.92
215.63
216.38
217.12
217.85
218.6
219.26
219.96
220.66
221.34
222.01
222.74
223.4
224.12
224.83
225.56
226.26
226.98
227.74
228.42
229.16
229.86
230.62
231.28
231.98
232.72
233.39
234.01
234.69
235.32
235.99
236.68
237.32
237.97
238.61
239.18
239.78
240.38
240.94
241.54
242.12
242.74
243.3
243.87
244.5
245.09
245.69
246.35
246.98
247.58
248.22
248.87
249.5
250.17
250.8
251.4
252.03
252.69
253.27
253.9
254.49
255.12
255.73
256.32
256.91
257.54
258.13
258.76
259.33
259.95
260.53
261.12
261.71
262.31
262.89
263.47
264.06
264.69
265.27
265.95
266.64
267.37
268.11
268.86
269.62
270.36
271.13
271.93
272.77
273.54
274.33
275.17
275.94
276.75
277.71
278.62
279.56
280.56
281.53
282.6
283.75
284.78
285.86
286.93
288.0
289.1
290.11
291.14
292.1
293.1
294.11
295.11
296.16
297.03
297.95
298.87
299.84
300.78
301.66
302.61
303.59
304.5
305.38
306.3
307.18
308.12
309.05
310.06
311.0
311.96
312.92
313.76
314.7
315.58
316.45
317.34
318.37
319.46
320.52
321.51
322.58
323.59
324.64
325.71
326.65
327.63
328.59
329.5
330.22
330.92
331.67
332.33
332.98
333.69
334.32
334.98
335.58
336.21
336.86
337.6
338.27
339.13
339.97
340.82
341.63
342.48
343.36
344.19
345.02
345.83
346.67
347.4
348.17
348.76
349.39
350.02
350.65
351.22
351.85
352.43
353.03
353.66
354.32
354.9
355.49
356.08
356.67
357.27
357.88
358.46
359.04
359.62
360.23
360.82
361.41
361.98
362.57
363.13
363.69
364.25
364.9
365.51
366.18
366.85
367.52
368.16
368.77
369.42
370.08
370.75
371.4
372.14
372.85
373.6
374.3
374.95
375.6
376.3
376.93
377.59
378.26
378.86
379.44
380.02
380.6
381.17
381.74
382.34
382.92
383.56
384.15
384.79
385.38
386.0
386.65
387.15
387.58
388.03
388.48
388.93
389.38
389.84
390.29
390.75
391.17
391.59
392.02
392.46
392.92
393.34
393.8
394.25
394.71
395.2
395.72
396.21
396.68
397.18
397.65
398.13
398.59
399.06
399.54
400.0
400.48
400.94
401.44
401.92
402.39
402.85
403.3
403.78
404.24
404.68
405.14
405.78
406.41
407.09
407.72
408.37
409.01
409.67
410.33
410.98
411.56
412.17
412.77
413.39
413.98
414.63
415.23
415.86
416.43
417.03
417.65
418.24
418.84
419.46
419.97
420.51
421.08
421.59
422.1
422.62
423.15
423.65
424.2
424.71
425.17
425.67
426.18
426.66
427.13
427.63
428.11
428.6
429.13
429.67
430.21
430.72
431.24
431.77
432.25
432.78
433.27
433.78
434.25
434.76
435.25
435.73
436.21
436.7
437.16
437.64
438.12
438.6
439.09
439.57
440.06
440.56
441.06
441.53
442.05
442.53
443.02
443.54
444.09
444.6
445.13
445.71
446.26
446.81
447.4
447.96
448.51
449.02
449.53
450.07
450.57
451.12
451.61
452.14
452.7
453.23
453.79
454.36
454.91
455.45
455.98
456.56
457.09
457.65
458.28
458.91
459.53
460.16
460.75
461.38
462.02
462.67
463.3
463.91
464.54
465.19
465.82
466.45
467.08
467.71
468.28
468.89
469.5
470.06
470.65
471.29
471.9
472.5
473.11
473.71
474.29
474.89
475.49
476.11
476.69
477.29
477.92
478.54
479.12
479.73
480.38
481.0
481.62
482.21
482.84
483.48
484.1
484.75
485.37
485.94
486.52
487.09
487.69
488.24
488.82
489.37
489.94
490.53
491.07
491.59
492.13
492.7
493.24
493.84
494.39
495.05
495.67
496.31
496.95
497.62
498.26
498.88
499.47
500.1
500.74
501.3
501.91
502.48
503.12
503.8
504.49
505.27
506.01
506.73
507.57
508.38
509.2
510.1
510.94
511.81
512.67
513.56
514.42
515.22
516.0
516.84
517.63
518.47
519.33
520.12
520.88
521.67
522.45
523.22
524.0
524.66
525.31
526.0
526.71
527.38
528.05
528.71
529.45
530.17
530.86
531.55
532.14
532.76
533.38
534.02
534.65
535.25
535.82
536.41
537.03
537.63
538.23
538.85
539.48
540.07
540.65
541.23
541.83
542.39
542.97
543.53
544.11
544.66
545.2
545.71
546.23
546.8
547.33
547.85
548.39
548.97
549.5
550.04
550.62
551.2
551.78
552.35
552.9
553.47
554.04
554.66
555.22
555.83
556.43
556.9
557.42
557.9
558.36
558.84
559.33
559.8
560.24
560.7
561.16
561.64
562.1
562.57
563.05
563.55
564.03
564.52
564.98
565.41
565.81
566.22
566.6
567.01
567.41
567.8
568.22
568.59
569.0
569.37
569.77
570.2
570.61
571.0
571.43
571.84
572.24
572.63
573.03
573.44
573.84
574.23
574.62
575.07
575.54
576.04
576.58
577.07
577.6
578.14
578.66
579.12
579.6
580.08
580.56
581.06
581.52
