1.03
3.65
6.1
8.42
10.98
13.37
15.86
18.61
21.31
23.8
26.3
28.82
31.39
33.56
35.76
37.88
40.14
42.59
45.2
48.23
51.5
54.48
57.43
60.27
63.18
66.05
68.84
71.67
74.19
76.74
79.02
81.3
83.61
86.16
88.65
91.18
93.66
96.06
98.65
101.47
104.42
107.23
110.1
112.93
115.41
117.49
119.7
121.92
124.05
126.36
128.73
131.36
134.18
136.9
139.75
142.35
145.01
147.73
150.8
153.58
156.31
159.32
162.62
165.94
169.27
172.69
176.72
180.69
184.88
189.2
193.44
197.69
202.05
206.32
210.61
214.91
219.25
223.47
227.66
231.93
235.99
240.07
244.32
248.21
251.99
254.49
256.91
259.32
261.7
264.05
266.64
269.22
271.48
273.54
275.65
278.01
280.6
283.74
287.25
291.13
295.11
298.87
302.61
306.28
309.71
312.67
315.57
318.65
321.84
325.08
329.08
333.35
337.59
341.12
344.53
348.45
351.93
354.89
357.26
359.61
361.97
364.27
366.85
369.42
372.15
374.94
377.59
380.01
382.33
384.78
387.06
388.92
390.74
392.45
394.24
396.2
398.13
399.99
401.91
404.46
407.08
409.66
412.16
414.62
417.02
419.46
421.59
423.64
425.66
427.62
429.67
431.76
433.74
435.73
437.63
439.56
441.54
443.53
446.04
448.76
451.25
453.78
456.32
458.85
461.37
463.9
466.41
468.88
471.36
474.27
477.25
479.96
482.76
485.93
489.33
492.69
496.47
500.1
503.79
507.44
510.94
514.41
517.62
520.88
523.99
526.71
529.44
532.5
535.24
537.63
540.06
542.38
544.66
546.79
548.95
551.19
553.46
555.64
557.27
558.9
560.65
562.56
564.52
566.21
567.79
569.58
571.42
573.03
574.62
576.58
578.65
