0.96
3.19
5.3
7.58
9.84
12.27
14.86
17.19
19.49
21.78
23.82
26.17
29.15
32.23
35.71
39.64
43.1
46.18
49.6
53.02
56.54
60.1
63.59
66.8
69.66
73.07
76.48
79.91
82.94
85.52
88.15
90.83
93.51
96.33
99.08
101.96
105.04
108.27
111.51
114.91
118.58
122.28
125.97
129.28
132.62
135.74
138.81
142.11
146.03
150.4
154.69
159.05
162.54
166.36
170.55
174.51
178.16
181.66
185.38
188.96
192.4
196.06
199.83
204.05
208.38
212.62
216.86
221.2
225.15
228.63
231.94
234.94
238.45
242.22
245.44
249.45
253.61
257.62
261.84
266.1
270.23
274.27
278.65
282.8
286.92
290.88
295.26
299.44
303.68
307.84
312.02
315.98
319.71
323.33
326.53
329.74
333.08
336.24
339.21
342.1
345.19
348.75
352.36
355.92
359.16
362.45
365.91
369.52
373.34
376.97
380.23
382.88
385.27
387.59
389.93
392.4
394.82
397.28
399.65
402.0
404.37
406.42
408.6
410.97
413.55
416.15
418.74
421.57
424.98
428.29
431.83
435.42
439.31
442.66
445.88
449.01
452.28
455.48
458.96
462.32
465.48
468.78
472.39
476.22
479.96
483.77
488.16
492.48
496.84
500.85
504.56
508.62
512.5
516.27
520.48
524.55
528.62
532.76
536.66
540.45
544.28
547.78
551.66
555.55
559.36
563.11
567.35
