0.41
0.97
1.51
2.08
2.61
3.19
3.7
4.26
4.81
5.32
5.88
6.46
7.0
7.59
8.15
8.74
9.31
9.85
10.44
11.01
11.64
12.24
12.88
13.53
14.13
14.8
15.43
16.05
16.69
17.36
17.98
18.64
19.28
19.91
20.53
21.14
21.79
22.4
23.06
23.68
24.35
24.94
25.54
26.17
26.76
27.36
27.93
28.51
29.08
29.65
30.24
30.79
31.39
31.91
32.47
33.01
33.58
34.14
34.67
35.22
35.78
36.36
36.92
37.49
38.04
38.6
39.17
39.7
40.3
40.85
41.43
42.0
42.54
43.1
43.65
44.18
44.73
45.34
45.98
46.57
47.21
47.89
48.46
49.01
49.61
50.18
50.73
51.31
51.94
52.51
53.12
53.73
54.46
55.17
55.94
56.74
57.51
58.33
59.22
60.1
60.93
61.83
62.69
63.6
64.42
65.3
66.04
66.81
67.47
68.1
68.79
69.31
69.87
70.39
70.94
71.49
72.02
72.52
73.07
73.65
74.19
74.78
75.34
75.94
76.49
77.09
77.67
78.3
78.9
79.47
80.11
80.71
81.36
82.0
82.61
83.26
83.99
84.78
85.52
86.16
86.85
87.47
88.17
88.82
89.48
90.15
90.85
91.53
92.14
92.81
93.39
93.97
94.59
95.17
95.74
96.33
97.05
97.73
98.39
99.09
99.73
100.46
101.18
101.97
102.71
103.46
104.23
105.05
105.88
106.69
107.46
108.27
109.02
109.85
110.69
111.51
112.36
113.21
113.95
114.75
115.48
116.26
117.02
117.8
118.59
119.39
120.13
120.91
121.76
122.59
123.39
124.28
125.16
125.97
126.88
127.66
128.47
129.29
130.13
130.95
131.76
132.63
133.39
134.18
134.92
135.59
136.22
136.84
137.51
138.12
138.81
139.46
140.18
140.9
141.53
142.21
142.81
143.47
144.07
144.72
145.34
145.99
146.59
147.14
147.72
148.25
148.86
149.41
150.0
150.61
151.19
151.76
152.35
152.96
153.6
154.22
154.87
155.44
156.0
156.58
157.19
157.74
158.38
159.05
159.65
160.2
160.81
161.36
161.98
162.54
163.17
163.75
164.4
165.15
166.0
166.82
167.66
168.6
169.55
170.55
171.54
172.58
173.52
174.51
175.63
176.68
177.77
178.92
179.91
180.98
182.0
182.99
183.98
185.01
186.03
187.16
188.09
189.06
190.07
191.03
191.96
192.99
194.04
195.0
196.06
197.12
198.18
199.22
200.22
201.25
202.39
203.37
204.43
205.47
206.44
207.36
208.25
209.17
210.14
211.03
211.99
212.89
213.8
214.74
215.73
216.63
217.59
218.56
219.48
220.46
221.4
222.39
223.31
224.29
225.16
226.08
226.93
227.75
228.64
229.44
230.28
231.17
231.95
232.78
233.65
234.48
235.26
236.08
236.89
237.71
238.47
239.3
240.09
240.81
241.49
242.22
243.0
243.8
244.64
245.51
246.44
247.43
248.37
249.41
250.42
251.47
252.56
253.62
254.71
255.68
256.67
257.63
258.62
259.62
260.74
261.85
262.89
264.02
265.04
266.1
267.08
268.13
269.19
270.22
271.17
272.13
273.11
274.14
275.07
276.05
277.08
277.98
278.85
279.67
280.51
281.38
282.21
282.97
283.77
284.61
285.38
286.19
286.97
287.8
288.58
289.33
290.11
290.87
291.61
292.31
293.11
293.86
294.65
295.39
296.16
296.95
297.65
298.38
299.12
299.8
300.53
301.3
302.12
302.9
303.67
304.45
305.13
305.82
306.51
307.18
307.87
308.56
309.26
309.91
310.61
311.31
311.99
312.62
313.29
313.97
314.67
315.3
315.99
316.68
317.39
318.12
318.81
319.45
320.07
320.66
321.28
321.92
322.62
323.33
324.03
324.68
325.41
326.04
326.64
327.29
327.91
328.5
329.15
329.75
330.33
330.87
331.44
332.01
332.55
333.1
333.69
334.21
334.73
335.25
335.74
336.25
336.79
337.29
337.78
338.25
338.74
339.23
339.75
340.23
340.7
341.15
341.62
342.1
342.56
343.03
343.54
344.04
344.58
345.15
345.69
346.2
346.75
347.29
347.81
348.32
348.8
349.31
349.85
350.33
350.86
351.38
351.86
352.37
352.9
353.42
353.92
354.39
354.89
355.4
355.92
356.45
357.02
357.56
358.08
358.64
359.17
359.68
360.2
360.75
361.28
361.87
362.45
362.99
363.56
364.17
364.74
365.33
365.89
366.46
367.07
367.69
368.29
368.87
369.49
370.08
370.64
371.26
371.85
372.44
372.99
373.51
374.06
374.65
375.25
375.83
376.41
376.98
377.57
378.12
378.73
379.28
379.89
380.5
381.08
381.68
382.28
382.89
383.48
384.08
384.65
385.27
385.85
386.44
387.0
387.6
388.16
388.74
389.36
389.94
390.53
391.17
391.79
392.41
392.99
393.62
394.21
394.83
395.46
395.97
396.44
396.93
397.43
397.93
398.44
398.91
399.43
399.93
400.43
400.93
401.43
402.0
402.64
403.26
403.83
404.38
404.87
405.4
405.9
406.43
406.92
407.46
407.97
408.6
409.19
409.79
410.4
410.97
411.62
412.28
412.92
413.53
414.22
414.83
415.52
416.13
416.82
417.46
418.1
418.75
419.38
420.11
420.77
421.53
422.23
422.98
423.64
424.36
425.02
425.74
426.42
427.06
427.67
428.34
428.95
429.6
430.26
430.95
431.6
432.26
432.94
433.62
434.22
434.83
435.42
436.06
436.66
437.31
437.95
438.63
439.32
439.96
440.67
441.32
441.97
442.67
443.47
444.23
445.06
445.85
446.64
447.42
448.24
449.01
449.85
450.62
451.48
452.28
453.06
453.86
454.7
455.49
456.28
457.1
457.79
458.37
458.98
459.64
460.27
460.87
461.5
462.13
462.76
463.42
464.07
464.75
465.49
466.24
466.97
467.77
468.6
469.48
470.4
471.26
472.12
473.12
474.13
475.12
476.23
477.28
478.42
479.48
480.58
481.63
482.69
483.78
484.84
485.95
487.07
488.16
489.23
490.3
491.37
492.49
493.59
494.7
495.73
496.85
497.92
498.88
499.86
500.86
501.79
502.68
503.64
504.57
505.53
506.56
507.55
508.62
509.58
510.56
511.52
512.51
513.51
514.42
515.34
516.3
517.3
518.24
519.13
520.0
520.9
521.74
522.63
523.62
524.56
525.5
526.46
527.53
528.62
529.71
530.85
531.82
532.78
533.7
534.65
535.64
536.67
537.65
538.59
539.56
540.45
541.36
542.35
543.24
544.24
545.16
546.15
547.14
548.21
549.24
550.27
551.21
552.23
553.15
554.13
555.14
556.06
556.97
557.92
558.89
559.84
560.78
561.68
562.57
563.56
564.47
565.47
566.41
567.36
