1.5
3.81
6.01
8.07
10.0
11.91
13.74
15.79
18.12
20.43
23.16
27.05
31.2
34.73
38.03
41.04
44.13
47.09
49.64
52.18
54.73
57.14
59.58
62.4
65.18
67.8
70.6
73.33
76.0
78.41
80.83
83.36
85.49
87.74
89.97
92.22
94.35
96.25
98.07
100.17
102.38
104.73
107.1
109.7
112.75
116.06
119.58
123.4
127.01
130.09
133.5
137.22
140.79
144.73
148.69
152.27
155.05
158.31
161.22
163.9
166.37
168.83
171.32
173.84
176.45
179.03
181.47
183.95
186.47
189.3
192.45
195.71
198.96
202.37
206.56
210.81
214.78
218.92
223.04
227.27
231.16
234.73
238.11
241.98
245.46
248.69
252.04
255.53
258.41
260.79
263.03
265.35
267.63
269.87
272.14
274.37
276.86
279.25
281.67
284.18
286.71
289.75
293.01
296.59
300.42
304.41
308.55
312.97
317.11
321.21
324.81
328.06
331.6
335.37
339.53
343.6
347.1
350.63
353.79
357.42
360.66
363.74
366.71
369.8
372.95
376.02
379.39
382.74
386.12
389.46
392.39
395.51
398.65
401.64
404.46
407.18
409.86
412.37
414.77
417.13
419.49
422.14
424.83
427.54
430.48
433.54
436.5
439.53
442.74
445.91
449.12
452.76
456.62
460.73
464.93
468.96
472.91
476.77
480.58
484.14
488.17
492.29
496.33
500.45
504.4
508.06
511.66
515.04
518.21
521.79
525.28
528.67
531.83
534.85
537.88
541.05
543.84
546.21
549.17
552.34
555.58
558.72
561.9
565.29
568.6
572.13
575.83
579.92
