0.45
1.01
1.53
2.08
2.66
3.23
3.82
4.38
4.92
5.5
6.07
6.69
7.34
8.08
8.8
9.54
10.26
10.96
11.65
12.38
13.04
13.74
14.44
15.15
15.9
16.57
17.32
18.01
18.69
19.26
19.85
20.43
21.01
21.61
22.19
22.74
23.35
23.92
24.49
25.02
25.59
26.06
26.54
27.06
27.55
28.05
28.55
29.11
29.62
30.15
30.69
31.2
31.75
32.33
32.86
33.52
34.15
34.85
35.5
36.18
36.87
37.55
38.22
38.92
39.58
40.35
41.05
41.79
42.53
43.17
43.79
44.39
45.01
45.65
46.38
47.09
47.76
48.41
49.05
49.66
50.32
50.95
51.55
52.19
52.82
53.47
54.08
54.73
55.38
56.09
56.76
57.44
58.13
58.88
59.58
60.26
60.97
61.72
62.4
63.13
63.79
64.51
65.19
65.85
66.51
67.17
67.84
68.57
69.26
69.95
70.6
71.29
71.95
72.63
73.33
74.04
74.67
75.33
76.0
76.61
77.2
77.84
78.41
78.99
79.59
80.23
80.84
81.48
82.04
82.61
83.19
83.8
84.35
84.91
85.5
86.07
86.6
87.16
87.75
88.3
88.84
89.43
89.97
90.52
91.08
91.66
92.23
92.79
93.34
93.87
94.36
94.85
95.32
95.78
96.25
96.72
97.17
97.62
98.08
98.62
99.12
99.65
100.18
100.68
101.24
101.88
102.5
103.21
103.92
104.6
105.28
105.91
106.5
107.1
107.68
108.28
108.97
109.71
110.44
111.14
111.87
112.53
113.21
113.86
114.58
115.22
115.96
116.65
117.34
118.11
118.82
119.6
120.36
121.07
121.82
122.62
123.36
124.13
124.93
125.67
126.48
127.29
128.09
128.87
129.7
130.49
131.33
132.09
132.84
133.57
134.46
135.36
136.26
137.23
138.09
139.0
139.89
140.8
141.62
142.4
143.19
143.99
144.77
145.6
146.37
147.21
147.97
148.69
149.43
150.14
150.85
151.56
152.28
153.02
153.73
154.4
155.06
155.74
156.44
157.14
157.78
158.5
159.15
159.84
160.51
161.22
161.93
162.58
163.27
163.9
164.55
165.14
165.77
166.38
166.98
167.58
168.22
168.83
169.46
170.09
170.68
171.33
171.93
172.58
173.22
173.84
174.48
175.14
175.78
176.46
177.13
177.74
178.41
179.04
179.65
180.24
180.85
181.46
182.04
182.67
183.3
183.96
184.59
185.21
185.83
186.45
187.08
187.75
188.54
189.31
190.08
190.91
191.67
192.46
193.31
194.1
194.88
195.72
196.51
197.33
198.12
198.96
199.78
200.42
201.07
201.72
202.37
203.03
203.65
204.25
204.85
205.44
205.99
206.56
207.11
207.61
208.15
208.64
209.16
209.68
210.24
210.82
211.37
211.97
212.57
213.18
213.79
214.36
214.95
215.48
216.07
216.62
217.16
217.69
218.24
218.79
219.37
219.91
220.42
220.95
221.49
222.02
222.57
223.07
223.61
224.16
224.68
225.18
225.7
226.24
226.73
227.24
227.78
228.26
228.72
229.21
229.68
230.17
230.69
231.17
231.68
232.16
232.72
233.28
233.85
234.43
235.0
235.58
236.16
236.75
237.28
237.83
238.39
238.91
239.4
239.94
240.43
240.95
241.47
241.98
242.46
243.0
243.48
244.01
244.57
245.18
245.77
246.34
246.94
247.56
248.15
248.7
249.28
249.9
250.56
251.2
251.82
252.46
253.13
253.76
254.33
254.94
255.53
256.13
256.76
257.32
257.93
258.52
259.08
259.68
260.23
260.8
261.39
261.94
262.48
263.04
263.65
264.25
264.8
265.36
265.95
266.53
267.09
267.65
268.28
268.93
269.57
270.15
270.77
271.34
271.97
272.54
273.14
273.74
274.37
274.96
275.58
276.2
276.83
277.48
278.12
278.7
279.26
279.86
280.43
281.04
281.67
282.28
282.9
283.55
284.17
284.77
285.38
286.03
286.72
287.42
288.07
288.74
289.44
290.16
290.86
291.61
292.32
293.02
293.7
294.47
295.26
296.18
297.16
297.99
298.86
299.7
300.66
301.57
302.46
303.45
304.41
305.35
306.38
307.48
308.53
309.67
310.71
311.74
312.71
313.84
314.95
315.98
317.11
318.16
319.21
320.3
321.22
322.13
323.12
324.02
324.82
325.63
326.39
327.21
328.07
328.96
329.9
330.75
331.61
332.56
333.55
334.5
335.38
336.3
337.36
338.41
339.54
340.63
341.64
342.62
343.61
344.49
345.31
346.22
347.1
348.05
348.89
349.78
350.64
351.56
352.41
353.28
354.22
355.19
356.11
357.0
357.89
358.83
359.63
360.46
361.23
362.02
362.76
363.55
364.31
365.06
365.78
366.51
367.25
368.0
368.72
369.52
370.24
371.04
371.79
372.47
373.09
373.72
374.31
374.94
375.58
376.21
376.84
377.5
378.15
378.75
379.39
380.04
380.64
381.27
381.93
382.53
383.15
383.77
384.4
384.99
385.57
386.17
386.8
387.42
388.04
388.68
389.27
389.89
390.52
391.1
391.74
392.4
393.11
393.93
394.71
395.52
396.32
397.14
397.93
398.66
399.38
400.13
400.92
401.65
402.38
403.06
403.75
404.47
405.18
405.84
406.52
407.04
407.62
408.14
408.7
409.29
409.87
410.46
411.12
411.72
412.37
413.01
413.6
414.16
414.78
415.34
415.96
416.52
417.14
417.7
418.32
418.88
419.49
420.17
420.8
421.48
422.15
422.82
423.49
424.18
424.83
425.52
426.19
426.89
427.55
428.25
429.01
429.77
430.49
431.26
432.03
432.8
433.54
434.26
435.01
435.74
436.51
437.22
438.0
438.77
439.53
440.35
441.17
441.95
442.73
443.57
444.41
445.17
445.92
446.73
447.45
448.24
448.94
449.69
450.4
451.15
451.88
452.6
453.33
454.0
454.68
455.34
455.98
456.63
457.28
457.98
458.6
459.26
459.88
460.55
461.19
461.83
462.45
463.15
463.88
464.57
465.29
465.95
466.73
467.44
468.21
468.97
469.69
470.42
471.16
471.93
472.61
473.36
474.07
474.74
475.45
476.2
476.9
477.59
478.33
479.04
479.71
480.42
481.16
481.93
482.65
483.42
484.15
484.91
485.82
486.68
487.61
488.5
489.45
490.39
491.31
492.29
493.17
494.06
494.93
495.84
496.88
497.95
498.98
499.96
500.93
502.04
503.16
504.13
505.15
506.08
507.09
508.06
508.98
509.85
510.77
511.67
512.59
513.41
514.27
515.04
515.82
516.64
517.41
518.21
519.02
519.67
520.36
521.1
521.79
522.46
523.02
523.6
524.19
524.75
525.3
525.93
526.59
527.22
527.88
528.52
529.17
529.84
530.5
531.17
531.84
532.58
533.34
534.07
534.85
535.61
536.35
537.14
537.88
538.69
539.49
540.24
541.05
541.86
542.59
543.25
543.85
544.46
545.06
545.62
546.21
546.83
547.39
547.99
548.58
549.18
549.73
550.31
550.9
551.49
552.01
552.56
553.12
553.68
554.23
554.79
555.37
555.97
556.54
557.13
557.69
558.21
558.73
559.2
559.59
559.96
560.34
560.73
561.1
561.49
561.87
562.22
562.59
562.98
563.34
563.74
564.14
564.52
564.9
565.29
565.69
566.07
566.47
566.9
567.32
567.74
568.18
568.61
569.02
569.47
569.9
570.36
570.78
571.24
571.7
572.14
572.58
573.06
573.5
573.96
574.44
574.88
575.34
575.83
576.28
576.8
577.29
577.84
578.35
578.89
579.43
579.93
580.49
581.0
581.56
582.09
582.63
