0.92
3.46
5.93
8.38
10.81
13.32
15.81
18.24
20.57
22.96
25.35
27.45
29.76
31.86
34.0
36.14
38.25
40.62
43.11
45.84
48.23
50.74
53.23
55.69
58.05
60.48
63.01
65.75
68.14
70.54
72.83
75.03
77.25
79.58
82.03
84.6
87.14
89.6
92.33
95.13
97.8
100.57
103.94
107.47
111.26
115.13
118.77
122.47
126.01
129.56
133.04
136.89
141.03
144.97
148.71
152.14
156.15
160.53
164.9
168.99
172.49
175.72
179.01
182.43
186.11
189.61
193.18
196.84
200.07
203.9
207.78
211.61
215.62
219.4
223.49
227.5
231.46
235.57
239.44
243.08
246.68
250.49
254.7
258.53
262.22
265.87
269.5
273.11
276.96
280.35
284.34
288.76
293.09
296.68
300.42
304.2
307.95
311.43
314.89
318.47
322.3
325.64
329.47
332.81
335.93
340.08
344.26
348.57
352.74
356.52
360.37
364.2
368.08
371.57
374.2
376.7
379.23
381.77
384.2
386.37
388.41
390.6
392.79
395.11
397.31
399.39
401.79
404.42
407.28
409.96
412.91
415.79
418.51
421.16
424.27
427.8
430.98
433.51
435.94
438.33
440.91
443.44
445.98
448.33
450.51
452.69
455.44
458.86
463.17
467.15
470.85
474.46
478.05
481.72
485.33
489.36
493.3
497.02
500.04
502.7
505.22
507.63
509.91
512.17
514.48
516.7
518.85
521.13
523.21
525.31
527.09
528.77
530.46
532.12
533.75
535.37
537.05
538.79
540.39
541.99
543.57
545.12
546.75
548.43
