0.33
0.94
1.59
2.19
2.85
3.47
4.1
4.74
5.35
5.93
6.57
7.15
7.76
8.39
9.0
9.61
10.23
10.79
11.3
11.8
12.35
12.88
13.4
13.95
14.47
15.07
15.7
16.33
16.98
17.62
18.24
18.87
19.42
20.0
20.55
21.17
21.78
22.35
22.96
23.6
24.2
24.79
25.35
25.87
26.37
26.91
27.39
27.87
28.35
28.81
29.31
29.77
30.32
30.82
31.33
31.87
32.38
32.9
33.44
34.01
34.55
35.06
35.6
36.16
36.77
37.41
38.01
38.61
39.24
39.92
40.58
41.23
41.84
42.52
43.14
43.83
44.46
45.13
45.83
46.44
47.02
47.65
48.24
48.88
49.47
50.08
50.74
51.37
52.02
52.66
53.35
54.01
54.64
55.33
55.95
56.61
57.31
57.95
58.59
59.26
59.87
60.49
61.07
61.69
62.36
63.01
63.69
64.42
65.09
65.76
66.35
66.97
67.58
68.15
68.73
69.33
69.96
70.54
71.13
71.76
72.31
72.83
73.39
73.94
74.49
75.03
75.59
76.15
76.7
77.24
77.84
78.39
78.99
79.59
80.15
80.8
81.39
82.04
82.66
83.32
83.96
84.61
85.28
85.93
86.54
87.12
87.73
88.38
88.97
89.61
90.21
90.85
91.51
92.04
92.54
93.05
93.6
94.12
94.64
95.14
95.66
96.23
96.79
97.33
97.92
98.56
99.14
99.78
100.31
100.89
101.44
101.99
102.56
103.14
103.7
104.23
104.81
105.35
105.89
106.47
106.98
107.48
108.02
108.55
109.07
109.67
110.27
110.88
111.45
112.09
112.67
113.31
113.89
114.53
115.14
115.72
116.34
116.94
117.57
118.18
118.78
119.38
119.99
120.63
121.24
121.82
122.47
123.06
123.71
124.28
124.87
125.46
126.02
126.6
127.14
127.75
128.34
128.97
129.56
130.11
130.7
131.28
131.84
132.41
133.04
133.69
134.33
134.92
135.5
136.13
136.7
137.33
137.91
138.54
139.15
139.82
140.45
141.07
141.74
142.38
143.01
143.64
144.3
144.97
145.72
146.44
147.19
147.93
148.72
149.53
150.35
151.25
152.14
153.07
153.96
155.06
156.15
157.25
158.38
159.46
160.54
161.62
162.69
163.83
164.91
166.0
166.95
167.95
168.99
169.84
170.74
171.59
172.49
173.39
174.34
175.28
176.19
177.13
178.05
178.9
179.82
180.65
181.55
182.44
183.43
184.4
185.22
186.11
186.98
187.84
188.75
189.62
190.46
191.35
192.27
193.18
194.11
195.02
195.93
196.84
197.71
198.6
199.56
200.56
201.49
202.48
203.56
204.53
205.6
206.61
207.64
208.65
209.66
210.65
211.61
212.61
213.64
214.72
215.63
216.55
217.51
218.48
219.41
220.45
221.59
222.57
223.5
224.52
225.46
226.49
227.5
228.49
229.44
230.44
231.48
232.44
233.53
234.58
235.66
236.74
237.89
238.94
240.04
241.07
242.14
243.09
244.14
245.18
246.24
247.22
248.3
249.44
250.5
251.55
252.61
253.72
254.71
255.66
256.68
257.6
258.6
259.53
260.46
261.35
262.23
263.16
264.07
264.97
265.87
266.87
267.88
268.96
269.99
270.96
272.08
273.12
274.16
275.28
276.3
277.4
278.33
279.18
280.12
280.99
281.94
282.93
283.92
284.99
285.97
287.0
287.84
288.73
289.56
290.35
291.2
292.18
293.09
294.02
294.87
295.8
296.68
297.6
298.51
299.51
300.43
301.36
302.31
303.31
304.26
305.16
306.07
307.0
307.95
308.89
309.7
310.6
311.43
312.28
313.14
314.05
314.89
315.74
316.6
317.51
318.48
319.47
320.53
321.52
322.61
323.72
324.8
325.94
326.91
327.87
328.9
329.87
330.86
331.9
332.85
333.89
334.84
335.91
336.87
337.96
339.1
340.09
341.18
342.17
343.16
344.27
345.35
346.49
347.53
348.57
349.64
350.79
351.8
352.75
353.77
354.72
355.77
356.83
357.82
358.65
359.53
360.38
361.17
362.01
362.89
363.74
364.57
365.49
366.36
367.29
368.09
368.78
369.54
370.26
370.99
371.6
372.27
372.93
373.58
374.21
374.82
375.46
376.07
376.7
377.35
377.99
378.62
379.23
379.86
380.53
381.16
381.78
382.39
383.03
383.6
384.21
384.77
385.31
385.82
386.37
386.93
387.43
387.9
388.42
388.94
389.47
390.03
390.59
391.12
391.69
392.22
392.8
393.37
393.92
394.5
395.09
395.63
396.22
396.75
397.32
397.81
398.35
398.85
399.4
399.9
400.38
400.85
401.32
401.82
402.28
402.78
403.24
403.72
404.22
404.74
405.22
405.74
406.24
406.71
407.3
407.93
408.62
409.25
409.97
410.65
411.44
412.18
412.92
413.62
414.38
415.06
415.79
416.48
417.17
417.84
418.51
419.13
419.8
420.51
421.18
421.86
422.5
423.07
423.67
424.27
424.88
425.5
426.07
426.65
427.21
427.82
428.48
429.11
429.74
430.34
430.98
431.6
432.26
432.86
433.52
434.11
434.72
435.31
435.92
436.51
437.09
437.7
438.34
438.99
439.63
440.26
440.92
441.57
442.2
442.8
443.44
444.08
444.74
445.37
445.99
446.64
447.24
447.8
448.33
448.86
449.43
449.97
450.48
451.04
451.59
452.16
452.75
453.33
453.86
454.45
454.98
455.57
456.12
456.66
457.24
457.79
458.43
459.05
459.65
460.27
460.9
461.53
462.11
462.66
463.17
463.67
464.21
464.72
465.26
465.8
466.3
466.86
467.41
467.92
468.47
469.04
469.61
470.21
470.84
471.44
472.01
472.65
473.26
473.84
474.47
475.07
475.63
476.22
476.81
477.43
478.06
478.68
479.29
479.94
480.52
481.11
481.72
482.29
482.87
483.46
484.08
484.66
485.34
486.04
486.71
487.34
488.01
488.72
489.37
490.03
490.7
491.32
492.01
492.64
493.31
493.96
494.63
495.22
495.81
496.44
497.02
497.64
498.24
498.82
499.41
500.05
500.69
501.36
502.01
502.71
503.36
504.0
504.6
505.22
505.83
506.45
507.1
507.71
508.26
508.83
509.37
509.94
510.49
511.06
511.62
512.18
512.72
513.28
513.87
514.47
515.04
515.58
516.14
516.71
517.26
517.79
518.32
518.85
519.41
520.01
520.56
521.14
521.7
522.18
522.7
523.22
523.72
524.25
524.79
525.31
525.83
526.34
526.89
527.38
527.92
528.36
528.77
529.21
529.62
530.04
530.47
530.88
531.32
531.73
532.13
532.53
532.96
533.35
533.76
534.16
534.54
534.94
535.37
535.79
536.21
536.64
537.06
537.51
537.92
538.37
538.79
539.18
539.59
540.0
540.4
540.8
541.2
541.58
542.0
542.38
542.8
543.18
543.58
543.96
544.35
544.74
545.13
545.52
545.91
546.35
546.76
547.18
547.65
548.11
548.6
549.07
549.54
549.99
550.47
550.96
551.45
551.93
552.41
552.87
