0.97
3.54
6.01
8.62
11.58
15.25
19.02
22.5
25.59
28.69
31.71
34.81
37.87
41.21
44.36
47.49
50.99
54.57
58.13
61.98
65.87
69.64
73.08
75.49
77.73
80.04
82.56
85.15
87.7
90.22
92.83
95.85
98.74
101.84
105.05
108.25
111.26
115.23
119.37
123.71
127.8
131.68
135.31
138.88
143.0
147.14
151.01
154.67
158.35
161.29
164.29
167.39
170.41
173.43
176.42
179.48
182.63
185.65
188.85
191.9
194.9
198.13
202.34
205.94
209.81
213.53
217.43
221.12
224.96
228.67
232.3
235.79
239.54
243.71
247.25
250.23
253.46
257.13
260.86
264.55
268.33
271.76
274.93
278.01
281.19
284.48
287.97
291.85
295.51
299.08
302.69
306.41
310.34
314.1
317.88
321.57
324.4
327.28
329.98
332.59
334.91
337.21
339.45
341.7
343.97
346.21
348.48
350.77
353.01
355.17
357.28
359.44
361.96
364.52
366.93
369.28
371.69
374.02
376.75
379.09
381.24
383.47
385.5
387.49
389.71
392.21
394.71
397.0
399.25
401.45
403.74
405.95
408.21
410.66
413.41
416.26
419.44
422.17
424.87
427.34
429.86
432.41
435.26
438.12
440.94
443.78
447.08
451.03
454.99
459.33
463.43
467.26
470.9
475.09
479.47
483.36
487.06
491.08
495.24
498.77
501.72
504.85
508.12
511.21
514.21
517.23
520.13
523.21
526.38
529.21
532.25
