0.37
0.98
1.65
2.27
2.91
3.55
4.21
4.78
5.38
6.01
6.62
7.3
7.94
8.63
9.33
10.08
10.82
11.58
12.24
12.94
13.58
14.25
14.92
15.63
16.28
17.0
17.64
18.36
19.03
19.74
20.49
21.17
21.93
22.65
23.37
24.07
24.82
25.53
26.2
26.91
27.59
28.25
28.98
29.7
30.47
31.24
32.1
32.98
33.83
34.63
35.46
36.37
37.25
38.2
39.05
39.89
40.77
41.66
42.49
43.37
44.23
45.04
45.87
46.68
47.53
48.34
49.21
50.07
50.99
51.84
52.71
53.67
54.57
55.47
56.42
57.27
58.14
58.99
59.98
60.99
61.98
62.9
63.9
64.93
65.87
66.79
67.78
68.68
69.64
70.53
71.46
72.26
73.08
73.95
74.8
75.5
76.27
77.02
77.73
78.5
79.23
80.04
80.87
81.67
82.35
83.08
83.74
84.38
84.99
85.64
86.27
86.95
87.71
88.42
89.22
89.95
90.76
91.52
92.26
93.06
93.82
94.54
95.33
96.14
97.04
97.89
98.75
99.56
100.44
101.24
101.98
102.78
103.51
104.28
105.06
105.89
106.67
107.49
108.25
109.03
109.76
110.55
111.26
112.17
113.16
114.21
115.24
116.28
117.35
118.37
119.38
120.45
121.54
122.65
123.73
124.8
125.76
126.81
127.81
128.86
129.8
130.72
131.68
132.66
133.6
134.46
135.31
136.22
137.08
137.95
138.89
139.8
140.6
141.4
142.18
143.0
143.72
144.46
145.14
145.78
146.45
147.15
147.85
148.57
149.32
150.04
150.68
151.33
151.89
152.47
153.07
153.63
154.21
154.72
155.29
155.82
156.35
156.88
157.43
158.04
158.62
159.23
159.81
160.39
160.93
161.51
162.05
162.62
163.15
163.7
164.29
164.82
165.39
165.94
166.63
167.39
168.12
168.88
169.64
170.42
171.17
171.96
172.71
173.43
174.21
174.92
175.7
176.43
177.19
177.92
178.71
179.42
180.19
180.99
181.79
182.63
183.36
184.17
184.92
185.67
186.5
187.26
188.04
188.86
189.63
190.41
191.14
191.91
192.61
193.35
194.15
194.91
195.67
196.4
197.2
198.13
199.12
200.01
200.94
201.9
202.76
203.53
204.3
205.08
205.9
206.7
207.45
208.24
209.06
209.82
210.59
211.3
212.06
212.88
213.69
214.5
215.3
216.17
217.12
218.08
218.91
219.76
220.62
221.62
222.53
223.49
224.47
225.46
226.36
227.28
228.2
229.15
230.08
230.99
231.93
232.8
233.61
234.55
235.54
236.47
237.4
238.3
239.18
240.02
240.88
241.67
242.51
243.32
244.11
244.86
245.64
246.44
247.26
248.02
248.77
249.51
250.24
250.99
251.79
252.57
253.47
254.37
255.29
256.21
257.15
258.06
259.01
259.92
260.87
261.76
262.69
263.67
264.56
265.55
266.5
267.63
268.68
269.71
270.73
271.77
272.87
273.93
274.96
276.0
277.07
278.19
279.28
280.2
281.19
282.34
283.4
284.49
285.55
286.67
287.75
288.67
289.66
290.57
291.57
292.66
293.69
294.75
295.52
296.34
297.16
297.93
298.72
299.52
300.35
301.15
301.91
302.7
303.52
304.35
305.16
305.91
306.73
307.49
308.25
309.07
309.82
310.59
311.38
312.15
312.93
313.66
314.39
315.08
315.78
316.49
317.18
317.89
318.59
319.32
320.01
320.75
321.54
322.28
322.96
323.67
324.41
325.1
325.82
326.53
327.29
327.97
328.72
329.33
329.99
330.61
331.25
331.94
332.6
333.16
333.73
334.31
334.92
335.48
336.05
336.64
337.22
337.76
338.32
338.88
339.46
340.02
340.58
341.15
341.7
342.26
342.82
343.42
343.98
344.56
345.11
345.67
346.21
346.77
347.37
347.91
348.49
349.05
349.65
350.18
350.74
351.32
351.89
352.45
353.01
353.54
354.13
354.64
355.18
355.69
356.24
356.75
357.29
357.81
358.37
358.87
359.45
360.11
360.71
361.36
361.97
362.62
363.28
363.89
364.52
365.13
365.74
366.35
366.94
367.5
368.1
368.68
369.29
369.88
370.5
371.09
371.71
372.26
372.84
373.42
374.03
374.58
375.16
375.76
376.35
376.92
377.44
378.01
378.54
379.1
379.6
380.14
380.67
381.24
381.82
382.37
382.91
383.49
383.97
384.51
384.99
385.51
385.98
386.5
386.98
387.5
388.08
388.62
389.18
389.71
390.18
390.7
391.16
391.68
392.21
392.7
393.2
393.74
394.24
394.73
395.25
395.78
396.28
396.8
397.31
397.76
398.23
398.7
399.25
399.8
400.35
400.9
401.45
402.01
402.61
403.16
403.75
404.32
404.85
405.41
405.97
406.55
407.12
407.65
408.22
408.78
409.34
409.86
410.42
410.97
411.51
412.08
412.68
413.22
413.82
414.36
414.95
415.55
416.22
416.83
417.5
418.13
418.81
419.45
420.14
420.82
421.5
422.18
422.83
423.53
424.22
424.87
425.56
426.14
426.73
427.35
427.94
428.53
429.23
429.87
430.62
431.36
432.16
432.89
433.66
434.47
435.26
436.02
436.78
437.47
438.18
438.87
439.53
440.23
440.95
441.63
442.38
443.08
443.8
444.48
445.26
446.02
446.8
447.55
448.35
449.15
450.01
450.81
451.66
452.56
453.4
454.17
454.99
455.8
456.62
457.51
458.4
459.34
460.18
461.06
461.97
462.84
463.66
464.49
465.28
466.07
466.9
467.68
468.53
469.3
470.15
471.01
471.92
472.76
473.6
474.54
475.44
476.3
477.22
478.03
478.84
479.69
480.49
481.46
482.43
483.37
484.27
485.22
486.17
487.07
488.03
488.94
489.88
490.71
491.61
492.38
493.16
493.98
494.73
495.53
496.32
497.14
497.95
498.77
499.51
500.26
501.01
501.73
502.47
503.22
504.04
504.86
505.68
506.55
507.37
508.13
508.95
509.69
510.49
511.22
511.95
512.74
513.45
514.2
515.0
515.72
516.49
517.28
518.0
518.76
519.55
520.28
520.98
521.72
522.49
523.22
523.99
524.79
525.58
526.38
527.13
527.93
528.7
529.55
530.33
531.17
531.99
532.86
533.72
534.55
535.43
536.24
