2.95
6.63
10.36
13.88
17.45
20.05
22.75
25.94
29.95
34.2
37.73
41.4
45.21
48.99
52.65
56.71
60.73
64.55
68.51
72.45
76.78
81.13
85.54
89.8
93.76
97.83
101.7
105.71
109.57
113.61
117.86
121.82
125.64
129.32
132.99
136.7
140.37
144.07
148.06
152.31
156.42
160.65
164.54
168.24
172.21
176.03
179.67
183.56
187.4
191.59
195.72
199.71
203.53
207.34
210.89
213.88
217.14
220.37
223.75
227.2
230.98
235.05
238.98
243.21
247.42
251.64
255.71
259.87
263.72
266.98
270.02
273.27
277.15
281.39
285.5
289.9
293.88
297.49
301.05
305.15
308.94
313.23
317.18
320.75
324.33
326.98
329.14
331.21
333.32
335.43
337.56
339.71
341.93
344.19
346.47
348.74
350.9
353.1
355.4
357.67
359.97
362.21
364.58
367.29
370.35
373.73
377.24
381.02
384.86
388.7
391.93
394.7
397.34
400.01
402.63
405.46
408.54
412.13
416.25
420.05
423.86
427.1
430.69
434.71
438.73
442.6
446.51
450.41
454.63
458.92
463.03
466.9
470.51
474.13
477.82
481.47
485.14
488.94
493.18
497.2
501.24
505.47
509.16
512.72
516.47
520.16
523.97
527.91
531.82
