0.59
1.66
2.66
3.69
4.74
5.43
6.14
6.79
7.52
8.17
8.91
9.6
10.22
10.74
11.24
11.74
12.28
12.81
13.31
13.88
14.44
15.02
15.63
16.18
16.81
17.46
18.12
18.76
19.37
20.05
20.69
21.32
21.99
22.75
23.57
24.34
25.12
25.94
26.95
27.92
28.87
29.96
31.06
32.09
33.09
34.21
35.31
36.39
37.35
38.4
39.4
40.47
41.58
42.69
43.71
44.67
45.72
46.74
47.77
48.74
49.74
50.83
51.87
52.96
54.02
55.03
56.02
56.94
57.84
58.7
59.63
60.56
61.45
62.48
63.51
64.56
65.51
66.53
67.51
68.52
69.43
70.36
71.41
72.45
73.46
74.45
75.26
76.05
76.8
77.61
78.42
79.17
80.0
80.71
81.46
82.23
82.98
83.77
84.51
85.29
86.09
86.93
87.72
88.5
89.29
90.12
90.86
91.6
92.29
93.02
93.77
94.47
95.11
95.83
96.47
97.16
97.84
98.54
99.17
99.78
100.47
101.16
101.83
102.59
103.49
104.36
105.24
106.17
107.16
108.16
109.07
110.09
111.06
112.06
113.04
114.09
115.03
116.13
117.23
118.2
119.18
120.2
121.13
122.05
123.0
123.91
124.77
125.72
126.61
127.54
128.41
129.33
130.21
131.14
132.09
133.0
133.95
134.86
135.79
136.74
137.67
138.54
139.49
140.38
141.32
142.23
143.19
144.09
145.02
146.02
147.08
148.07
149.19
150.28
151.26
152.32
153.33
154.35
155.41
156.42
157.43
158.53
159.6
160.66
161.7
162.76
163.67
164.55
165.47
166.38
167.22
168.25
169.22
170.37
171.31
172.22
173.2
174.12
175.09
176.02
176.9
177.85
178.78
179.4
180.04
180.68
181.28
181.83
182.44
183.0
183.57
184.16
184.76
185.34
185.92
186.47
187.05
187.7
188.34
188.99
189.67
190.29
190.96
191.59
192.26
192.83
193.42
194.0
194.57
195.12
195.72
196.28
196.83
197.41
198.02
198.63
199.24
199.82
200.42
201.01
201.63
202.21
202.78
203.39
203.94
204.52
205.13
205.71
206.24
206.8
207.36
207.95
208.5
209.13
209.77
210.37
211.0
211.65
212.31
212.94
213.5
214.1
214.66
215.24
215.84
216.39
216.9
217.46
217.96
218.49
219.04
219.57
220.1
220.63
221.2
221.73
222.3
222.86
223.54
224.21
224.85
225.56
226.39
227.21
228.11
229.12
230.04
230.99
231.98
232.99
234.06
235.06
236.05
236.95
237.88
238.99
240.08
241.16
242.2
243.22
244.19
245.23
246.3
247.43
248.48
249.52
250.44
251.4
252.31
253.18
254.1
255.07
255.97
257.0
257.91
258.94
259.88
260.82
261.84
262.76
263.73
264.68
265.46
266.24
267.0
267.77
268.54
269.35
270.04
270.71
271.45
272.11
272.84
273.52
274.2
274.85
275.46
276.11
276.77
277.41
278.04
278.64
279.26
279.9
280.5
281.12
281.76
282.42
283.12
283.78
284.44
285.12
285.85
286.61
287.35
288.06
288.81
289.54
290.27
291.0
291.71
292.45
293.17
293.89
294.57
295.31
296.04
296.63
297.19
297.78
298.4
298.97
299.53
300.13
300.69
301.25
301.78
302.37
302.93
303.5
304.08
304.6
305.16
305.69
306.25
306.79
307.3
307.84
308.41
308.95
309.47
310.0
310.63
311.25
311.92
312.61
313.24
313.89
314.55
315.26
315.91
316.56
317.19
317.82
318.48
319.13
319.81
320.47
321.18
321.85
322.56
323.24
323.9
324.56
325.25
325.87
326.45
326.99
327.54
328.06
328.59
329.15
329.69
330.19
330.7
331.22
331.73
332.24
332.8
333.33
333.83
334.37
334.92
335.43
335.95
336.49
337.04
337.56
338.07
338.6
339.14
339.72
340.29
340.85
341.38
341.94
342.52
343.09
343.62
344.21
344.79
345.36
345.91
346.48
347.07
347.64
348.17
348.74
349.3
349.83
350.39
350.91
351.44
352.02
352.54
353.11
353.7
354.26
354.85
355.38
355.94
356.5
357.09
357.68
358.25
358.85
359.41
359.98
360.51
361.07
361.65
362.21
362.78
363.36
363.93
364.58
365.18
365.89
366.57
367.29
368.07
368.8
369.55
370.36
371.1
372.01
372.83
373.73
374.57
375.49
376.41
377.27
378.2
379.1
379.98
380.79
381.62
382.46
383.24
384.05
384.87
385.71
386.47
387.3
388.07
388.7
389.33
389.92
390.55
391.23
391.94
392.61
393.34
394.0
394.72
395.36
396.05
396.7
397.35
398.02
398.71
399.34
400.02
400.64
401.33
401.95
402.64
403.32
404.01
404.7
405.47
406.19
406.92
407.72
408.55
409.33
410.16
410.94
411.74
412.46
413.12
413.82
414.56
415.26
415.95
416.62
417.33
418.08
418.79
419.5
420.19
420.88
421.64
422.4
423.14
423.87
424.67
425.5
426.31
427.1
427.86
428.67
429.41
430.22
430.94
431.69
432.41
433.19
433.88
434.64
435.34
436.03
436.76
437.48
438.13
438.77
439.45
440.12
440.65
441.22
441.74
442.3
442.85
443.38
443.91
444.45
444.99
445.5
445.99
446.51
446.99
447.49
447.99
448.51
449.01
449.5
449.99
450.49
451.01
451.51
451.99
452.53
453.05
453.61
454.14
454.64
455.2
455.72
456.23
456.79
457.31
457.84
458.34
458.87
459.35
459.88
460.37
460.91
461.44
461.95
462.52
463.04
463.59
464.2
464.85
465.55
466.36
467.16
468.02
468.79
469.67
470.52
471.36
472.28
473.23
474.16
475.11
476.07
476.99
477.9
478.79
479.72
480.59
481.48
482.4
483.17
484.0
484.82
485.67
486.48
487.28
488.15
488.95
489.81
490.66
491.49
492.34
493.18
494.2
495.23
496.24
497.21
498.24
499.18
500.26
501.26
502.29
503.37
504.45
505.47
506.56
507.39
508.24
509.17
510.1
510.99
511.88
512.73
513.71
514.61
515.56
516.47
517.38
518.27
519.2
520.17
521.12
522.11
522.99
523.83
524.7
525.54
526.49
527.42
528.39
529.44
530.41
531.33
532.32
533.25
534.23
535.17
