0.43
1.03
1.61
2.18
2.76
3.38
4.03
4.64
5.24
5.84
6.47
7.07
7.72
8.34
8.97
9.61
10.16
10.72
11.21
11.73
12.27
12.77
13.29
13.81
14.36
14.88
15.37
15.89
16.41
16.94
17.45
17.97
18.52
19.03
19.57
20.13
20.7
21.23
21.74
22.26
22.83
23.35
23.88
24.46
25.01
25.56
26.04
26.51
27.12
27.71
28.31
28.89
29.53
30.14
30.74
31.31
31.94
32.51
33.11
33.74
34.44
35.14
35.75
36.42
37.03
37.66
38.31
38.92
39.57
40.17
40.83
41.45
42.04
42.66
43.29
43.95
44.57
45.2
45.74
46.32
46.9
47.45
48.04
48.65
49.25
49.82
50.39
50.95
51.49
52.0
52.54
53.11
53.68
54.29
54.88
55.48
56.04
56.63
57.25
57.83
58.4
58.99
59.58
60.19
60.8
61.44
62.04
62.66
63.24
63.87
64.47
65.09
65.72
66.41
67.03
67.75
68.41
69.11
69.76
70.34
70.88
71.46
72.02
72.55
73.09
73.68
74.24
74.82
75.43
75.99
76.52
77.11
77.65
78.23
78.77
79.36
79.95
80.5
81.1
81.66
82.24
82.83
83.41
84.01
84.55
85.1
85.68
86.22
86.78
87.38
87.93
88.5
89.08
89.69
90.24
90.78
91.34
91.9
92.46
92.97
93.42
93.89
94.38
94.85
95.3
95.79
96.24
96.73
97.18
97.67
98.12
98.61
99.14
99.67
100.18
100.74
101.27
101.83
102.36
102.91
103.49
104.03
104.6
105.2
105.78
106.32
106.88
107.45
108.03
108.59
109.13
109.75
110.32
110.94
111.58
112.2
112.83
113.45
114.04
114.67
115.29
115.95
116.6
117.24
117.88
118.54
119.16
119.86
120.58
121.29
122.03
122.74
123.41
124.17
124.86
125.65
126.5
127.31
128.14
128.94
129.8
130.66
131.57
132.39
133.31
134.17
135.07
135.94
136.79
137.66
138.56
139.46
140.37
141.22
142.05
142.81
143.62
144.31
145.0
145.67
146.38
147.09
147.76
148.43
149.14
149.82
150.44
151.05
151.67
152.3
152.93
153.54
154.18
154.7
155.26
155.83
156.35
156.93
157.45
158.03
158.55
159.15
159.7
160.28
160.87
161.48
162.05
162.6
163.2
163.74
164.32
164.88
165.48
166.09
166.67
167.24
167.87
168.48
169.13
169.75
170.37
171.02
171.66
172.34
173.04
173.76
174.48
175.24
176.04
176.86
177.62
178.54
179.4
180.17
180.99
181.77
182.58
183.35
184.15
184.92
185.68
186.45
187.23
188.02
188.74
189.48
190.25
190.94
191.62
192.27
192.98
193.6
194.26
194.87
195.51
196.18
196.81
197.46
198.08
198.74
199.41
200.03
200.69
201.25
201.84
202.43
203.03
203.62
204.2
204.82
205.38
205.97
206.57
207.18
207.74
208.32
208.89
209.47
210.1
210.7
211.28
211.87
212.5
213.07
213.69
214.32
214.99
215.61
216.25
216.93
217.57
218.21
218.85
219.46
220.12
220.74
221.36
221.98
222.6
223.18
223.79
224.43
225.18
225.94
226.72
227.48
228.26
229.02
229.81
230.57
231.26
231.98
232.7
233.37
234.08
234.81
235.52
236.25
236.93
237.63
238.36
239.12
239.87
240.59
241.32
242.08
242.81
243.53
244.21
244.92
245.61
246.23
246.9
247.6
248.34
249.03
249.71
250.44
251.13
251.89
252.6
253.29
254.03
254.77
255.57
256.29
257.09
257.82
258.59
259.38
260.23
261.05
261.88
262.73
263.56
264.38
265.17
265.93
266.71
267.5
268.34
269.22
270.07
270.87
271.72
272.63
273.45
274.46
275.54
276.62
277.72
278.75
279.85
280.91
281.94
282.93
283.95
285.01
286.05
287.02
288.03
289.02
290.03
291.1
292.2
293.31
294.35
295.5
296.48
297.52
298.56
299.66
300.65
301.72
302.77
303.82
304.82
305.91
306.89
307.93
309.06
310.14
311.21
312.22
313.16
314.01
314.92
315.86
316.85
317.85
318.89
319.9
321.0
322.01
323.08
324.11
325.04
326.0
326.93
327.86
328.81
329.77
330.66
331.62
332.4
333.25
333.98
334.73
335.49
336.25
337.03
337.75
338.52
339.26
340.13
341.01
341.83
342.67
343.61
344.73
345.79
346.87
347.94
349.0
350.13
351.17
352.3
353.35
354.42
355.53
356.53
357.54
358.54
359.62
360.62
361.59
362.62
363.55
364.55
365.62
366.69
367.63
368.58
369.52
370.43
371.32
372.25
373.11
374.02
374.85
375.68
376.54
377.34
378.09
378.9
379.62
380.29
381.01
381.72
382.48
383.12
383.81
384.43
384.99
385.54
386.09
386.65
387.21
387.8
388.33
388.92
389.45
389.95
390.49
391.02
391.57
392.13
392.65
393.21
393.8
394.35
394.86
395.4
395.92
396.44
396.92
397.43
397.93
398.42
398.97
399.46
400.01
400.51
401.05
401.54
402.06
402.6
403.14
403.72
404.24
404.82
405.36
405.84
406.33
406.85
407.29
407.74
408.19
408.65
409.08
409.55
410.0
410.49
411.01
411.5
412.04
412.57
413.06
413.58
414.12
414.62
415.16
415.68
416.18
416.72
417.27
417.79
418.31
418.85
419.36
419.9
420.42
420.94
421.45
422.0
422.52
423.03
423.56
424.08
424.59
425.14
425.72
426.27
426.85
427.45
428.05
428.69
429.41
430.07
430.74
431.38
432.0
432.59
433.24
433.86
434.55
435.2
435.89
436.57
437.24
437.97
438.65
439.33
439.98
440.69
441.37
442.01
442.71
443.45
444.13
444.78
445.42
446.02
446.6
447.15
447.73
448.3
448.85
449.4
449.92
450.48
451.04
451.6
452.08
452.57
453.12
453.68
454.2
454.74
455.27
455.86
456.43
456.99
457.55
458.12
458.7
459.31
459.89
460.45
461.04
461.62
462.21
462.74
463.31
463.85
464.38
464.94
465.48
466.06
466.61
467.15
467.65
468.18
468.73
469.24
469.79
470.34
470.9
471.49
472.07
472.63
473.22
473.79
474.39
474.99
475.62
476.33
477.04
477.69
478.37
479.01
479.68
480.36
481.02
481.64
482.28
482.94
483.56
484.15
484.77
485.41
486.1
486.71
487.38
488.03
488.62
489.25
489.87
490.44
491.06
491.64
492.26
492.81
493.41
493.97
494.5
495.07
495.64
496.25
496.84
497.44
498.03
498.59
499.21
499.75
500.34
500.89
501.47
502.04
502.62
503.2
503.74
504.31
504.94
505.56
506.22
506.83
507.48
508.1
508.76
509.46
510.1
510.8
511.45
512.1
512.77
513.49
514.15
514.8
515.41
516.04
516.69
517.31
517.94
518.54
519.16
519.8
520.43
521.09
521.71
522.41
523.05
523.58
524.16
524.68
525.24
525.75
526.32
526.82
527.36
527.91
528.44
528.95
529.47
530.02
530.52
531.06
531.58
532.08
532.58
533.07
533.56
534.07
534.58
535.12
535.77
536.38
537.02
537.6
538.17
538.72
539.3
539.93
540.68
541.4
542.1
542.84
543.58
544.27
545.01
545.78
546.52
547.21
547.93
548.68
549.44
550.14
550.91
551.64
552.38
553.07
553.81
554.49
555.18
556.01
556.82
557.6
558.42
559.2
560.0
