3.37
5.83
8.33
10.72
13.2
15.75
18.38
20.7
23.14
26.04
28.89
31.86
35.13
38.59
42.02
45.94
49.5
52.8
56.3
60.09
63.87
67.49
70.96
73.67
75.98
78.22
80.49
82.82
85.1
87.36
89.68
92.45
95.45
98.6
101.26
103.48
105.78
108.38
111.29
114.2
117.55
121.06
124.53
128.13
131.56
135.07
138.55
142.31
146.12
149.81
153.42
156.93
159.69
162.05
164.32
166.66
169.12
171.66
174.51
177.64
180.98
184.15
187.23
190.17
192.98
195.98
198.85
201.84
205.36
209.45
213.69
217.9
221.35
224.43
227.47
230.56
233.37
236.24
239.39
243.17
246.9
250.9
255.06
259.06
262.73
265.92
269.2
272.61
276.61
280.7
284.31
288.02
291.74
295.53
299.65
303.81
307.92
312.21
315.85
319.89
324.1
327.32
330.24
333.16
336.24
339.26
342.67
345.78
348.98
352.37
356.1
359.4
362.61
365.78
368.91
372.24
375.68
378.89
381.71
384.43
386.65
388.91
391.01
393.21
395.4
397.42
399.46
401.87
404.83
407.93
411.0
414.11
417.27
420.42
423.57
426.84
430.73
434.55
437.96
441.2
444.12
446.6
449.22
452.07
455.01
458.12
461.31
464.72
468.72
473.04
477.03
480.82
484.14
487.61
491.06
494.48
498.02
501.46
505.19
509.21
512.96
516.9
521.08
525.23
529.43
533.56
537.59
541.6
545.01
547.89
550.41
553.06
556.0
559.19
