0.96
3.36
5.79
8.19
10.25
12.57
15.23
17.8
20.34
22.89
25.65
28.54
31.97
35.63
39.43
43.18
47.16
50.83
54.45
58.12
61.74
65.03
67.71
70.17
72.17
74.12
76.52
78.74
81.06
83.55
86.06
88.72
91.27
93.67
95.79
97.86
99.96
102.49
105.57
108.96
112.23
115.33
118.21
120.8
123.26
125.71
128.23
130.86
133.53
136.06
138.71
141.33
144.17
147.11
149.9
152.59
155.25
158.22
161.1
163.66
166.07
168.27
170.59
172.97
175.43
177.92
180.52
183.27
185.96
188.56
191.15
194.04
197.54
201.22
204.98
208.84
212.77
216.68
220.49
224.22
226.96
229.5
232.13
234.97
237.53
240.18
242.95
245.76
248.69
251.18
253.77
256.34
258.51
260.66
262.95
265.23
267.75
271.54
275.69
279.77
283.87
287.75
291.78
295.63
299.54
303.74
307.71
311.66
315.47
319.68
323.39
326.32
328.98
332.03
335.7
339.4
342.94
346.27
350.08
353.6
356.89
359.71
362.26
364.7
367.1
369.46
371.93
374.49
377.32
380.43
383.58
386.66
390.02
393.45
396.85
400.08
403.06
405.4
407.64
409.99
412.33
414.77
416.98
419.24
422.02
425.13
428.21
431.4
434.53
437.53
440.32
443.05
445.61
448.14
450.66
453.18
455.67
458.41
461.35
464.2
466.76
468.89
471.17
473.86
476.56
478.92
481.54
484.74
488.16
491.52
495.04
498.73
502.53
506.25
509.78
513.35
516.87
520.61
524.57
528.65
531.76
534.37
536.89
539.41
541.93
544.32
546.48
548.71
551.09
553.51
556.22
559.23
562.14
565.07
567.9
570.99
574.09
577.46
581.08
