0.38
0.97
1.57
2.15
2.75
3.36
3.99
4.61
5.22
5.79
6.39
7.03
7.66
8.32
8.93
9.6
10.23
10.81
11.35
11.93
12.57
13.23
13.94
14.57
15.24
15.91
16.6
17.25
17.96
18.61
19.21
19.79
20.36
20.98
21.56
22.19
22.78
23.28
23.78
24.27
24.78
25.31
25.83
26.38
26.88
27.41
28.0
28.54
29.11
29.74
30.34
30.96
31.55
32.23
32.9
33.59
34.33
35.12
35.97
36.75
37.56
38.48
39.44
40.39
41.28
42.22
43.18
44.12
45.06
46.0
46.88
47.77
48.64
49.55
50.39
51.3
52.13
52.97
53.74
54.45
55.18
55.96
56.66
57.37
58.12
58.78
59.5
60.16
60.88
61.6
62.26
63.0
63.68
64.4
65.03
65.69
66.37
67.08
67.72
68.36
69.03
69.65
70.21
70.81
71.38
71.91
72.5
73.06
73.6
74.15
74.74
75.31
75.9
76.52
77.07
77.63
78.17
78.75
79.31
79.86
80.42
81.04
81.6
82.22
82.81
83.39
83.96
84.55
85.15
85.76
86.32
86.91
87.57
88.17
88.8
89.46
90.09
90.69
91.27
91.9
92.49
93.07
93.68
94.23
94.73
95.29
95.8
96.33
96.81
97.32
97.86
98.34
98.85
99.38
99.97
100.58
101.19
101.85
102.49
103.14
103.89
104.68
105.58
106.41
107.3
108.16
108.97
109.78
110.62
111.44
112.24
113.06
113.79
114.54
115.29
116.07
116.75
117.47
118.21
118.88
119.62
120.34
121.07
121.77
122.5
123.27
123.88
124.5
125.13
125.72
126.34
126.98
127.6
128.23
128.88
129.58
130.2
130.87
131.56
132.18
132.88
133.53
134.14
134.78
135.45
136.07
136.72
137.36
138.0
138.71
139.43
140.13
140.77
141.38
142.03
142.68
143.29
143.93
144.56
145.19
145.84
146.44
147.11
147.84
148.49
149.22
149.9
150.61
151.29
151.98
152.61
153.27
153.97
154.6
155.26
155.95
156.67
157.3
158.01
158.66
159.26
159.83
160.42
161.0
161.53
162.12
162.68
163.24
163.77
164.34
164.89
165.47
166.08
166.63
167.18
167.72
168.28
168.83
169.38
169.93
170.59
171.31
172.14
172.98
173.75
174.6
175.4
176.2
177.03
177.89
178.75
179.7
180.55
181.49
182.4
183.27
184.15
185.05
185.97
186.91
187.92
188.83
189.84
190.81
191.79
192.91
194.02
194.96
196.01
197.04
198.0
199.06
200.02
201.03
202.14
203.2
204.3
205.21
206.04
206.93
207.8
208.85
209.81
210.8
211.85
212.78
213.74
214.7
215.69
216.67
217.58
218.55
219.5
220.5
221.41
222.41
223.35
224.24
225.35
226.36
227.43
228.44
229.51
230.53
231.49
232.46
233.45
234.29
235.21
236.04
236.96
237.82
238.62
239.55
240.46
241.4
242.39
243.42
244.38
245.43
246.35
247.32
248.38
249.32
250.22
251.19
252.09
253.14
254.19
255.28
256.35
257.5
258.52
259.61
260.67
261.61
262.63
263.55
264.49
265.41
266.46
267.56
268.63
269.72
270.76
271.8
272.86
273.96
275.04
275.99
276.97
277.95
278.96
280.03
281.06
282.12
283.17
284.18
285.3
286.39
287.34
288.32
289.31
290.27
291.19
292.17
293.14
294.22
295.33
296.46
297.53
298.6
299.58
300.68
301.67
302.73
303.74
304.85
305.77
306.78
307.73
308.76
309.68
310.65
311.66
312.59
313.56
314.52
315.47
316.57
317.61
318.59
319.69
320.64
321.59
322.57
323.4
324.27
324.98
325.66
326.33
327.0
327.66
328.32
328.99
329.59
330.22
330.82
331.42
332.04
332.68
333.32
333.92
334.63
335.31
335.96
336.64
337.36
338.01
338.71
339.41
340.06
340.66
341.27
341.87
342.51
343.08
343.68
344.28
344.91
345.51
346.11
346.72
347.34
347.99
348.59
349.18
349.79
350.41
351.06
351.62
352.22
352.78
353.38
353.92
354.49
355.06
355.64
356.22
356.8
357.35
357.91
358.51
359.11
359.71
360.29
360.86
361.54
362.26
362.9
363.5
364.11
364.71
365.29
365.89
366.49
367.1
367.68
368.27
368.87
369.47
370.08
370.66
371.31
371.93
372.52
373.14
373.77
374.4
375.02
375.57
376.18
376.73
377.33
377.89
378.47
379.07
379.63
380.24
380.82
381.38
381.93
382.51
383.07
383.6
384.18
384.74
385.28
385.85
386.46
387.08
387.67
388.28
388.8
389.35
389.87
390.43
390.95
391.49
392.03
392.57
393.21
393.86
394.5
395.16
395.77
396.42
397.08
397.68
398.26
398.87
399.47
400.09
400.71
401.29
401.86
402.45
403.07
403.67
404.24
404.86
405.41
406.0
406.54
407.11
407.68
408.28
408.84
409.39
409.99
410.53
411.13
411.71
412.34
412.96
413.55
414.15
414.77
415.31
415.88
416.41
416.99
417.53
418.05
418.58
419.29
420.04
420.76
421.59
422.42
423.33
424.22
425.14
426.04
426.99
427.97
428.83
429.73
430.57
431.41
432.21
433.03
433.77
434.55
435.26
436.05
436.76
437.54
438.21
438.94
439.62
440.33
440.98
441.7
442.36
443.05
443.69
444.38
445.02
445.62
446.24
446.88
447.5
448.16
448.78
449.42
450.05
450.65
451.28
451.94
452.54
453.17
453.83
454.44
455.05
455.68
456.3
456.88
457.52
458.1
458.71
459.33
459.93
460.54
461.15
461.76
462.4
463.01
463.61
464.2
464.84
465.51
466.11
466.77
467.31
467.85
468.39
468.9
469.45
469.98
470.56
471.15
471.71
472.27
472.81
473.38
473.9
474.48
475.0
475.58
476.13
476.68
477.2
477.78
478.37
478.93
479.48
479.99
480.49
481.01
481.55
482.05
482.59
483.15
483.68
484.22
484.75
485.31
485.97
486.6
487.28
488.05
488.76
489.54
490.26
490.99
491.7
492.43
493.18
493.88
494.54
495.26
495.99
496.67
497.46
498.29
499.22
500.2
501.18
502.12
503.11
504.17
505.1
506.06
507.07
508.0
508.91
509.79
510.66
511.58
512.47
513.36
514.22
515.15
516.01
516.87
517.81
518.72
519.71
520.62
521.57
522.54
523.19
523.9
524.57
525.3
525.95
526.6
527.28
528.0
528.66
529.35
529.97
530.61
531.27
531.9
532.5
533.15
533.76
534.37
535.0
535.61
536.26
536.89
537.5
538.12
538.77
539.41
540.05
540.68
541.29
541.94
542.53
543.15
543.78
544.33
544.88
545.42
545.96
546.49
547.04
547.59
548.1
548.72
549.33
549.93
550.51
551.1
551.7
552.33
552.9
553.52
554.1
554.64
555.17
555.71
556.22
556.75
557.22
557.72
558.25
558.73
559.24
559.72
560.22
560.73
561.26
561.77
562.32
562.9
563.42
563.99
564.52
565.08
565.61
566.14
566.71
567.23
567.8
568.34
568.9
569.43
570.0
570.52
571.04
571.6
572.13
572.6
573.07
573.55
573.97
574.41
574.87
575.31
575.74
576.17
576.59
577.0
577.44
577.85
578.27
578.69
579.17
579.62
580.07
580.6
581.09
581.6
582.08
582.58
583.1
583.57
584.07
584.59
