0.4
1.02
1.61
2.21
2.84
3.43
4.14
4.8
5.35
5.91
6.45
7.01
7.6
8.14
8.69
9.28
9.81
10.4
10.95
11.51
12.11
12.66
13.24
13.83
14.45
15.08
15.7
16.32
16.91
17.55
18.13
18.7
19.27
19.82
20.39
20.96
21.53
22.05
22.61
23.14
23.63
24.16
24.7
25.26
25.8
26.36
26.94
27.52
28.11
28.67
29.24
29.82
30.41
31.01
31.56
32.15
32.77
33.33
33.95
34.54
35.1
35.69
36.31
36.9
37.46
38.07
38.67
39.25
39.83
40.43
41.0
41.62
42.22
42.85
43.43
44.04
44.69
45.34
45.99
46.58
47.2
47.84
48.45
49.06
49.67
50.29
50.9
51.48
52.03
52.63
53.17
53.74
54.28
54.87
55.48
56.06
56.65
57.26
57.85
58.42
58.98
59.57
60.15
60.71
61.25
61.8
62.35
62.93
63.46
64.02
64.6
65.17
65.68
66.25
66.78
67.3
67.85
68.46
69.06
69.65
70.27
70.85
71.48
72.05
72.68
73.25
73.85
74.48
75.06
75.66
76.3
76.91
77.48
78.08
78.7
79.3
79.85
80.44
81.01
81.62
82.17
82.71
83.27
83.81
84.35
84.9
85.45
86.08
86.68
87.28
87.92
88.52
89.24
89.99
90.69
91.4
92.16
92.88
93.64
94.37
95.09
95.83
96.61
97.32
98.06
98.82
99.53
100.29
101.0
101.8
102.55
103.34
104.04
104.79
105.5
106.23
106.97
107.71
108.34
108.96
109.54
110.1
110.68
111.28
111.84
112.42
113.04
113.62
114.22
114.84
115.44
116.02
116.62
117.16
117.75
118.29
118.84
119.37
119.9
120.42
120.98
121.5
122.0
122.54
123.06
123.54
124.05
124.53
124.99
125.47
125.95
126.5
127.04
127.57
128.08
128.62
129.16
129.68
130.22
130.82
131.39
132.0
132.59
133.23
133.84
134.47
135.12
135.74
136.3
136.89
137.5
138.08
138.73
139.34
139.97
140.62
141.21
141.83
142.46
143.08
143.8
144.48
145.27
146.04
146.83
147.63
148.39
149.11
149.89
150.68
151.46
152.21
153.05
153.83
154.61
155.43
156.24
156.9
157.6
158.25
158.93
159.71
160.42
161.21
161.94
162.71
163.48
164.31
165.15
165.8
166.52
167.15
167.74
168.34
168.97
169.59
170.14
170.74
171.3
171.91
172.45
173.01
173.57
174.14
174.71
175.24
175.83
176.38
176.99
177.56
178.19
178.78
179.36
180.0
180.66
181.3
181.94
182.62
183.25
183.88
184.52
185.12
185.77
186.46
187.11
187.86
188.61
189.41
190.18
191.02
191.91
192.83
193.71
194.63
195.58
196.53
197.5
198.5
199.5
200.64
201.68
202.68
203.64
204.59
205.47
206.42
207.43
208.34
209.34
210.22
211.1
212.01
212.95
213.95
214.81
215.77
216.64
217.64
218.58
219.59
220.62
221.67
222.75
223.82
224.77
225.8
226.78
227.81
228.81
229.87
230.93
231.79
232.73
233.64
234.49
235.39
236.33
237.26
238.14
238.97
239.81
240.71
241.56
242.5
243.43
244.55
245.64
246.71
247.74
248.71
249.56
250.47
251.48
252.45
253.48
254.52
255.49
256.57
257.64
258.67
259.76
260.79
261.87
262.95
264.02
265.15
266.19
267.26
268.33
269.22
270.17
271.12
272.0
272.96
273.89
274.86
275.76
276.74
277.68
278.59
279.51
280.53
281.5
282.6
283.65
284.68
285.71
286.76
287.84
288.83
289.93
291.07
292.01
293.02
293.95
294.98
295.94
296.92
297.94
299.04
300.17
301.15
302.23
303.25
304.27
305.27
306.22
307.25
308.3
309.23
310.24
311.21
312.17
313.27
314.38
315.5
316.58
317.56
318.64
319.64
320.66
321.71
322.81
323.82
324.86
325.98
327.0
328.04
329.13
330.18
331.27
332.21
333.29
334.27
335.32
336.39
337.37
338.39
339.36
340.33
341.29
342.25
343.23
344.17
345.27
346.33
347.39
348.36
349.32
350.26
351.14
352.06
352.99
353.97
354.91
355.97
357.05
358.09
359.18
360.33
361.4
362.47
363.56
364.66
365.68
366.74
367.86
368.93
369.96
371.05
372.07
373.17
374.23
375.29
376.29
377.33
378.44
379.47
380.58
381.64
382.78
383.85
384.93
386.06
387.09
388.21
389.15
389.95
390.79
391.6
392.25
392.8
393.4
393.98
394.55
395.12
395.71
396.33
396.92
397.54
398.2
398.83
399.45
400.06
400.71
401.37
401.96
402.56
403.17
403.81
404.4
405.03
405.59
406.09
406.63
407.15
407.69
408.24
408.74
409.26
409.8
410.38
410.94
411.49
412.01
412.57
413.04
413.56
414.04
414.56
415.05
415.55
416.03
416.52
417.02
417.54
418.05
418.52
419.05
419.54
420.01
420.52
420.98
421.48
422.06
422.63
423.25
423.86
424.49
425.13
425.79
426.42
427.05
427.69
428.41
429.16
429.87
430.56
431.25
432.0
432.71
433.36
434.05
434.73
435.4
436.06
436.76
437.45
438.1
438.77
439.45
440.12
440.82
441.53
442.31
443.09
443.86
444.61
445.43
446.17
446.95
447.76
448.52
449.29
450.1
450.85
451.6
452.38
453.1
453.86
454.55
455.29
456.01
456.76
457.49
458.24
458.94
459.67
460.39
461.14
461.92
462.66
463.42
464.13
464.92
465.61
466.21
466.78
467.38
467.98
468.55
469.14
469.82
470.51
471.23
471.9
472.62
473.37
474.11
474.82
475.58
476.27
477.0
477.78
478.5
479.22
479.98
480.78
481.52
482.24
482.85
483.45
484.1
484.75
485.46
486.19
486.88
487.55
488.27
488.97
489.64
490.36
491.01
491.62
492.28
492.89
493.39
493.94
494.48
494.98
495.49
496.05
496.55
497.09
497.64
498.18
498.7
499.27
499.82
500.36
500.99
501.62
502.29
502.92
503.49
504.11
504.69
505.31
505.94
506.53
507.17
507.78
508.4
509.04
509.68
510.31
510.91
511.55
512.18
512.8
513.41
514.0
514.63
515.21
515.83
516.4
517.02
517.62
518.23
518.8
519.43
520.09
520.69
521.34
521.97
522.63
523.24
523.91
524.54
525.16
525.8
526.47
527.08
527.74
528.39
529.03
529.65
530.25
530.87
531.52
532.1
532.72
533.32
533.96
534.55
535.12
535.66
536.26
536.81
537.38
537.94
538.53
539.15
539.74
540.31
540.9
541.49
542.09
542.64
543.22
543.83
544.38
544.95
545.54
546.09
546.56
547.06
547.58
548.08
548.54
549.03
549.54
550.01
550.53
551.03
551.54
552.07
552.59
553.14
553.67
554.21
554.71
555.25
555.75
556.26
556.78
557.32
557.84
558.3
558.77
559.17
559.53
559.92
560.3
560.68
561.06
561.4
561.74
562.11
562.44
562.82
563.2
563.59
564.0
564.39
564.77
565.14
565.53
565.9
566.3
566.67
567.05
567.47
567.87
568.29
568.72
569.15
569.57
569.99
570.42
570.87
571.29
571.69
572.11
572.54
572.99
573.41
573.85
574.33
574.85
575.31
575.82
576.29
576.78
577.26
577.76
578.24
578.7
579.2
579.66
580.16
