1.01
3.42
5.9
8.13
10.39
12.9
15.96
19.04
22.39
25.78
28.1
30.4
32.42
34.54
36.89
39.24
41.61
44.04
46.57
49.06
51.47
53.72
56.05
58.41
60.71
62.94
65.53
67.85
70.42
73.45
76.3
78.7
81.0
83.27
85.45
87.92
90.68
93.63
96.6
99.52
102.55
105.48
108.6
112.22
115.7
119.37
123.54
127.56
131.5
135.11
138.54
141.83
145.07
148.12
151.0
154.04
156.89
159.71
162.71
166.01
168.97
171.29
173.56
176.37
179.35
182.74
186.42
190.21
194.51
198.49
202.56
206.81
210.61
213.94
217.62
221.73
225.79
229.87
234.19
238.36
242.49
246.28
250.24
254.24
258.31
262.41
266.74
270.84
274.96
279.29
283.64
287.83
292.1
296.46
300.52
304.33
308.29
312.16
315.83
319.63
323.81
328.1
332.19
336.38
340.32
344.15
348.35
352.05
355.97
360.32
364.66
368.92
373.16
377.33
381.64
386.05
390.38
394.35
398.22
401.95
406.01
410.37
414.56
418.74
422.11
425.13
427.69
430.55
433.36
436.06
438.76
441.52
444.56
447.75
450.84
453.8
456.75
459.67
462.65
465.61
467.97
470.5
473.23
476.43
479.97
482.84
485.22
487.37
489.45
491.59
493.93
496.29
498.65
500.98
503.48
505.92
508.39
510.91
513.77
516.85
520.08
523.43
526.56
529.65
532.91
535.49
537.73
539.92
542.13
544.38
546.75
549.01
551.02
553.18
555.74
558.29
561.06
564.0
566.9
569.8
573.4
576.96
