0.43
1.01
1.58
2.2
2.78
3.36
3.94
4.55
5.15
5.74
6.26
6.8
7.32
7.84
8.39
8.93
9.51
10.13
10.71
11.28
11.9
12.49
13.05
13.62
14.22
14.78
15.36
15.88
16.41
16.92
17.43
17.98
18.58
19.21
19.8
20.41
20.95
21.51
22.07
22.62
23.2
23.76
24.33
24.84
25.39
25.93
26.46
27.0
27.62
28.27
28.88
29.46
30.09
30.67
31.23
31.82
32.38
32.93
33.53
34.04
34.57
35.1
35.63
36.16
36.68
37.21
37.76
38.34
38.87
39.41
39.93
40.49
41.08
41.64
42.21
42.76
43.31
43.86
44.4
44.94
45.5
46.11
46.75
47.37
47.95
48.59
49.17
49.8
50.38
50.97
51.52
52.12
52.66
53.23
53.83
54.35
54.9
55.48
56.01
56.51
57.03
57.56
58.09
58.54
59.01
59.48
59.93
60.41
60.87
61.31
61.78
62.26
62.72
63.2
63.72
64.2
64.7
65.22
65.69
66.15
66.6
67.06
67.51
67.98
68.45
68.94
69.41
69.93
70.41
70.88
71.38
71.89
72.38
72.85
73.33
73.77
74.23
74.69
75.17
75.67
76.17
76.66
77.14
77.65
78.12
78.57
79.01
79.44
79.89
80.35
80.79
81.27
81.74
82.22
82.69
83.14
83.58
84.01
84.45
84.89
85.34
85.8
86.24
86.7
87.14
87.59
88.06
88.51
88.94
89.41
89.84
90.27
90.71
91.16
91.59
92.02
92.47
92.87
93.31
93.72
94.13
94.55
95.0
95.47
95.95
96.45
96.93
97.4
97.87
98.3
98.76
99.21
99.69
100.21
100.69
101.17
101.64
102.1
102.54
103.0
103.47
103.94
104.4
104.84
105.3
105.76
106.24
106.72
107.24
107.71
108.2
108.7
109.19
109.68
110.18
110.68
111.21
111.71
112.21
112.71
113.22
113.7
114.18
114.69
115.18
115.69
116.19
116.7
117.19
117.69
118.18
118.64
119.1
119.55
120.01
120.47
120.92
121.38
121.84
122.3
122.76
123.22
123.65
124.1
124.56
125.0
125.45
125.91
126.35
126.81
127.28
127.75
128.26
128.77
129.31
129.79
130.3
130.81
131.35
131.84
132.32
132.81
133.26
133.73
134.2
134.67
135.2
135.67
136.2
136.67
137.2
137.67
138.12
138.57
139.02
139.46
139.91
140.35
140.8
141.23
141.68
142.15
142.59
143.02
143.48
143.92
144.33
144.78
145.2
145.62
146.05
146.48
146.96
147.43
147.91
148.41
148.88
149.34
149.77
150.22
150.66
151.09
151.52
151.92
152.34
152.76
153.2
153.62
154.02
154.45
154.86
155.28
155.7
156.14
156.6
157.04
157.47
157.92
158.39
158.84
159.27
159.72
160.18
160.63
161.07
161.54
162.03
162.5
162.96
163.42
163.9
164.39
164.88
165.36
165.82
166.26
166.7
167.15
167.56
167.97
168.39
168.83
169.25
169.66
170.09
170.52
170.97
171.4
171.82
172.24
172.67
173.1
173.55
173.96
174.4
174.86
175.33
175.8
176.24
176.7
177.16
177.64
178.1
178.54
179.02
179.48
179.91
180.33
180.77
181.2
181.61
182.04
182.47
182.92
183.35
183.79
184.24
184.69
185.12
185.54
185.95
186.38
186.81
187.21
187.67
188.11
188.53
188.97
189.41
189.87
190.32
190.77
191.23
191.67
192.15
192.68
193.24
193.74
194.17
194.59
195.02
195.46
195.9
196.33
196.74
197.15
197.57
198.07
198.55
199.01
199.51
199.99
200.45
200.93
201.43
201.89
202.37
202.85
203.35
203.81
204.29
204.79
205.27
205.73
206.17
206.6
207.03
207.47
207.93
208.36
208.77
209.22
209.64
210.07
210.52
210.94
211.38
211.82
212.26
212.71
213.18
213.63
214.06
214.53
214.97
215.45
215.9
216.37
216.78
217.17
217.58
218.0
218.42
218.86
219.27
219.66
220.07
220.48
220.91
221.32
221.73
222.13
222.53
222.94
223.36
223.78
224.19
224.58
225.0
225.46
225.9
226.32
226.76
227.23
227.68
228.16
228.62
229.08
229.54
229.98
230.44
230.92
231.4
231.87
232.34
232.8
233.26
233.84
234.46
235.02
235.62
236.26
236.87
237.47
238.09
238.68
239.25
239.83
240.45
241.01
241.62
242.19
242.81
243.42
244.04
244.67
245.27
245.91
246.56
247.16
247.79
248.45
249.08
249.68
250.33
250.91
251.53
252.11
252.71
253.34
253.9
254.47
254.98
255.49
256.02
256.53
257.06
257.62
258.2
258.82
259.38
259.99
260.56
261.15
261.77
262.33
262.89
263.44
263.92
264.43
264.94
265.46
265.97
266.48
267.01
267.6
268.13
268.72
269.27
269.82
270.36
270.91
271.47
272.03
272.59
273.09
273.62
274.12
274.64
275.16
275.7
276.23
276.74
277.22
277.75
278.24
278.75
279.29
279.83
280.4
280.94
281.5
282.01
282.5
283.03
283.52
284.03
284.51
285.01
285.51
286.03
286.55
287.05
287.55
288.08
288.64
289.2
289.75
290.27
290.78
291.28
291.79
292.32
292.88
293.45
294.0
294.55
295.07
295.65
296.23
296.84
297.41
297.96
298.49
299.07
299.61
300.17
300.71
301.24
301.81
302.33
302.85
303.36
303.88
304.42
304.88
305.38
305.86
306.33
306.77
307.23
307.69
308.13
308.58
309.02
309.45
309.9
310.37
310.8
311.26
311.72
312.15
312.6
313.05
313.48
313.91
314.37
314.79
315.28
315.8
316.29
316.81
317.3
317.76
318.25
318.71
319.19
319.67
320.11
320.57
321.05
321.52
321.97
322.45
322.93
323.43
323.9
324.36
324.79
325.24
325.66
326.1
326.56
327.0
327.44
327.87
328.3
328.75
329.19
329.61
330.05
330.47
330.89
331.34
331.79
332.22
332.67
333.1
333.53
333.99
334.42
334.86
335.31
335.74
336.17
336.61
337.05
337.47
337.91
338.35
338.76
339.18
339.59
340.01
340.44
340.91
341.39
341.87
342.32
342.79
343.27
343.72
344.15
344.61
345.05
345.54
346.06
346.52
347.02
347.49
347.96
348.43
348.89
349.35
349.82
350.29
350.82
351.35
351.92
352.46
352.99
353.46
353.95
354.46
354.93
355.43
355.91
356.42
356.94
357.42
357.9
358.38
358.86
359.32
359.78
360.27
360.77
361.28
361.79
362.28
362.78
363.27
363.75
364.18
364.63
365.08
365.54
366.0
366.44
366.89
367.35
367.79
368.23
368.69
369.13
369.58
370.05
370.49
370.94
371.37
371.8
372.24
372.7
373.14
373.61
374.08
374.57
375.04
375.49
375.96
376.45
376.92
377.37
377.84
378.28
378.74
379.2
379.66
380.13
380.63
381.16
381.65
382.15
382.61
383.06
383.5
383.92
384.38
384.82
385.24
385.7
386.12
386.56
387.01
387.44
387.88
388.35
388.82
389.31
389.77
390.24
390.68
391.1
391.54
391.99
392.44
392.88
393.3
393.74
394.18
394.61
395.05
395.49
395.9
396.34
396.81
397.25
397.71
398.18
398.63
399.09
399.58
400.03
400.51
400.97
401.46
401.93
402.4
402.86
403.32
403.79
