1.53
3.95
6.25
8.38
10.7
13.05
15.35
17.43
19.79
22.07
24.33
26.46
28.75
31.23
33.51
35.63
37.76
39.95
42.2
44.39
46.74
49.15
51.52
53.81
56.0
58.08
59.93
61.78
63.71
65.68
67.51
69.4
71.38
73.32
75.17
77.13
79.01
80.78
82.68
84.45
86.23
88.05
89.84
91.57
93.3
94.95
96.54
98.3
100.2
102.09
103.94
105.83
107.71
109.67
111.7
113.69
115.67
117.69
119.54
121.38
123.21
125.0
126.8
128.77
130.81
132.8
134.68
136.67
138.57
140.34
142.14
143.91
145.6
147.17
148.88
150.65
152.33
154.03
155.7
157.47
159.26
161.07
162.95
164.87
166.7
168.37
170.08
171.82
173.54
175.33
177.15
179.01
180.77
182.47
184.24
185.95
187.66
189.4
191.22
193.23
195.01
196.74
198.36
199.99
201.64
203.28
204.92
206.59
208.35
210.06
211.81
213.62
215.45
217.17
218.85
220.48
222.12
223.77
225.45
227.23
229.12
230.94
232.8
234.5
236.25
238.17
240.44
242.8
245.27
247.86
250.3
252.71
254.97
257.06
259.44
261.78
263.92
265.96
268.13
270.35
272.58
274.61
277.0
279.28
281.49
283.52
285.5
287.54
289.74
291.79
293.97
296.21
298.49
300.7
302.85
304.93
306.77
308.58
310.37
312.15
313.91
315.8
317.78
319.66
321.51
323.42
325.23
326.99
328.74
330.47
332.22
333.98
335.74
337.46
339.17
340.81
342.39
344.14
346.04
347.96
349.81
351.91
353.94
355.9
357.9
359.78
361.78
363.75
365.54
367.34
369.13
370.93
372.69
374.59
376.45
378.27
380.13
382.14
383.92
385.69
387.43
389.3
391.1
392.87
394.61
396.33
398.17
400.02
