3.6
6.51
9.41
12.42
15.04
17.88
20.63
23.33
26.31
29.15
31.7
34.37
37.13
39.83
42.18
44.5
46.81
49.07
51.33
53.58
55.83
58.14
60.5
62.78
64.97
67.18
69.31
71.44
73.62
75.83
77.84
79.9
82.03
84.32
86.73
89.08
91.37
93.57
95.88
98.07
100.29
102.48
104.75
107.1
109.37
111.64
113.81
115.98
118.18
120.34
122.55
124.84
127.52
130.76
133.99
137.0
139.93
142.77
146.0
149.08
151.8
154.29
156.57
158.88
161.43
163.96
166.76
169.69
172.48
175.31
177.95
180.7
183.38
186.14
188.62
190.93
193.15
195.27
197.54
199.87
202.21
204.51
206.88
209.27
211.73
214.45
217.12
219.86
222.32
224.67
227.09
229.96
232.74
235.26
237.48
239.69
242.37
244.99
247.37
249.8
251.89
253.29
254.7
256.12
257.54
258.96
260.33
261.48
262.57
263.7
264.81
265.92
267.04
268.17
269.26
270.38
271.53
272.65
273.73
274.84
276.02
277.26
278.39
279.55
280.66
281.77
282.88
283.98
285.09
286.2
287.31
288.45
289.51
290.6
291.68
292.78
293.87
295.06
296.18
297.23
298.31
299.38
300.42
301.46
302.48
303.5
304.49
305.48
306.61
307.74
308.89
310.05
311.17
312.28
313.37
314.52
315.64
316.76
317.9
319.03
320.17
321.32
322.45
323.53
324.61
325.73
326.85
327.96
329.09
330.19
331.29
332.37
333.44
334.56
335.77
336.96
338.09
339.16
340.23
341.29
342.33
