0.65
1.64
2.66
3.61
4.61
5.58
6.52
7.46
8.43
9.42
10.44
11.37
12.39
13.28
14.16
15.05
15.95
16.97
17.96
18.88
19.73
20.63
21.48
22.42
23.36
24.36
25.37
26.31
27.24
28.22
29.15
30.0
30.81
31.71
32.59
33.42
34.37
35.25
36.17
37.14
38.03
38.95
39.84
40.6
41.39
42.18
42.97
43.71
44.5
45.28
46.03
46.81
47.58
48.31
49.08
49.81
50.55
51.33
52.1
52.87
53.58
54.33
55.1
55.83
56.58
57.31
57.96
58.65
59.38
60.14
60.91
61.66
62.41
63.17
63.89
64.63
65.37
66.1
66.82
67.56
68.28
68.97
69.71
70.41
71.11
71.82
72.54
73.25
74.01
74.74
75.46
76.23
77.06
77.78
78.49
79.21
79.91
80.64
81.36
82.04
82.76
83.54
84.33
85.17
85.97
86.73
87.55
88.31
89.08
89.86
90.61
91.38
92.16
92.97
93.75
94.48
95.17
95.89
96.63
97.33
98.07
98.83
99.57
100.3
101.03
101.77
102.48
103.23
103.99
104.75
105.54
106.37
107.11
107.88
108.63
109.37
110.15
110.9
111.64
112.39
113.1
113.82
114.56
115.27
115.99
116.72
117.46
118.19
118.88
119.64
120.35
121.08
121.84
122.56
123.32
124.04
124.8
125.52
126.24
126.99
127.74
128.47
129.24
129.94
130.76
131.55
132.4
133.16
134.0
134.82
135.6
136.49
137.39
138.23
139.13
139.98
140.85
141.64
142.4
143.15
143.92
144.72
145.54
146.28
147.02
147.82
148.58
149.3
150.07
150.91
151.81
152.62
153.49
154.29
155.03
155.83
156.59
157.34
158.13
158.88
159.74
160.59
161.44
162.27
163.12
163.97
164.88
165.81
166.76
167.76
168.7
169.7
170.8
171.9
172.93
174.05
175.07
176.02
177.02
177.95
178.85
179.82
180.71
181.57
182.52
183.38
184.3
185.22
186.14
186.96
187.83
188.63
189.4
190.18
190.93
191.67
192.44
193.15
193.86
194.58
195.28
196.01
196.73
197.41
198.17
198.99
199.81
200.57
201.41
202.21
202.99
203.73
204.51
205.33
206.11
206.88
207.63
208.42
209.29
210.08
210.96
211.74
212.69
213.56
214.48
215.49
216.41
217.39
218.41
219.39
220.34
221.38
222.32
223.28
224.28
225.22
226.15
227.1
228.07
229.01
229.96
230.89
231.88
232.74
233.67
234.47
235.28
236.04
236.74
237.48
238.19
238.93
239.7
240.44
240.97
241.54
242.11
242.59
243.11
243.59
244.07
244.53
245.01
245.51
245.98
246.45
246.89
247.35
247.8
248.21
248.59
248.99
249.39
249.81
250.23
250.64
251.03
251.45
251.91
252.39
252.85
253.29
253.75
254.21
254.71
255.19
255.66
256.13
256.63
257.11
257.59
258.04
258.51
258.98
259.46
259.94
260.34
260.73
261.11
261.47
261.84
262.2
262.57
262.95
263.33
263.7
264.06
264.42
264.81
265.18
265.55
265.92
266.28
266.65
267.04
267.43
267.81
268.17
268.54
268.91
269.28
269.64
270.02
270.39
270.77
271.14
271.53
271.91
272.28
272.66
273.01
273.37
273.73
274.11
274.49
274.85
275.23
275.62
276.03
276.46
276.87
277.27
277.65
278.02
278.4
278.8
279.17
279.56
279.93
280.29
280.67
281.03
281.41
281.77
282.15
282.51
282.88
283.25
283.62
283.98
284.35
284.72
285.09
285.47
285.85
286.21
286.57
286.94
287.32
287.72
288.1
288.46
288.82
289.17
289.52
289.9
290.26
290.61
290.98
291.32
291.69
292.06
292.42
292.79
293.15
293.51
293.89
294.29
294.66
295.05
295.43
295.81
296.17
296.53
296.87
297.24
297.6
297.95
298.31
298.67
299.02
299.39
299.74
300.09
300.44
300.77
301.13
301.5
301.84
302.22
302.58
302.93
303.28
303.64
304.0
304.36
304.75
305.11
305.49
305.84
306.24
306.62
306.98
307.37
307.74
308.13
308.51
308.9
309.31
309.7
310.05
310.42
310.81
311.17
311.53
311.9
312.29
312.64
313.02
313.4
313.77
314.14
314.53
314.9
315.27
315.64
316.01
316.4
316.76
317.15
317.53
317.91
318.27
318.65
319.04
319.41
319.8
320.18
320.55
320.94
321.32
321.71
322.07
322.47
322.83
323.19
323.54
323.89
324.25
324.62
325.0
325.36
325.74
326.11
326.48
326.86
327.22
327.6
327.96
328.36
328.73
329.1
329.48
329.84
330.2
330.57
330.93
331.3
331.66
332.01
332.37
332.74
333.1
333.45
333.8
334.17
334.57
334.99
335.39
335.78
336.16
336.57
336.95
337.35
337.73
338.1
338.46
338.81
339.17
339.54
339.89
340.24
340.6
340.95
341.3
341.64
342.0
342.34
342.7
343.03
343.38
343.74
344.1
