3.59
6.42
9.25
12.21
14.99
17.88
20.83
23.6
26.54
29.4
32.05
34.65
37.39
40.39
42.76
45.12
47.49
49.82
52.12
54.43
56.75
59.09
61.35
63.75
66.1
68.35
70.59
72.83
75.12
77.46
80.2
82.46
85.0
87.44
89.62
91.78
93.98
96.19
98.56
100.9
103.26
105.6
107.92
110.4
112.88
115.29
117.63
119.88
122.18
124.42
126.75
129.47
132.34
135.1
138.05
140.81
143.65
146.36
148.81
151.77
154.76
157.78
160.83
163.49
166.43
169.31
172.16
175.37
178.45
181.48
184.34
187.12
189.9
192.5
195.22
198.02
200.94
203.81
206.86
209.73
212.79
215.74
218.7
221.61
224.56
227.67
230.53
233.31
236.11
238.78
241.19
243.57
246.01
248.81
251.2
252.74
254.03
255.32
256.65
257.89
259.22
260.56
261.91
263.25
264.42
265.57
266.76
267.91
269.12
270.27
271.45
272.63
273.79
274.92
276.06
277.2
278.37
279.51
280.68
281.85
282.92
284.05
285.2
286.32
287.49
288.68
289.82
290.96
292.11
293.25
294.41
295.54
296.68
297.79
298.95
300.07
301.21
302.36
303.58
304.78
305.94
307.21
308.48
309.7
310.89
312.11
313.29
314.48
315.75
317.06
318.33
319.53
320.72
322.06
323.33
324.54
325.69
326.82
327.98
329.15
330.31
331.47
332.61
333.86
335.12
336.29
337.45
338.62
339.8
340.91
342.04
343.18
344.29
345.43
346.68
347.8
348.88
350.01
351.19
352.37
353.64
