0.32
0.78
1.25
1.73
2.2
2.67
3.12
3.59
4.06
4.54
5.0
5.48
5.96
6.42
6.86
7.32
7.79
8.28
8.81
9.28
9.81
10.28
10.78
11.26
11.72
12.21
12.67
13.15
13.62
14.09
14.54
15.01
15.48
15.97
16.49
16.95
17.47
17.93
18.44
18.92
19.4
19.88
20.36
20.84
21.34
21.81
22.25
22.71
23.18
23.63
24.11
24.54
24.97
25.43
25.86
26.31
26.74
27.19
27.61
28.07
28.49
28.96
29.4
29.84
30.31
30.76
31.18
31.62
32.06
32.52
32.96
33.4
33.81
34.24
34.68
35.14
35.59
36.03
36.48
36.96
37.41
37.86
38.33
38.8
39.21
39.61
39.99
40.4
40.79
41.21
41.6
41.97
42.37
42.77
43.14
43.54
43.94
44.32
44.74
45.13
45.52
45.92
46.33
46.7
47.1
47.5
47.89
48.26
48.65
49.04
49.45
49.84
50.22
50.6
50.98
51.35
51.74
52.13
52.52
52.9
53.29
53.68
54.06
54.44
54.82
55.21
55.58
55.97
56.38
56.76
57.15
57.55
57.94
58.33
58.71
59.07
59.45
59.83
60.21
60.61
60.98
61.36
61.76
62.15
62.52
62.93
63.34
63.75
64.18
64.58
64.95
65.36
65.72
66.1
66.49
66.86
67.21
67.58
67.96
68.35
68.74
69.11
69.47
69.85
70.22
70.6
71.0
71.36
71.72
72.11
72.47
72.84
73.22
73.58
73.97
74.35
74.72
75.13
75.52
75.89
76.28
76.68
77.06
77.47
77.88
78.29
78.72
79.12
79.5
79.85
80.22
80.59
80.98
81.35
81.71
82.09
82.5
82.92
83.36
83.78
84.17
84.6
85.0
85.4
85.82
86.22
86.63
87.04
87.45
87.88
88.31
88.76
89.19
89.62
90.03
90.46
90.9
91.34
91.79
92.22
92.68
93.12
93.55
93.99
94.45
94.91
95.39
95.85
96.3
96.75
97.22
97.7
98.18
98.57
98.99
99.4
99.82
100.23
100.61
100.97
101.35
101.73
102.12
102.5
102.89
103.27
103.65
104.06
104.44
104.82
105.22
105.61
105.98
106.37
106.75
107.13
107.52
107.93
108.31
108.71
109.1
109.48
109.85
110.2
110.57
110.94
111.32
111.72
112.11
112.5
112.88
113.29
113.68
114.05
114.46
114.87
115.3
115.71
116.12
116.49
116.88
117.26
117.63
118.03
118.4
118.75
119.14
119.5
119.89
120.27
120.63
121.01
121.39
121.78
122.18
122.57
122.95
123.35
123.71
124.09
124.47
124.87
125.23
125.62
126.0
126.37
126.76
127.13
127.52
128.01
128.51
128.99
129.48
129.99
130.47
130.96
131.43
131.88
132.35
132.79
133.25
133.71
134.17
134.63
135.13
135.61
136.09
136.55
137.07
137.55
138.06
138.55
139.07
139.51
139.94
140.37
140.82
141.28
141.71
142.19
142.69
143.16
143.68
144.25
144.79
145.3
145.86
146.38
146.97
147.61
148.21
148.82
149.39
150.01
150.58
151.19
151.77
152.34
152.95
153.54
154.17
154.77
155.34
155.92
156.54
157.1
157.72
158.28
158.88
159.47
160.1
160.7
161.34
161.96
162.56
163.2
163.81
164.43
165.05
165.67
166.43
167.28
168.06
168.88
169.68
170.47
171.26
172.16
173.05
173.87
174.78
175.64
176.65
177.67
178.66
179.64
180.54
181.52
182.44
183.37
184.36
185.27
186.27
187.12
187.99
188.95
189.9
190.78
191.64
192.51
193.36
194.31
195.22
196.12
197.07
198.03
198.99
199.96
200.94
201.88
202.84
203.81
204.77
205.77
206.87
207.89
208.82
209.74
210.7
211.7
212.8
213.8
214.78
215.75
216.76
217.81
218.69
219.58
220.58
221.62
222.58
223.64
224.58
225.64
226.65
227.68
228.64
229.61
230.54
231.43
232.39
233.44
234.47
235.45
236.41
237.4
238.34
239.21
240.14
240.99
241.85
242.75
243.58
244.34
245.14
246.02
246.92
247.86
248.82
249.62
250.4
251.2
251.87
252.34
252.75
253.18
253.62
254.04
254.48
254.92
255.33
255.76
256.21
256.66
257.08
257.48
257.9
258.32
258.78
259.23
259.69
260.13
260.57
261.02
261.47
261.92
262.38
262.84
263.27
263.66
264.03
264.44
264.82
265.22
265.59
265.98
266.37
266.77
267.15
267.54
267.93
268.32
268.73
269.12
269.51
269.89
270.27
270.66
271.07
271.46
271.83
272.22
272.61
273.0
273.41
273.79
274.18
274.55
274.93
275.32
275.7
276.06
276.45
276.82
277.2
277.59
277.98
278.37
278.76
279.14
279.51
279.9
280.3
280.68
281.07
281.47
281.86
282.23
282.57
282.93
283.29
283.68
284.05
284.45
284.83
285.2
285.59
285.97
286.33
286.71
287.11
287.5
287.91
288.31
288.69
289.08
289.45
289.82
290.2
290.59
290.96
291.35
291.73
292.11
292.52
292.88
293.26
293.65
294.03
294.41
294.8
295.17
295.54
295.93
296.3
296.68
297.07
297.43
297.8
298.18
298.56
298.95
299.34
299.7
300.08
300.47
300.84
301.22
301.61
302.01
302.43
302.83
303.23
303.61
303.99
304.38
304.78
305.17
305.55
305.94
306.34
306.77
307.22
307.64
308.06
308.48
308.9
309.31
309.7
310.11
310.5
310.9
311.32
311.72
312.11
312.52
312.91
313.3
313.67
314.06
314.49
314.9
315.34
315.76
316.19
316.63
317.07
317.51
317.93
318.39
318.87
319.33
319.77
320.23
320.69
321.17
321.63
322.07
322.48
322.91
323.34
323.79
324.17
324.56
324.93
325.31
325.7
326.07
326.46
326.83
327.22
327.61
327.99
328.37
328.77
329.15
329.54
329.94
330.32
330.7
331.09
331.47
331.86
332.23
332.61
333.0
333.43
333.87
334.31
334.74
335.13
335.53
335.92
336.3
336.68
337.07
337.46
337.85
338.24
338.63
339.03
339.42
339.8
340.19
340.56
340.92
341.3
341.66
342.04
342.44
342.81
343.18
343.56
343.92
344.29
344.67
345.04
345.44
345.84
346.26
346.7
347.09
347.46
347.8
348.16
348.52
348.89
349.27
349.65
350.02
350.4
350.79
351.2
351.59
351.97
352.37
352.78
353.2
353.65
354.08
354.53
355.0
