0.5
1.04
1.6
2.12
2.68
3.22
3.8
4.28
4.75
5.23
5.72
6.2
6.65
7.12
7.61
8.09
8.62
9.12
9.62
10.13
10.66
11.13
11.6
12.1
12.55
13.02
13.46
13.93
14.4
14.85
15.3
15.78
16.27
16.76
17.22
17.7
18.19
18.68
19.14
19.63
20.11
20.56
21.01
21.47
21.95
22.39
22.85
23.31
23.77
24.25
24.71
25.15
25.61
26.08
26.53
27.01
27.45
27.89
28.36
28.79
29.24
29.71
30.2
30.66
31.15
31.66
32.13
32.55
32.99
33.43
33.87
34.33
34.75
35.14
35.55
35.98
36.38
36.77
37.16
37.58
37.97
38.38
38.8
39.2
39.64
40.09
40.54
40.98
41.42
41.86
42.28
42.72
43.16
43.62
44.06
44.48
44.92
45.36
45.82
46.25
46.72
47.24
47.73
48.22
48.72
49.28
49.91
50.54
51.23
51.87
52.58
53.21
53.9
54.62
55.33
56.06
56.81
57.59
58.33
59.02
59.71
60.41
61.16
61.9
62.68
63.45
64.19
64.97
65.75
66.55
67.39
68.14
68.88
69.65
70.4
71.13
71.91
72.66
73.45
74.26
75.08
75.84
76.57
77.3
78.01
78.73
79.39
80.09
80.83
81.53
82.19
82.93
83.58
84.27
84.98
85.64
86.29
87.03
87.74
88.44
89.16
90.04
90.9
91.81
92.68
93.52
94.37
95.13
95.91
96.68
97.5
98.12
98.82
99.46
100.1
100.8
101.59
102.45
103.24
104.08
104.87
105.74
106.51
107.34
108.17
109.06
109.8
110.52
111.23
111.96
112.74
113.5
114.29
115.07
115.83
116.59
117.38
118.07
118.78
119.56
120.3
121.04
121.78
122.56
123.29
124.01
124.77
125.53
126.17
126.87
127.58
128.23
128.94
129.65
130.33
131.08
132.0
132.85
133.75
134.67
135.56
136.4
137.31
138.24
139.22
140.18
141.08
142.05
142.95
143.92
144.8
145.68
146.59
147.54
148.44
149.34
150.32
151.22
152.21
153.14
154.12
155.08
156.06
157.01
157.83
158.65
159.5
160.36
161.23
162.15
163.04
163.95
164.75
165.47
166.18
166.93
167.62
168.34
169.05
169.77
170.53
171.26
172.07
172.88
173.69
174.45
175.27
176.07
176.88
177.8
178.63
179.51
180.43
181.26
182.16
183.02
183.81
184.53
185.29
186.07
186.81
187.6
188.36
189.1
189.86
190.58
191.29
192.04
192.84
193.59
194.3
195.05
195.8
196.55
197.26
198.04
198.76
199.49
200.23
201.07
201.83
202.7
203.53
204.38
205.21
206.05
206.83
207.75
208.66
209.63
210.62
211.68
212.65
213.7
214.68
215.74
216.8
217.88
218.98
219.97
221.06
222.08
223.16
224.24
225.38
226.41
227.36
228.24
229.18
230.08
230.97
231.79
232.66
233.47
234.41
235.3
236.15
237.09
238.07
239.02
239.98
240.97
241.93
242.96
243.95
244.88
245.8
246.7
247.62
248.58
249.46
250.42
251.4
252.31
253.21
254.12
255.01
255.99
256.9
257.82
258.68
259.59
260.52
261.43
262.34
263.3
264.16
265.09
266.05
266.88
267.75
268.55
269.36
270.21
271.02
271.86
272.62
273.43
274.32
275.25
276.19
277.06
277.96
278.91
279.84
280.67
281.55
282.43
283.24
284.04
284.88
285.62
286.34
287.07
287.84
288.61
289.42
290.18
290.84
291.49
292.21
292.96
293.83
294.63
295.5
296.27
297.07
297.87
298.7
299.49
300.25
301.0
301.73
302.51
303.26
304.01
304.71
305.52
306.36
307.18
307.92
308.63
309.37
310.22
311.08
311.83
312.57
313.34
314.13
314.95
315.71
316.53
317.19
317.85
318.58
319.35
320.09
320.86
321.57
322.36
323.1
323.85
324.62
325.45
326.26
327.11
327.9
328.65
329.44
330.25
331.0
331.82
332.61
333.41
334.19
335.1
335.92
336.79
337.67
338.45
339.15
339.8
340.48
341.2
341.95
342.66
343.36
344.08
344.85
345.59
346.37
347.15
347.92
348.66
349.45
350.17
350.92
351.68
352.45
353.19
353.93
354.7
355.46
356.2
356.96
357.8
358.65
359.54
360.39
361.21
362.07
362.9
363.71
364.54
365.4
366.31
367.33
368.34
