1.02
5.29
9.13
13.05
16.76
20.55
24.25
27.87
31.69
35.13
38.37
41.97
45.81
49.5
53.16
56.04
59.02
61.89
64.96
68.14
71.12
74.26
77.66
80.82
83.58
86.3
89.15
92.67
96.26
100.09
104.29
108.15
111.22
114.28
117.37
120.3
123.28
126.35
129.31
132.2
135.21
138.15
141.22
144.28
147.06
149.7
152.49
156.05
159.88
163.57
166.92
169.74
172.88
176.05
178.96
181.92
184.93
187.95
190.9
194.08
197.26
200.7
204.02
207.44
210.8
214.66
218.98
223.15
227.36
230.96
234.33
238.06
241.92
245.79
249.46
253.21
256.92
260.52
264.12
267.28
270.81
274.96
278.9
282.42
286.34
290.48
294.32
297.81
300.99
304.0
307.18
310.21
313.94
317.85
321.56
324.61
327.88
331.0
334.18
337.27
340.47
343.33
346.36
349.45
352.44
355.45
358.65
362.21
366.3
