0.0
1.0
2.0
3.02
4.0
4.96
5.9
6.9
7.83
8.83
9.74
10.72
11.7
12.58
13.52
14.43
15.39
16.27
17.22
18.08
19.03
19.91
20.77
21.69
22.57
23.46
24.39
25.28
26.13
27.01
27.91
28.84
29.89
30.86
31.72
32.55
33.38
34.23
35.06
35.95
36.88
37.72
38.63
39.56
40.42
41.23
42.09
42.95
43.7
44.47
45.24
46.07
46.96
47.7
48.41
49.12
49.87
50.61
51.3
52.09
52.91
53.72
54.5
55.26
56.05
56.91
57.69
58.54
59.36
60.1
60.81
61.56
62.1
62.63
63.19
63.77
64.33
64.86
65.47
66.04
66.66
67.24
67.87
68.44
69.06
69.62
70.15
70.67
71.28
71.88
72.5
73.05
73.63
74.18
74.75
75.36
75.96
76.58
77.16
77.82
78.48
79.28
80.1
80.92
81.71
82.57
83.37
84.17
84.89
85.65
86.41
87.18
87.96
88.76
89.5
90.32
91.07
91.88
92.79
93.69
94.57
95.41
96.26
97.11
97.99
98.79
99.66
100.46
101.26
102.07
102.87
103.64
104.43
105.21
105.96
106.75
107.55
108.32
109.12
109.92
110.72
111.59
112.39
113.14
113.84
114.57
115.34
116.07
116.78
117.48
118.19
118.92
119.59
120.37
121.14
121.93
122.82
123.69
124.61
125.57
126.52
127.42
128.37
129.34
130.2
131.08
132.01
132.9
133.81
134.69
135.73
136.66
137.7
138.64
139.67
140.69
141.7
142.59
143.45
144.38
145.25
146.13
147.07
148.05
148.95
149.95
150.88
151.8
152.78
153.74
154.63
155.52
156.4
157.32
158.28
159.17
160.04
160.93
161.7
162.49
163.31
164.13
164.91
165.71
166.52
167.33
168.11
168.85
169.58
170.34
171.15
171.89
172.69
173.43
174.24
174.98
175.8
176.57
177.32
178.04
178.81
179.51
180.29
180.98
181.74
182.39
183.05
183.76
184.42
185.09
185.73
186.37
187.08
187.81
188.55
189.24
190.0
190.79
191.57
192.32
193.13
193.93
194.76
195.55
196.36
197.15
198.09
199.03
200.01
200.94
201.93
202.89
203.8
204.74
205.64
206.54
207.45
208.3
209.04
209.82
210.67
211.46
212.3
213.11
213.99
214.86
215.7
216.6
217.46
218.29
219.18
220.03
220.85
221.66
222.46
223.31
224.11
224.89
225.59
226.39
227.17
227.97
228.83
229.64
230.38
231.12
231.77
232.45
233.22
233.99
234.74
235.5
236.28
237.1
237.88
238.72
239.45
240.1
240.79
241.5
242.16
242.79
243.4
244.05
244.69
245.28
245.89
246.44
247.04
247.61
248.18
248.8
249.38
249.96
250.55
251.19
251.77
252.41
253.0
253.62
254.32
255.01
255.73
256.4
257.05
257.72
258.45
259.19
259.89
260.66
261.42
262.17
262.92
263.62
264.3
265.02
265.7
266.38
267.11
267.81
