2.64
6.2
9.73
13.52
17.22
20.77
24.38
27.91
31.71
35.05
38.27
41.33
44.47
47.7
50.62
53.73
56.91
59.72
62.54
64.87
67.23
69.62
71.87
74.18
76.59
79.28
82.56
85.65
88.76
91.88
94.7
97.4
100.16
103.26
106.36
109.5
112.39
115.34
118.19
121.14
124.32
127.62
131.07
134.69
138.63
142.59
146.14
149.95
153.73
157.78
161.18
164.17
167.28
170.33
173.43
176.56
179.51
182.39
185.09
187.8
190.79
193.93
197.15
200.26
203.03
206.02
209.46
212.88
216.59
220.02
223.31
226.39
229.63
232.45
235.48
238.72
241.49
244.04
246.44
248.79
251.2
253.61
256.04
258.45
260.65
262.92
265.69
