2.6
5.0
7.42
9.99
12.6
15.16
17.56
19.78
22.06
24.62
27.52
30.5
33.78
37.16
40.61
44.15
47.65
51.06
54.72
58.31
61.44
64.46
67.58
70.84
73.85
76.9
80.04
83.39
86.65
90.36
94.06
97.83
101.91
105.67
109.55
113.44
117.49
121.7
125.94
129.91
133.74
137.18
140.88
144.42
147.79
151.19
155.04
158.77
162.47
166.39
169.95
173.29
176.73
179.77
182.92
186.04
189.26
192.58
196.0
199.43
203.23
207.15
210.92
214.53
218.09
222.22
226.46
230.66
235.03
239.38
243.21
246.69
250.3
253.95
257.27
261.01
264.71
268.1
270.81
273.42
275.96
278.48
281.01
283.84
286.77
289.72
292.3
294.67
296.83
