0.28
1.36
2.46
3.52
4.61
5.66
6.78
7.74
8.69
9.7
10.61
11.46
12.34
13.23
14.09
14.95
15.83
16.73
17.56
18.38
19.23
20.19
21.16
22.06
23.04
24.07
25.09
26.06
26.98
27.99
28.94
29.82
30.75
31.71
32.6
33.57
34.47
35.36
36.33
37.16
38.05
38.88
39.72
40.62
41.54
42.49
43.37
44.2
45.08
46.0
46.86
47.65
48.48
49.26
50.13
51.06
51.94
52.88
53.74
54.72
55.71
56.63
57.47
58.31
59.1
59.88
60.66
61.44
62.22
62.94
63.65
64.46
65.24
66.03
66.83
67.82
68.77
69.77
70.84
71.84
72.94
74.04
75.16
76.14
77.22
78.19
79.28
80.38
81.47
82.55
83.58
84.66
85.7
86.65
87.56
88.47
89.45
90.34
91.18
92.1
93.06
94.03
94.93
95.93
96.85
97.83
98.78
99.83
100.88
101.92
102.89
103.83
104.72
105.68
106.67
107.58
108.54
109.55
110.52
111.5
112.49
113.44
114.43
115.45
116.38
117.49
118.55
119.61
120.67
121.7
122.79
123.83
124.86
125.94
127.04
127.97
128.91
129.92
130.86
131.79
132.79
133.74
134.6
135.46
136.29
137.19
138.06
138.82
139.66
140.48
141.26
142.06
142.83
143.61
144.43
145.25
146.09
146.9
147.8
148.65
149.52
150.33
151.19
152.12
153.0
154.0
155.04
155.95
156.89
157.8
158.77
159.69
160.6
161.54
162.47
163.49
164.54
165.51
166.55
167.55
168.61
169.54
170.41
171.28
172.19
172.98
173.78
174.52
175.21
175.94
176.74
177.5
178.28
179.02
179.8
180.62
181.39
182.18
182.92
183.7
184.52
185.29
186.04
186.86
187.66
188.46
189.27
190.13
190.95
191.78
192.59
193.39
194.24
195.12
196.01
196.83
197.68
198.57
199.44
200.25
201.09
201.89
202.73
203.65
204.52
205.38
206.24
207.16
208.05
209.03
209.98
210.93
211.84
212.75
213.65
214.54
215.38
216.29
217.22
218.1
218.96
219.89
220.85
221.86
222.79
223.73
224.87
225.95
227.03
228.02
229.1
230.08
231.17
232.27
233.41
234.49
235.58
236.6
237.61
238.69
239.75
240.79
241.85
242.86
243.92
245.01
245.85
246.7
247.62
248.48
249.29
250.1
250.9
251.65
252.4
253.17
253.95
254.74
255.44
256.11
256.76
257.44
258.08
258.75
259.43
260.13
260.77
261.47
262.12
262.8
263.44
264.09
264.72
265.43
266.1
266.77
267.41
268.11
268.79
269.48
270.14
270.82
271.48
272.14
272.79
273.42
274.03
274.67
275.3
275.96
276.61
277.22
277.84
278.49
279.13
279.74
280.38
281.02
281.66
282.39
283.13
283.85
284.54
285.29
285.97
286.78
287.53
288.35
289.07
289.73
290.37
291.03
291.68
292.31
292.94
293.52
294.14
294.69
295.21
295.72
296.26
296.83
297.42
297.96
298.57
299.19
299.79
300.38
301.02
301.62
302.21
302.82
303.45
304.09
304.71
305.32
305.92
306.55
