0.34
0.95
1.57
2.21
2.8
3.46
4.06
4.7
5.43
6.21
7.01
7.83
8.65
9.52
10.33
11.21
12.01
12.93
13.77
14.67
15.53
16.39
17.18
18.03
18.83
19.69
20.51
21.38
22.21
23.05
23.88
24.73
25.58
26.49
27.36
28.13
28.96
29.79
30.61
31.42
32.2
33.04
33.82
34.63
35.47
36.29
37.1
37.86
38.69
39.5
40.25
41.04
41.7
42.33
42.97
43.69
44.41
45.16
45.84
46.6
47.23
47.88
48.52
49.15
49.75
50.39
51.04
51.67
52.29
52.89
53.48
54.09
54.62
55.16
55.73
56.24
56.8
57.34
57.89
58.42
58.96
59.5
60.04
60.61
61.16
61.68
62.23
62.73
63.26
63.79
64.34
64.88
65.39
65.93
66.46
66.97
67.56
68.15
68.8
69.52
70.28
70.97
71.72
72.46
73.22
73.99
74.73
75.45
76.24
76.96
77.72
78.53
79.35
80.26
81.09
81.98
82.82
83.64
84.45
85.31
86.15
86.95
87.81
88.6
89.41
90.11
90.85
91.62
92.37
93.07
93.84
94.57
95.29
96.08
96.81
97.56
98.31
99.04
99.73
100.41
101.12
101.85
102.53
103.23
103.95
104.61
105.32
106.07
106.77
107.47
108.12
108.8
109.51
110.14
110.83
111.51
112.15
112.83
113.53
114.21
114.91
115.6
116.27
117.01
117.75
118.52
119.24
119.96
120.66
121.28
121.95
122.63
123.24
123.88
124.55
125.19
125.81
126.49
127.12
127.77
128.48
129.2
129.89
130.68
131.45
132.19
132.94
133.69
134.51
135.33
136.11
136.95
137.85
138.65
139.55
140.36
141.2
142.09
142.95
143.8
144.5
145.22
145.94
146.66
147.38
148.08
148.83
149.54
150.26
150.94
151.66
152.37
153.07
153.69
154.36
155.07
155.75
156.45
157.13
157.85
158.55
159.29
159.99
160.68
161.34
162.03
162.74
163.43
164.09
164.77
165.38
165.99
166.62
167.24
167.88
168.51
169.11
169.75
170.35
170.99
171.64
172.3
172.94
173.56
174.19
174.85
175.39
175.94
176.51
177.06
177.58
178.13
178.7
179.23
179.8
180.36
180.88
181.46
182.01
182.52
183.07
183.63
184.14
184.71
185.24
185.94
186.62
187.26
187.92
188.62
189.31
190.08
190.82
191.59
192.3
193.08
193.87
194.61
195.43
196.19
196.99
197.73
198.43
199.15
199.87
200.57
201.37
202.11
202.96
203.73
204.58
205.35
206.18
206.95
207.73
208.56
209.32
210.12
210.93
211.72
212.47
213.28
214.08
214.88
215.63
216.46
217.29
218.05
218.88
219.71
220.49
221.31
222.08
222.83
223.47
224.11
224.7
225.34
225.96
226.59
227.26
227.9
228.54
229.14
229.73
230.36
230.96
231.6
232.19
232.84
233.46
234.08
234.67
235.29
235.94
