0.33
0.79
1.28
1.77
2.24
2.71
3.2
3.67
4.16
4.64
5.11
5.6
6.1
6.57
7.06
7.55
8.04
8.55
9.05
9.51
10.02
10.53
11.01
11.52
12.04
12.53
13.05
13.58
14.08
14.61
15.13
15.63
16.15
16.67
17.18
17.72
18.22
18.72
19.24
19.76
20.28
20.8
21.3
21.84
22.36
22.88
23.38
23.9
24.43
24.98
25.56
26.11
26.64
27.14
27.64
28.14
28.65
29.17
29.65
30.17
30.68
31.17
31.7
32.22
32.74
33.25
33.76
34.27
34.79
35.29
35.79
36.31
36.82
37.3
37.8
38.28
38.72
39.2
39.65
40.12
40.56
41.06
41.56
42.08
42.57
43.08
43.61
44.1
44.6
45.14
45.65
46.17
46.71
47.21
47.71
48.23
48.75
49.27
49.76
50.3
50.84
51.38
51.92
52.46
53.04
53.62
54.19
54.76
55.34
55.88
56.48
57.02
57.59
