0.51
1.04
1.6
2.17
2.71
3.22
3.75
4.3
4.84
5.37
5.94
6.49
7.07
7.63
8.22
8.8
9.34
9.84
10.36
10.87
11.38
11.88
12.39
12.88
13.4
13.89
14.37
14.92
15.46
16.0
16.56
17.13
17.63
18.15
18.68
19.19
19.71
20.2
20.73
21.21
21.72
22.23
22.73
23.25
23.79
24.34
24.89
25.4
25.91
26.42
26.93
27.43
27.92
28.42
28.92
29.41
29.89
30.41
30.91
31.42
31.9
32.39
32.9
33.42
33.93
34.42
34.93
35.42
35.9
36.4
36.89
37.37
37.85
38.37
38.86
39.37
39.88
40.37
40.87
41.36
41.84
42.34
42.86
43.38
43.88
44.38
44.9
45.4
45.9
46.41
46.91
47.41
47.92
48.42
48.91
49.42
49.93
50.44
50.94
51.46
51.96
52.47
52.99
53.49
54.0
54.49
54.98
55.48
55.98
56.48
56.98
57.51
58.0
58.52
59.03
59.54
60.05
60.54
61.01
61.49
61.99
62.48
62.97
63.47
63.98
64.53
65.05
65.6
66.1
66.62
67.11
67.6
68.1
68.59
69.08
69.58
70.07
70.56
71.05
71.58
72.07
72.58
73.09
73.59
74.08
74.58
75.09
75.58
76.07
76.59
77.08
77.61
78.12
78.62
79.13
79.63
80.14
80.64
81.13
81.61
82.12
82.62
83.11
83.63
84.14
84.62
85.13
85.64
86.13
86.63
87.11
87.6
88.09
88.61
89.1
89.6
90.09
90.61
91.12
91.62
92.13
92.64
93.15
93.66
94.17
94.67
95.16
95.68
96.18
96.69
97.19
97.69
98.19
98.67
99.18
99.69
100.21
100.68
101.2
101.73
102.22
102.73
103.23
103.74
104.25
104.74
105.25
105.75
106.29
106.79
107.27
107.77
108.27
108.76
109.26
109.75
110.25
110.76
111.26
111.74
112.22
112.71
113.2
113.68
114.18
114.66
115.18
115.68
116.18
116.68
117.2
117.71
118.21
118.73
119.21
119.73
120.24
120.74
121.22
121.75
122.26
122.76
123.25
123.75
124.24
124.76
125.25
125.75
126.26
126.75
127.24
127.7
128.21
128.69
129.17
129.68
130.19
130.72
131.26
131.8
132.32
132.82
133.31
133.82
134.32
134.82
135.33
135.84
136.39
136.93
137.45
138.0
138.45
138.92
139.41
139.88
140.35
140.82
141.28
141.74
142.21
142.7
143.15
143.62
144.11
144.58
145.03
