0.0
0.5
0.98
1.45
1.96
2.45
2.9
3.37
3.84
4.32
4.79
5.28
5.76
6.25
6.73
7.25
7.73
8.23
8.7
9.16
9.62
10.08
10.52
10.95
11.39
11.84
12.3
12.74
13.22
13.69
14.18
14.69
15.18
15.65
16.13
16.59
17.05
17.52
17.96
18.4
18.84
19.3
19.76
20.22
20.69
21.17
21.64
22.13
22.61
23.07
23.52
23.99
24.43
24.88
25.32
25.77
26.23
26.67
27.14
27.59
28.06
28.51
28.95
29.42
29.88
30.33
30.79
31.25
31.71
32.17
32.63
33.12
33.57
34.03
34.5
34.97
35.44
35.89
36.36
36.82
37.27
37.73
38.19
38.65
39.13
39.61
40.07
40.53
40.99
41.44
41.89
42.33
42.78
43.23
43.68
44.14
44.6
45.05
45.49
45.94
46.4
46.87
47.33
47.78
48.25
48.7
49.15
49.6
50.06
50.53
50.99
51.46
51.92
52.37
52.83
53.28
53.74
54.18
54.6
55.03
55.45
55.9
56.35
56.82
57.27
57.72
58.18
58.68
59.21
59.68
60.14
60.57
61.01
61.45
61.89
62.34
62.82
63.27
63.73
64.2
64.64
65.08
65.55
66.01
66.45
66.91
67.39
67.82
68.28
68.74
69.2
69.67
70.13
70.62
71.07
71.52
71.98
72.43
72.88
73.32
73.75
74.2
74.66
75.1
75.56
76.01
76.46
76.93
77.38
77.83
78.28
78.73
79.19
79.65
80.06
80.45
80.86
81.27
81.74
82.22
82.68
83.15
83.61
84.08
84.55
85.01
85.48
85.94
86.4
86.87
87.33
87.79
88.24
88.7
89.17
89.63
90.09
90.54
91.01
91.45
91.92
92.41
92.88
93.32
93.78
94.26
94.73
95.19
95.63
96.1
96.57
97.01
97.47
97.95
98.4
98.86
99.31
99.76
100.23
100.66
101.13
101.57
102.02
102.47
102.89
103.33
103.77
104.23
104.68
105.14
105.57
106.02
106.49
106.94
107.41
107.89
108.34
108.8
109.26
109.71
110.18
110.63
111.09
111.55
112.01
112.48
112.94
113.4
113.86
114.32
114.77
115.21
115.63
116.07
116.51
116.97
117.43
117.88
118.34
118.81
119.31
119.82
120.29
120.74
121.2
121.63
122.07
122.52
122.99
123.45
123.91
124.38
124.84
125.3
125.75
126.18
126.65
127.1
127.53
128.0
128.43
128.9
129.35
