2.98
7.35
11.34
14.98
18.85
22.68
26.11
29.28
32.7
36.15
39.59
42.92
46.07
49.67
53.42
56.94
60.72
64.58
68.07
71.4
74.68
77.84
81.57
85.11
88.62
92.03
95.55
98.98
102.31
105.67
109.28
112.99
116.41
118.53
120.53
122.46
124.45
126.24
127.99
129.75
131.45
133.17
135.08
137.03
138.95
140.87
142.5
144.28
146.09
148.01
149.93
151.73
153.58
155.43
157.29
159.09
160.85
162.66
164.44
166.22
167.99
169.74
171.57
173.69
175.82
178.13
180.7
183.7
186.91
190.07
192.55
195.06
197.61
199.79
201.92
203.83
205.66
207.5
209.37
211.22
213.01
214.75
216.51
218.29
220.05
221.81
223.54
225.27
226.98
228.7
230.51
232.31
234.09
236.14
237.98
239.7
241.44
243.26
245.02
246.75
248.45
250.3
252.23
254.15
256.03
257.82
259.45
261.29
263.14
265.04
266.91
268.73
270.55
272.4
274.29
276.1
277.88
279.66
281.45
283.24
285.01
286.8
288.61
290.76
292.85
294.97
297.35
300.14
303.39
306.41
309.48
312.17
314.73
317.1
319.63
322.13
324.1
325.97
327.83
329.64
331.39
333.16
334.93
336.69
338.49
340.21
341.93
343.73
345.66
347.59
349.49
351.52
353.59
355.59
357.54
359.55
361.47
363.42
365.26
367.14
368.95
370.75
372.5
374.31
376.2
378.03
379.84
381.64
383.42
385.21
386.96
388.75
390.56
392.32
394.04
395.66
397.24
398.9
400.6
402.27
403.97
405.77
407.57
409.41
411.21
413.01
414.82
416.57
418.4
420.2
421.96
423.72
425.42
427.08
428.75
430.42
432.31
434.38
436.86
439.48
442.12
445.19
448.41
450.9
453.26
455.48
458.27
460.95
463.02
464.93
466.92
468.9
471.08
473.36
475.73
478.21
480.7
483.22
485.76
488.33
490.42
492.25
493.95
495.56
497.27
498.98
500.81
502.63
504.41
506.13
507.87
509.61
511.33
513.07
514.82
516.53
518.21
519.91
522.11
524.38
526.89
529.8
532.79
535.68
538.3
540.8
543.24
545.68
