0.5
1.22
1.94
2.71
3.43
4.16
4.9
5.64
6.44
7.2
7.95
8.68
9.46
10.26
11.12
11.99
12.8
13.65
14.48
15.35
16.17
17.05
17.93
18.86
19.73
20.68
21.73
22.69
23.62
24.59
25.58
26.55
27.5
28.37
29.28
30.14
30.98
31.88
32.7
33.55
34.42
35.3
36.16
37.05
37.88
38.75
39.6
40.45
41.23
42.08
42.93
43.83
44.65
45.52
46.34
47.21
48.06
48.9
49.67
50.49
51.32
52.2
53.01
53.9
54.7
55.58
56.39
57.26
58.12
58.92
59.76
60.61
61.46
62.33
63.28
64.26
65.2
66.21
67.17
68.11
68.95
69.83
70.61
71.41
72.21
73.07
73.89
74.68
75.51
76.27
77.08
77.85
78.73
79.64
80.58
81.58
82.55
83.41
84.25
85.12
85.96
86.93
87.76
88.63
89.48
90.32
91.17
92.03
92.91
93.76
94.7
95.58
96.44
97.36
98.17
98.99
99.85
100.65
101.47
102.3
102.88
103.5
104.12
104.74
105.32
105.96
106.54
107.18
107.77
108.34
108.9
109.48
110.02
110.6
111.16
111.75
112.31
112.89
113.45
113.98
114.54
115.11
115.69
116.24
116.81
117.41
117.98
118.54
119.05
119.58
120.07
120.54
120.99
121.46
121.93
122.46
122.95
123.49
123.98
124.5
124.92
125.36
125.81
126.24
126.68
127.13
127.56
128.0
128.44
128.89
129.33
129.76
130.19
130.61
131.04
131.45
131.87
132.31
132.73
133.17
133.61
134.12
134.6
135.09
135.57
136.07
136.54
137.03
137.49
137.97
138.45
138.93
139.42
139.89
140.39
140.88
141.3
141.71
142.11
142.51
142.92
143.4
143.86
144.32
144.76
145.22
145.7
146.16
146.62
147.07
147.54
148.02
148.52
149.0
149.47
149.93
150.38
150.83
151.29
151.74
152.22
152.67
153.14
153.59
154.05
154.51
154.96
155.44
155.92
156.39
156.85
157.3
157.76
158.21
158.64
159.09
159.54
159.98
160.4
160.85
161.31
161.77
162.21
162.67
163.11
163.54
164.0
164.45
164.9
165.35
165.79
166.23
166.68
167.13
167.56
167.99
168.44
168.88
169.31
169.75
170.19
170.63
171.08
171.57
172.02
172.51
172.97
173.43
173.91
174.37
174.85
175.33
175.83
176.31
176.82
177.31
177.79
178.25
178.74
179.22
179.74
180.23
180.7
181.18
181.68
182.15
182.62
183.1
183.6
184.06
184.57
185.04
185.55
186.06
186.57
187.04
187.54
188.08
188.57
189.07
189.61
190.09
190.63
191.13
191.61
192.07
192.56
193.05
193.53
194.01
194.47
194.95
195.48
196.04
196.57
197.08
197.62
198.16
198.7
199.23
199.79
200.34
200.88
201.39
201.95
202.43
202.9
203.36
203.83
204.32
204.76
205.22
205.66
206.1
206.58
207.03
207.51
207.97
208.44
208.91
209.38
209.84
210.31
210.77
211.23
211.69
212.13
212.58
213.02
213.45
213.89
214.34
214.76
215.2
215.64
216.09
216.52
216.97
217.41
217.86
218.29
218.73
219.17
219.6
220.05
220.49
220.92
221.37
221.82
222.24
222.68
223.11
223.54
223.97
224.41
224.84
225.28
225.71
226.15
226.72
227.28
227.8
228.38
228.91
229.45
230.02
230.53
231.1
231.57
232.07
232.59
233.08
233.6
234.1
234.6
235.14
235.65
236.15
236.62
237.09
237.57
238.06
238.55
239.07
239.53
240.04
240.5
241.0
241.45
241.94
242.37
242.82
243.25
243.7
244.14
244.58
245.03
245.47
245.9
246.33
246.76
247.18
247.59
248.0
248.46
248.89
249.34
249.8
250.3
250.78
251.29
251.76
252.24
252.73
253.24
253.69
254.18
254.65
255.09
255.55
256.01
256.47
256.93
257.41
257.83
258.24
258.63
259.04
259.46
259.93
260.4
260.84
261.3
261.77
262.22
262.68
263.14
263.61
264.1
264.56
265.03
265.49
265.98
266.45
266.92
267.37
267.83
268.29
268.74
269.2
269.66
270.11
270.56
271.02
271.48
271.94
272.41
272.88
273.35
273.83
274.3
274.75
275.2
275.65
276.1
276.55
276.99
277.44
277.88
278.33
278.77
279.22
279.67
280.12
280.55
281.02
281.45
281.91
282.35
282.81
283.25
283.7
284.15
284.58
285.02
285.47
285.91
286.36
286.81
287.25
287.67
288.13
288.62
289.11
289.64
290.14
290.64
291.13
291.59
292.1
292.58
293.15
293.71
294.3
294.86
295.49
296.07
296.68
297.36
298.03
298.7
299.41
300.14
300.88
301.71
302.53
303.4
304.16
304.9
305.7
306.42
307.16
307.78
308.38
308.96
309.52
310.1
310.71
311.26
311.85
312.42
313.01
313.61
314.17
314.74
315.3
315.88
316.45
317.01
317.51
317.99
318.45
318.95
319.42
319.89
320.36
320.85
321.32
321.78
322.24
322.68
323.15
323.62
324.11
324.57
325.04
325.51
325.98
326.44
326.91
327.37
327.84
328.3
328.76
329.22
329.65
330.08
330.52
330.97
331.4
331.84
332.28
332.73
333.17
333.62
334.06
334.5
334.94
335.37
335.81
336.24
336.69
337.15
337.59
338.04
338.49
338.93
339.35
339.78
340.21
340.65
341.08
341.51
341.94
342.39
342.82
343.29
343.78
344.24
344.7
345.19
345.66
346.1
346.55
346.99
347.44
347.92
348.44
348.94
349.47
349.97
350.48
350.99
351.53
352.04
352.56
353.07
353.6
354.09
354.58
355.08
355.6
356.08
356.55
357.04
357.55
358.06
358.57
359.08
359.57
360.07
360.55
361.01
361.48
361.96
362.42
362.92
363.43
363.91
364.36
364.81
365.27
365.74
366.19
366.66
367.15
367.62
368.06
368.51
368.96
369.43
369.88
370.3
370.75
371.2
371.63
372.06
372.5
372.97
373.41
373.85
374.31
374.8
375.26
375.73
376.21
376.67
377.13
377.59
378.04
378.5
378.95
379.4
379.84
380.3
380.75
381.21
381.64
382.09
382.54
382.98
383.43
383.86
384.32
384.76
385.21
385.65
386.1
386.58
387.02
387.5
387.98
388.48
388.95
389.44
389.9
390.34
390.8
391.26
391.75
392.26
392.78
393.27
393.67
394.05
394.45
394.85
395.27
395.65
396.07
396.45
396.85
397.25
397.65
398.06
398.48
398.9
399.34
399.74
400.17
400.6
401.02
401.43
401.86
402.27
402.68
403.13
403.57
403.99
404.45
404.87
405.34
405.78
406.22
406.67
407.14
407.58
408.04
408.52
408.98
409.42
409.88
410.32
410.77
411.21
411.66
412.12
412.57
413.02
413.46
413.91
414.36
414.82
415.27
415.69
416.14
416.58
417.03
417.49
417.96
418.4
418.86
419.31
419.75
420.2
420.65
421.1
421.53
421.97
422.41
422.84
423.3
423.73
424.15
424.59
425.0
425.43
425.83
426.27
426.67
427.09
427.51
427.93
428.34
428.75
429.16
429.59
429.99
430.43
430.83
431.26
431.68
432.11
432.55
432.96
433.41
433.92
434.39
434.9
435.38
435.89
436.37
436.87
437.52
438.18
438.82
439.5
440.11
440.81
441.44
442.13
442.87
443.6
444.35
445.08
445.8
446.53
447.22
447.96
448.56
449.12
449.72
450.31
450.91
451.5
452.14
452.76
453.47
454.13
454.82
455.5
456.17
456.85
457.57
458.27
458.94
459.65
460.3
460.95
461.54
462.08
462.55
463.02
463.52
464.0
464.46
464.94
465.42
465.9
466.4
466.93
467.43
467.91
468.4
468.9
469.4
469.97
470.54
471.09
471.63
472.19
472.75
473.37
473.93
474.55
475.16
475.73
476.34
476.97
477.58
478.22
478.82
479.46
480.11
480.71
481.37
481.98
482.55
483.16
483.74
484.32
484.82
485.31
485.79
486.29
486.81
487.29
487.79
488.34
488.89
489.42
489.94
490.43
490.91
491.37
491.83
492.26
492.71
493.13
493.55
493.96
494.38
494.78
495.17
495.57
495.98
496.39
496.83
497.27
497.7
498.13
498.55
498.99
499.46
499.92
500.38
500.82
501.27
501.73
502.18
502.63
503.08
503.54
503.98
504.42
504.86
505.29
505.71
506.14
506.58
507.01
507.44
507.87
508.32
508.74
509.17
509.61
510.05
510.47
510.9
511.33
511.78
512.22
512.64
513.08
513.52
513.97
514.4
514.83
515.26
515.69
516.11
516.53
516.95
517.38
517.79
518.25
518.82
519.36
519.92
520.46
521.01
521.56
522.11
522.69
523.27
523.82
524.39
524.98
525.57
526.22
526.9
527.54
528.24
528.89
529.5
530.14
530.83
531.52
532.23
532.89
533.62
534.3
534.98
535.69
536.34
537.05
537.78
538.58
539.32
540.09
540.8
541.41
542.05
542.67
543.25
543.86
544.49
545.11
545.68
546.29
546.88
547.47
548.03
548.62
549.22
549.8
550.42
551.04
551.66
552.28
