2.37
6.14
9.83
14.15
18.54
22.19
25.92
29.79
33.51
36.66
39.77
42.82
45.77
48.74
51.58
54.51
57.44
60.14
63.11
66.66
69.94
73.18
77.19
80.44
83.68
87.08
90.92
94.33
97.94
101.59
105.33
109.08
112.44
115.44
118.47
121.19
123.23
125.04
126.77
128.49
130.22
132.02
133.85
135.88
137.77
139.39
140.97
142.66
144.35
146.07
147.82
149.55
151.27
152.99
154.76
156.51
158.23
159.85
161.59
163.34
165.15
166.99
169.03
171.17
173.17
175.02
176.86
178.79
180.71
182.63
184.51
186.6
188.62
190.54
192.46
194.46
196.59
198.45
200.22
201.87
203.67
205.5
207.31
209.05
210.78
212.54
214.31
215.98
217.61
219.19
220.88
222.65
224.46
226.26
228.12
229.99
231.93
233.71
235.61
237.57
239.4
241.16
242.87
244.58
246.32
248.15
250.03
252.12
254.66
257.21
259.55
261.76
263.5
265.24
267.0
268.76
270.56
272.34
274.13
275.89
277.85
279.61
281.38
283.23
285.26
287.33
290.0
292.8
295.7
298.55
301.08
303.72
306.38
308.91
311.46
313.79
315.75
317.5
319.33
321.15
322.95
324.7
326.41
328.18
329.88
331.52
333.26
334.94
336.81
338.86
340.78
342.79
344.88
347.0
349.09
351.09
353.08
355.14
356.96
358.86
360.74
362.67
364.5
366.42
368.25
369.99
371.83
373.64
375.47
377.28
379.07
380.92
382.8
384.72
386.6
388.64
391.14
393.59
396.0
398.15
400.02
401.9
403.8
405.68
407.5
409.33
411.17
412.99
414.81
416.63
418.42
420.2
421.95
423.99
426.12
428.34
430.84
434.09
437.44
440.44
442.97
445.55
447.99
450.33
452.92
455.52
458.68
461.77
464.91
467.69
470.19
472.41
474.79
477.08
479.3
481.2
483.21
484.95
486.65
488.33
489.99
491.68
493.45
495.22
497.0
498.7
500.43
502.2
503.95
506.47
509.04
511.62
514.22
516.97
519.94
523.06
525.93
528.66
531.57
534.71
538.07
541.58
