0.0
1.05
2.1
3.07
3.89
4.71
5.51
6.34
7.24
8.06
8.93
9.84
10.74
11.65
12.56
13.53
14.42
15.28
16.11
16.91
17.77
18.55
19.49
20.34
21.24
22.2
23.12
24.11
25.05
26.02
26.92
27.88
28.82
29.8
30.74
31.69
32.66
33.58
34.49
35.35
36.31
37.21
38.05
38.9
39.78
40.61
41.51
42.31
43.22
44.05
44.94
45.78
46.63
47.5
48.42
49.29
50.14
51.0
51.8
52.63
53.52
54.31
55.2
56.0
56.87
57.65
58.42
59.24
60.0
60.78
61.51
62.29
63.12
63.94
64.78
65.67
66.66
67.57
68.42
69.2
69.95
70.73
71.48
72.32
73.19
73.99
74.74
75.53
76.32
77.19
77.98
78.83
79.62
80.44
81.29
82.12
82.92
83.69
84.51
85.29
86.12
86.89
87.69
88.49
89.29
90.14
90.94
91.75
92.64
93.48
94.33
95.19
96.06
96.98
97.94
98.85
99.78
100.65
101.57
102.49
103.46
104.36
105.19
106.1
106.94
107.79
108.66
109.4
110.15
110.93
111.7
112.44
113.23
113.99
114.72
115.44
116.17
116.95
117.58
118.25
118.93
119.57
120.22
120.84
121.48
122.11
122.79
123.47
124.14
124.81
125.47
126.14
126.78
127.42
128.04
128.71
129.34
130.01
130.68
131.36
132.03
132.67
133.35
133.97
134.6
135.24
135.89
136.49
137.13
137.77
138.38
139.02
139.65
140.3
140.97
141.59
142.24
142.85
143.48
144.1
144.71
145.36
145.97
146.52
147.08
147.6
148.04
148.47
148.89
149.34
149.77
150.19
150.61
151.05
151.49
151.92
152.36
152.78
153.22
153.66
154.11
154.55
154.99
155.43
155.85
156.29
156.73
157.16
157.61
158.05
158.5
158.96
159.4
159.84
160.3
160.74
161.15
161.59
162.02
162.47
162.91
163.34
163.8
164.24
164.68
165.15
165.6
166.04
166.49
166.99
167.5
167.97
168.53
169.04
169.57
170.1
170.62
171.18
171.68
172.23
172.71
173.18
173.63
174.1
174.57
175.03
175.48
175.93
176.39
176.87
177.33
177.78
178.25
178.7
179.17
179.61
180.09
180.55
181.01
181.45
181.93
182.36
182.83
183.26
183.71
184.2
184.67
185.12
185.59
186.1
186.61
187.12
187.62
188.09
188.59
189.12
189.62
190.09
190.59
191.09
191.59
192.07
192.54
193.03
193.51
193.99
194.46
194.91
195.35
195.77
196.21
196.65
197.12
197.57
198.0
198.45
198.9
199.37
199.81
200.23
200.63
201.04
201.44
201.88
202.31
202.76
203.21
203.68
204.13
204.58
205.04
205.5
205.95
206.4
206.85
207.31
207.76
208.21
208.64
209.06
209.5
209.92
210.34
210.78
211.22
211.66
212.09
212.55
212.99
213.44
213.88
214.31
214.73
215.14
215.56
215.99
216.41
216.81
217.24
217.67
218.11
218.55
218.97
219.4
219.81
220.24
220.67
221.08
221.51
221.99
222.43
222.89
223.35
223.83
224.32
224.8
225.27
225.77
226.25
226.72
227.17
227.64
228.13
228.58
229.05
229.53
230.0
230.48
230.96
231.44
231.94
232.38
232.84
233.27
233.7
234.14
234.6
235.03
235.46
235.91
236.33
236.77
237.22
237.64
238.08
238.52
238.97
239.4
239.86
240.29
240.73
241.17
241.6
242.01
242.44
242.87
243.3
243.71
244.14
244.58
245.01
245.44
245.86
246.32
246.78
247.26
247.71
248.16
248.62
249.08
249.55
250.04
250.51
250.98
251.43
251.91
252.38
252.89
253.39
254.04
254.66
255.31
255.92
256.55
257.22
257.83
258.48
259.03
259.57
260.1
260.65
261.21
261.77
262.23
262.71
263.19
263.69
264.16
264.6
265.03
265.47
265.91
266.36
266.79
267.25
267.69
268.13
268.56
269.0
269.44
269.88
270.34
270.79
271.24
271.67
272.12
272.57
272.99
273.45
273.9
274.34
274.78
275.23
275.66
276.1
276.56
277.0
277.42
277.86
278.31
278.76
279.19
279.62
280.07
280.52
280.95
281.39
281.85
282.29
282.74
283.23
283.71
284.2
284.75
285.27
285.79
286.29
286.82
287.34
287.85
288.55
289.29
290.01
290.77
291.49
292.14
292.83
293.56
294.29
294.96
295.67
296.39
297.14
297.87
298.56
299.3
300.1
300.91
301.73
302.4
303.09
303.72
304.42
305.05
305.7
306.39
307.01
307.66
308.29
308.95
309.55
310.21
310.82
311.46
312.05
312.66
313.3
313.8
314.32
314.85
315.33
315.76
316.18
316.61
317.05
317.51
317.95
318.43
318.89
319.34
319.79
320.26
320.71
321.15
321.61
322.07
322.51
322.96
323.4
323.82
324.26
324.71
325.14
325.56
325.99
326.41
326.85
327.29
327.74
328.18
328.63
329.06
329.49
329.89
330.3
330.72
331.13
331.53
331.95
332.38
332.83
333.26
333.67
334.1
334.52
334.95
335.37
335.78
336.21
336.67
337.09
337.55
337.99
338.41
338.87
339.35
339.84
340.33
340.8
341.29
341.75
342.25
342.8
343.31
343.86
344.4
344.93
345.45
345.95
346.47
347.01
347.54
348.03
348.55
349.1
349.61
350.09
350.6
351.1
351.59
352.07
352.56
353.08
353.62
354.12
354.63
355.16
355.62
356.06
356.52
356.95
357.41
357.86
358.36
358.87
359.34
359.8
360.29
360.75
361.21
361.68
362.16
362.67
363.17
363.63
364.06
364.5
364.94
365.33
365.72
366.12
366.52
366.94
367.39
367.82
368.25
368.66
369.1
369.54
370.0
370.46
370.94
371.38
371.83
372.28
372.73
373.2
373.65
374.11
374.58
375.04
375.48
375.94
376.4
376.85
377.28
377.73
378.18
378.62
379.07
379.5
379.96
380.38
380.82
381.28
381.71
382.13
382.55
382.98
383.46
383.95
384.43
384.95
385.41
385.9
386.47
386.98
387.56
388.1
388.64
389.24
389.88
390.53
391.15
391.77
392.41
393.02
393.6
394.22
394.84
395.43
396.01
396.61
397.13
397.66
398.15
398.61
399.1
399.57
400.03
400.49
400.96
401.43
401.92
402.39
402.85
403.33
403.8
404.26
404.73
405.2
405.68
406.15
406.6
407.04
407.5
407.97
408.43
408.88
409.33
409.8
410.25
410.73
411.17
411.62
412.08
412.53
412.99
413.45
413.91
414.35
414.82
415.27
415.73
416.19
416.63
417.09
417.55
418.0
418.43
418.88
419.33
419.77
420.21
420.66
421.08
421.53
421.96
422.41
422.88
423.33
423.78
424.21
424.66
425.19
425.71
426.24
426.79
427.33
427.89
428.54
429.16
429.85
430.53
431.24
431.92
432.6
433.27
434.09
434.9
435.68
436.56
437.45
438.35
439.24
440.07
440.99
441.88
442.72
443.61
444.44
445.32
446.18
447.12
448.0
448.88
449.85
450.83
451.75
452.74
453.64
454.57
455.53
456.45
457.39
458.35
459.31
460.21
461.02
461.78
462.6
463.38
464.12
464.92
465.66
466.37
467.05
467.7
468.36
468.98
469.62
470.2
470.72
471.29
471.83
472.4
472.91
473.47
473.92
474.41
474.86
475.35
475.79
476.24
476.66
477.1
477.54
478.0
478.42
478.86
479.3
479.76
480.18
480.64
481.07
481.54
482.01
482.5
482.97
483.47
483.9
484.34
484.74
485.17
485.57
485.96
486.33
486.72
487.11
487.53
487.93
488.34
488.76
489.17
489.6
490.0
490.42
490.84
491.27
491.69
492.12
492.54
492.99
493.46
493.91
494.35
494.78
495.23
495.67
496.11
496.56
497.01
497.45
497.88
498.29
498.7
499.13
499.55
500.0
500.44
500.88
501.31
501.77
502.21
502.64
503.08
503.52
503.93
504.38
504.8
505.22
505.66
506.08
506.49
506.91
507.34
507.77
508.2
508.63
509.05
509.47
509.9
510.33
510.78
511.28
511.76
512.23
512.73
513.23
513.73
514.23
514.73
515.24
515.76
516.28
516.81
517.33
517.88
518.42
518.94
519.46
519.95
520.49
521.0
521.51
522.05
522.58
523.07
523.6
524.18
524.73
525.25
525.8
526.37
526.93
527.53
528.07
528.67
529.22
529.73
530.28
530.79
531.32
531.88
532.38
532.94
533.49
534.06
534.68
535.27
535.84
536.42
537.08
537.7
538.32
538.95
539.63
540.26
540.89
541.59
542.34
543.04
543.77
544.56
545.29
546.09
