1.19
4.44
7.89
11.19
14.41
17.65
20.76
24.02
27.13
30.13
33.15
36.25
39.37
42.51
45.92
49.64
53.28
56.87
60.51
64.08
66.95
69.97
73.52
76.9
80.57
84.3
87.61
90.98
94.76
98.8
102.34
105.54
108.85
112.02
114.85
117.66
120.51
123.44
125.93
128.46
130.85
133.26
135.63
137.63
139.28
140.79
142.43
144.07
145.69
147.38
149.04
150.83
152.66
154.34
156.03
157.83
159.54
161.28
163.08
164.89
166.74
168.42
170.12
171.9
173.76
175.65
178.02
181.1
184.17
187.16
190.39
193.63
196.53
199.49
202.42
205.1
206.95
208.73
210.61
212.49
214.35
216.16
217.89
219.61
221.4
223.17
224.95
226.76
228.54
230.28
232.56
234.97
237.4
240.53
243.73
247.04
250.15
253.23
256.38
259.48
262.65
265.49
267.48
269.2
270.95
272.77
274.49
276.26
278.1
279.87
281.67
283.37
285.09
286.84
288.68
290.56
292.6
294.7
296.77
299.67
302.37
304.99
307.58
310.34
312.97
314.81
316.67
318.5
320.33
322.08
323.9
325.86
327.74
329.6
331.42
333.17
334.92
336.68
338.43
340.25
342.03
343.78
345.64
347.54
349.49
351.57
353.67
355.69
357.74
359.68
361.41
363.25
365.05
366.9
368.63
370.3
372.24
374.04
375.95
377.78
379.57
381.36
383.28
385.21
386.83
388.42
390.23
392.05
393.93
395.77
397.46
399.14
401.02
403.14
405.11
407.03
408.86
410.67
412.47
414.23
416.05
417.9
419.7
421.43
423.11
424.74
426.38
428.12
430.22
432.53
435.07
437.63
440.45
443.27
446.04
449.0
452.15
455.13
458.74
462.54
466.38
470.41
474.3
477.37
479.45
481.43
483.14
484.81
486.53
488.34
490.2
491.96
493.85
495.67
497.49
499.35
501.12
502.89
504.7
506.64
508.56
510.32
512.06
513.68
515.77
517.98
520.4
522.78
525.32
527.71
530.14
532.51
534.91
537.34
539.82
542.31
