0.26
1.19
2.15
3.14
4.05
5.01
6.0
6.95
7.89
8.88
9.86
10.8
11.78
12.72
13.67
14.62
15.66
16.67
17.67
18.71
19.78
20.77
21.81
22.96
24.03
25.08
26.2
27.13
28.03
28.96
29.91
30.83
31.8
32.66
33.62
34.47
35.4
36.25
37.18
38.1
39.07
40.01
40.93
41.85
42.78
43.72
44.71
45.6
46.61
47.55
48.62
49.65
50.75
51.86
52.98
54.02
55.12
56.16
57.25
58.37
59.4
60.51
61.6
62.65
63.75
64.86
65.93
66.96
68.01
69.11
70.0
70.95
71.86
72.64
73.52
74.37
75.21
76.08
76.9
77.79
78.66
79.61
80.58
81.54
82.42
83.35
84.3
85.16
86.01
86.79
87.62
88.44
89.26
90.1
90.99
91.85
92.81
93.73
94.77
95.77
96.84
97.84
98.81
99.67
100.53
101.41
102.35
103.23
104.12
105.01
105.92
106.85
107.76
108.72
109.61
110.55
111.47
112.46
113.4
114.32
115.29
116.26
117.25
118.19
119.17
120.13
121.03
121.98
122.96
123.93
124.75
125.61
126.48
127.24
128.05
128.86
129.68
130.46
131.26
132.06
132.86
133.67
134.38
135.12
135.88
136.64
137.39
138.13
138.91
139.64
140.41
141.23
142.01
142.81
143.67
144.48
145.28
146.05
146.71
147.39
148.01
148.67
149.35
149.9
150.36
150.84
151.29
151.75
152.22
152.67
153.09
153.5
153.93
154.35
154.77
155.2
155.62
156.03
156.47
156.92
157.38
157.83
158.27
158.7
159.12
159.54
159.98
160.41
160.87
161.29
161.74
162.18
162.65
163.09
163.53
164.0
164.45
164.9
165.34
165.8
166.27
166.74
167.18
167.58
168.02
168.42
168.85
169.28
169.68
170.12
170.58
171.02
171.46
171.91
172.37
172.81
173.28
173.76
174.25
174.73
175.19
175.67
176.18
176.71
177.21
177.71
178.23
178.74
179.27
179.79
180.32
180.88
181.48
182.05
182.62
183.18
183.73
184.3
184.87
185.46
186.04
186.6
187.16
187.69
188.26
188.77
189.34
189.87
190.4
190.96
191.48
191.96
192.42
192.91
193.38
193.86
194.34
194.82
195.3
195.79
196.28
196.74
197.24
197.72
198.18
198.68
199.13
199.6
200.09
200.54
201.01
201.48
201.96
202.44
202.91
203.37
203.8
204.27
204.72
205.17
205.62
206.06
206.51
206.96
207.4
207.84
208.29
208.73
209.16
209.62
210.11
210.61
211.09
211.55
212.01
212.5
212.96
213.42
213.89
214.36
214.81
215.27
215.73
216.17
216.62
217.04
217.48
217.9
218.34
218.77
219.21
219.62
220.06
220.5
220.96
221.41
221.84
222.28
222.71
223.18
223.62
224.07
224.53
224.96
225.42
225.87
226.32
226.77
227.21
227.66
228.11
228.54
228.98
229.42
229.86
230.31
230.78
231.23
231.68
232.13
232.57
233.06
233.52
234.02
234.48
234.97
235.44
235.92
236.42
236.91
237.4
237.92
238.49
239.02
239.57
240.07
240.6
241.16
241.66
242.1
242.51
242.91
243.32
243.73
244.14
244.56
244.98
245.39
245.8
246.21
246.63
247.05
247.46
247.87
248.29
248.71
249.15
249.62
250.15
250.65
251.15
251.66
252.16
252.69
253.21
253.68
254.21
254.71
255.17
255.67
256.16
256.66
257.11
257.51
257.91
258.3
258.7
259.1
259.49
259.91
260.35
260.83
261.28
261.75
262.22
262.71
263.19
263.71
264.19
264.67
265.12
265.59
266.06
266.54
267.0
267.48
267.91
268.34
268.77
269.21
269.66
270.1
270.54
270.96
271.41
271.86
272.31
272.77
273.23
273.67
274.09
274.51
274.94
275.37
275.84
276.27
276.72
277.18
277.65
278.1
278.54
278.99
279.44
279.88
280.3
280.75
281.21
281.67
282.1
282.52
282.96
283.38
283.82
284.24
284.66
285.1
285.54
285.98
286.41
286.85
287.32
287.78
288.23
288.69
289.17
289.64
290.11
290.56
291.1
291.61
292.1
292.6
293.12
293.66
294.16
294.7
295.2
295.72
296.25
296.78
297.26
297.75
298.22
298.72
299.18
299.68
300.15
300.58
301.04
301.5
301.94
302.38
302.83
303.3
303.74
304.16
304.6
305.04
305.5
305.96
306.39
306.87
307.33
307.79
308.23
308.69
309.15
309.61
310.11
310.59
311.05
311.53
312.01
312.49
312.99
313.46
313.9
314.38
314.82
315.3
315.76
316.2
316.68
317.14
317.6
318.04
318.5
318.96
319.42
319.89
320.34
320.77
321.22
321.66
322.09
322.55
323.0
323.44
323.91
324.4
324.91
325.39
325.87
326.34
326.83
327.29
327.75
328.21
328.68
329.15
329.61
330.06
330.53
330.99
331.43
331.86
332.28
332.74
333.18
333.61
334.04
334.48
334.93
335.38
335.82
336.26
336.69
337.12
337.57
338.0
338.44
338.9
339.36
339.81
340.26
340.7
341.15
341.59
342.03
342.47
342.89
343.33
343.78
344.21
344.65
345.09
345.53
345.99
346.49
346.95
347.44
347.96
348.46
348.96
349.49
350.02
350.52
351.05
351.58
352.12
352.63
353.15
353.68
354.18
354.68
355.19
355.7
356.22
356.71
357.22
357.75
358.25
358.71
359.2
359.69
360.14
360.58
361.0
361.42
361.83
362.26
362.74
363.26
363.73
364.19
364.61
365.06
365.52
365.97
366.43
366.91
367.37
367.8
368.21
368.64
369.05
369.47
369.89
370.3
370.78
371.27
371.76
372.24
372.69
373.13
373.59
374.05
374.53
375.02
375.52
375.96
376.44
376.87
377.34
377.78
378.24
378.69
379.14
379.58
380.03
380.47
380.93
381.37
381.86
382.35
382.83
383.29
383.77
384.27
384.73
385.21
385.73
386.23
386.84
387.42
388.03
388.57
389.08
389.65
390.24
390.84
391.42
392.0
392.61
393.21
393.85
394.51
395.14
395.77
396.41
397.08
397.68
398.33
398.95
399.46
400.02
400.55
401.05
401.58
402.13
402.64
403.2
403.71
404.17
404.66
405.13
405.61
406.09
406.59
407.04
407.5
407.95
408.4
408.87
409.31
409.75
410.22
410.67
411.11
411.55
412.02
412.47
412.92
413.37
413.79
414.24
414.69
415.14
415.58
416.05
416.51
416.98
417.44
417.89
418.34
418.82
419.26
419.7
420.14
420.56
421.01
421.44
421.86
422.27
422.7
423.11
423.53
423.93
424.35
424.74
425.15
425.56
425.98
426.39
426.8
427.2
427.61
428.03
428.43
428.85
429.26
429.69
430.22
430.78
431.3
431.83
432.41
432.94
433.51
434.03
434.58
435.13
435.73
436.34
436.96
437.6
438.27
439.0
439.75
440.46
441.15
441.89
442.61
443.27
443.94
444.61
445.34
446.07
446.93
447.71
448.5
449.37
450.27
451.24
452.15
453.07
454.03
454.96
455.9
456.88
457.8
458.75
459.58
460.4
461.19
462.07
463.0
463.8
464.66
465.5
466.37
467.19
468.03
468.79
469.61
470.42
471.15
471.79
472.49
473.15
473.74
474.3
474.87
475.39
475.9
476.38
476.89
477.4
477.91
478.44
478.95
479.46
479.98
480.52
480.96
481.44
481.88
482.31
482.73
483.15
483.55
483.98
484.4
484.81
485.24
485.65
486.07
486.53
487.0
487.46
487.91
488.35
488.81
489.27
489.74
490.19
490.64
491.09
491.52
491.97
492.45
492.93
493.4
493.86
494.32
494.79
495.24
495.68
496.12
496.57
497.04
497.5
497.97
498.45
498.9
499.35
499.8
500.24
500.68
501.13
501.58
502.0
502.45
502.9
503.36
503.8
504.26
504.7
505.19
505.68
506.17
506.65
507.13
507.62
508.12
508.57
509.01
509.44
509.89
510.32
510.76
511.19
511.63
512.17
512.68
513.16
513.69
514.18
514.69
515.22
515.78
516.32
516.9
517.44
517.98
518.56
519.15
519.76
520.41
521.02
521.62
522.19
522.79
523.41
524.06
524.67
525.33
526.0
526.7
527.35
528.04
528.67
529.39
530.18
531.04
531.83
532.66
533.48
534.33
535.25
536.08
537.02
537.94
538.88
539.83
540.72
541.7
542.63
543.52
544.49
545.42
