0.49
1.16
1.77
2.42
3.09
3.76
4.41
5.08
5.74
6.38
7.01
7.65
8.27
8.93
9.58
10.22
10.88
11.55
12.16
12.83
13.52
14.16
14.82
15.47
16.14
16.8
17.43
18.03
18.66
19.32
19.96
20.6
21.25
21.93
22.6
23.26
23.94
24.62
25.36
26.06
26.77
27.46
28.25
28.98
29.72
30.5
31.28
32.01
32.75
33.54
34.22
34.94
35.67
36.33
37.01
37.72
38.44
39.16
39.9
40.63
41.34
42.07
42.84
43.55
44.27
44.96
45.71
46.42
47.1
47.81
48.52
49.28
49.98
50.71
51.42
52.14
52.88
53.58
54.26
54.99
55.71
56.38
57.12
57.81
58.49
59.17
59.88
60.65
61.45
62.22
62.93
63.63
64.35
65.01
65.69
66.37
67.07
67.76
68.44
69.13
69.81
70.49
71.19
71.93
72.73
73.5
74.24
74.98
75.79
76.55
77.24
77.9
78.65
79.5
80.28
81.12
81.93
82.78
83.62
84.43
85.26
86.03
86.84
87.63
88.34
89.05
89.74
90.46
91.16
91.88
92.65
93.37
94.14
94.83
95.58
96.31
97.05
97.76
98.51
99.2
99.86
100.58
101.29
102.0
102.74
103.44
104.16
104.83
105.54
106.21
106.88
107.6
108.27
108.96
109.62
110.29
111.0
111.69
112.39
113.2
113.95
114.78
115.67
116.46
117.34
118.14
119.11
120.04
121.08
122.16
123.22
124.21
125.26
126.37
127.36
