1.41
3.09
4.74
6.22
7.85
9.54
11.21
12.9
14.49
16.08
17.62
19.27
20.83
22.63
24.48
26.17
27.77
29.34
30.91
32.45
34.01
35.57
37.19
38.83
40.45
42.06
43.58
45.18
46.84
48.54
50.21
51.91
53.62
55.36
57.06
58.76
60.5
62.2
63.84
65.47
67.07
68.65
70.29
71.91
73.38
74.87
76.34
77.87
79.46
81.02
82.51
84.0
85.61
87.13
88.64
90.16
91.89
93.55
95.27
96.95
98.56
100.22
101.94
103.55
105.21
106.85
108.52
110.17
111.72
113.31
114.98
116.73
118.38
120.01
121.61
123.26
124.9
126.54
128.15
129.77
131.41
133.1
134.71
136.16
137.56
139.29
140.88
142.34
143.73
145.41
147.01
148.53
150.18
151.81
153.4
154.99
156.58
158.18
159.81
161.35
162.94
164.44
165.99
167.55
169.12
170.68
172.27
173.84
175.35
176.91
178.51
180.08
181.55
183.13
184.72
186.29
187.76
189.25
190.68
192.18
193.78
195.42
197.05
198.68
200.28
201.86
203.46
205.12
206.74
208.38
210.0
211.47
213.07
214.74
216.38
218.04
219.64
221.22
222.74
224.36
225.95
227.5
229.09
230.83
232.62
234.38
236.05
237.76
239.37
240.94
242.53
244.06
245.62
247.17
248.77
250.37
251.93
253.49
255.0
256.55
258.19
259.89
261.56
263.3
265.06
266.81
268.57
270.29
272.03
273.78
275.42
277.06
278.69
280.3
281.98
283.56
285.01
286.44
287.88
289.38
290.93
292.49
293.99
295.49
297.09
298.64
300.18
301.69
303.38
305.04
306.73
308.37
309.96
311.59
313.31
314.94
316.62
318.22
319.9
321.6
