0.21
0.62
1.03
1.42
1.85
2.27
2.69
3.1
3.54
3.95
4.35
4.74
5.1
5.48
5.84
6.23
6.64
7.05
7.45
7.86
8.29
8.7
9.12
9.54
9.97
10.39
10.8
11.21
11.64
12.06
12.48
12.9
13.31
13.71
14.11
14.49
14.91
15.29
15.71
16.08
16.49
16.86
17.25
17.65
18.06
18.47
18.87
19.27
19.66
20.04
20.42
20.84
21.29
21.73
22.19
22.64
23.11
23.56
24.02
24.48
24.94
25.39
25.79
26.17
26.59
26.98
27.37
27.77
28.17
28.56
28.94
29.34
29.73
30.13
30.52
30.92
31.3
31.7
32.08
32.46
32.85
33.23
33.62
34.02
34.42
34.81
35.19
35.57
35.98
36.36
36.77
37.19
37.62
38.05
38.45
38.83
39.25
39.63
40.04
40.45
40.86
41.27
41.67
42.06
42.46
42.84
43.2
43.58
43.96
44.36
44.76
45.19
45.6
46.02
46.43
46.84
47.26
47.69
48.1
48.54
48.95
49.38
49.8
50.22
50.64
51.06
51.49
51.92
52.34
52.79
53.21
53.63
54.06
54.5
54.93
55.36
55.79
56.23
56.65
57.07
57.49
57.91
58.33
58.77
59.2
59.64
60.07
60.5
60.92
61.35
61.78
62.2
62.63
63.02
63.44
63.85
64.24
64.64
65.06
65.48
65.87
66.26
66.67
67.08
67.46
67.85
68.25
68.66
69.05
69.44
69.86
70.29
70.71
71.13
71.5
71.91
72.3
72.67
73.03
73.39
73.77
74.13
74.5
74.87
75.24
75.62
76.0
76.35
76.72
77.09
77.48
77.88
78.28
78.68
79.07
79.47
79.85
80.25
80.65
81.02
81.4
81.78
82.14
82.51
82.88
83.26
83.63
84.01
84.41
84.8
85.22
85.61
86.01
86.38
86.76
87.14
87.5
87.88
88.26
88.65
89.02
89.4
89.79
90.17
90.6
91.02
91.46
91.89
92.31
92.72
93.14
93.55
93.98
94.4
94.83
95.28
95.7
96.12
96.53
96.95
97.36
97.74
98.14
98.57
98.98
99.38
99.8
100.22
100.66
101.1
101.52
101.94
102.34
102.74
103.13
103.55
103.96
104.38
104.8
105.21
105.63
106.04
106.44
106.86
107.29
107.7
108.11
108.52
108.94
109.35
109.77
110.17
110.56
110.94
111.34
111.72
112.12
112.52
112.92
113.32
113.73
114.15
114.56
114.99
115.43
115.88
116.31
116.74
117.15
117.56
117.96
118.39
118.8
119.21
119.61
120.02
120.42
120.82
121.22
121.62
122.04
122.43
122.86
123.27
123.67
124.07
124.48
124.9
125.32
125.71
126.12
126.55
126.96
127.35
127.75
128.16
128.57
128.95
129.37
129.78
130.18
130.58
130.99
131.42
131.83
132.25
132.68
133.11
133.49
133.9
134.3
134.71
135.1
135.51
135.9
136.31
136.69
137.12
137.57
137.99
138.42
138.86
139.29
139.69
140.08
140.48
140.89
141.27
141.67
142.08
142.49
142.92
143.31
143.74
144.15
144.58
145.01
145.42
145.81
146.21
146.6
147.01
147.41
147.79
148.17
148.54
148.95
149.36
149.76
150.18
150.62
151.03
151.42
151.81
152.21
152.62
153.01
153.41
153.83
154.21
154.59
154.99
155.38
155.78
156.17
156.59
157.01
157.4
157.79
158.19
158.59
159.0
159.39
159.81
160.21
160.6
160.98
161.36
161.75
162.14
162.53
162.94
163.33
163.71
164.08
164.45
164.83
165.21
165.6
166.0
166.4
166.78
167.17
167.56
167.94
168.33
168.72
169.13
169.5
169.89
170.29
170.69
171.08
171.47
171.87
172.28
172.67
173.05
173.45
173.85
174.24
174.62
174.99
175.36
175.74
176.14
176.5
176.92
177.3
177.72
178.11
178.51
178.91
179.31
179.69
180.08
180.48
180.9
181.29
181.68
182.09
182.5
182.92
183.33
183.74
184.13
184.53
184.92
185.3
185.68
186.08
186.49
186.9
187.3
187.68
188.09
188.5
188.93
189.32
189.73
190.16
190.57
190.96
191.37
191.8
192.18
192.6
192.98
193.39
193.8
194.18
194.59
195.01
195.43
195.82
196.23
196.64
197.06
197.48
197.89
198.29
198.69
199.09
199.47
199.89
200.28
200.67
201.08
201.49
201.87
202.29
202.68
203.07
203.47
203.9
204.31
204.72
205.11
205.52
205.93
206.35
206.75
207.17
207.58
207.98
208.39
208.81
209.23
209.63
210.0
210.35
210.73
211.09
211.47
211.89
212.29
212.69
213.08
213.49
213.91
214.32
214.75
215.18
215.59
216.0
216.39
216.8
217.21
217.62
218.05
218.46
218.84
219.26
219.64
220.05
220.43
220.82
221.22
221.61
221.98
222.37
222.76
223.16
223.57
223.97
224.36
224.76
225.15
225.55
225.95
226.34
226.73
227.12
227.51
227.9
228.28
228.67
229.1
229.54
229.97
230.41
230.84
231.28
231.72
232.16
232.63
233.07
233.52
233.96
234.38
234.78
235.2
235.63
236.05
236.49
236.93
237.35
237.77
238.19
238.59
238.98
239.38
239.76
240.15
240.55
240.94
241.36
241.76
242.15
242.53
242.92
243.3
243.69
244.07
244.46
244.84
245.23
245.63
246.03
246.42
246.8
247.18
247.59
247.96
248.35
248.77
249.18
249.59
249.98
250.38
250.77
251.16
251.54
251.93
252.33
252.72
253.11
253.5
253.9
254.27
254.64
255.01
255.37
255.75
256.16
256.56
256.98
257.4
257.8
258.22
258.61
259.03
259.45
259.89
260.32
260.75
261.16
261.57
262.02
262.44
262.87
263.3
263.75
264.19
264.63
265.06
265.49
265.94
266.38
266.81
267.25
267.71
268.14
268.57
268.99
269.42
269.86
270.3
270.73
271.17
271.6
272.04
272.49
272.91
273.34
273.78
274.22
274.61
275.02
275.42
275.83
276.23
276.65
277.07
277.47
277.87
278.29
278.7
279.08
279.48
279.89
280.31
280.7
281.11
281.53
281.97
282.39
282.79
283.17
283.56
283.94
284.32
284.68
285.02
285.39
285.75
286.1
286.45
286.82
287.18
287.53
287.88
288.25
288.61
288.99
289.39
289.78
290.16
290.55
290.94
291.33
291.72
292.12
292.5
292.88
293.25
293.62
294.0
294.37
294.75
295.12
295.5
295.92
296.32
296.71
297.11
297.5
297.88
298.27
298.65
299.04
299.43
299.81
300.19
300.56
300.93
301.31
301.7
302.11
302.53
302.96
303.38
303.8
304.22
304.64
305.05
305.47
305.88
306.31
306.74
307.16
307.55
307.96
308.37
308.76
309.16
309.57
309.97
310.38
310.77
311.17
311.6
312.03
312.48
312.89
313.32
313.72
314.13
314.53
314.94
315.35
315.79
316.2
316.63
317.02
317.42
317.81
318.23
318.66
319.06
319.48
319.92
320.33
320.74
321.16
321.6
322.02
322.43
322.85
323.26
