0.2
0.63
1.04
1.47
1.9
2.34
2.77
3.19
3.64
4.07
4.48
4.87
5.28
5.71
6.13
6.57
7.01
7.44
7.87
8.27
8.69
9.11
9.53
9.96
10.37
10.77
11.16
11.55
11.96
12.37
12.78
13.18
13.58
13.98
14.4
14.79
15.21
15.6
16.03
16.43
16.85
17.24
17.66
18.1
18.52
18.93
19.32
19.71
20.11
20.52
20.92
21.35
21.79
22.23
22.69
23.16
23.61
24.03
24.46
24.9
25.32
25.74
26.15
26.56
26.96
27.35
27.75
28.15
28.55
28.95
29.34
29.73
30.13
30.54
30.93
31.32
31.72
32.12
32.51
32.9
33.28
33.67
34.07
34.46
34.86
35.24
35.63
36.03
36.43
36.84
37.26
37.68
38.11
38.54
38.95
39.36
39.77
40.16
40.57
40.99
41.41
41.84
42.23
42.65
43.05
43.44
43.82
44.2
44.59
44.99
45.39
45.8
46.23
46.64
47.05
47.45
47.86
48.28
48.69
49.13
49.56
50.02
50.46
50.89
51.33
51.77
52.22
52.65
53.09
53.53
53.98
54.41
54.86
55.29
55.75
56.2
56.63
57.08
57.53
57.99
58.45
58.89
59.33
59.78
60.22
60.65
61.09
61.53
62.0
62.43
62.9
63.33
63.74
64.16
64.57
64.98
65.38
65.79
66.21
66.62
67.02
67.43
67.83
68.25
68.65
69.07
69.5
69.92
70.33
70.75
71.17
71.59
72.02
72.44
72.86
73.32
73.76
74.13
74.52
74.92
75.32
75.69
76.08
76.48
76.88
77.25
77.63
78.01
78.4
78.77
79.16
79.57
79.98
80.4
80.81
81.23
81.63
82.05
82.46
82.88
83.29
83.69
84.08
84.47
84.88
85.27
85.69
86.1
86.52
86.93
87.32
87.73
88.12
88.52
88.94
89.33
89.74
90.15
90.56
90.97
91.37
91.75
92.18
92.58
93.01
93.43
93.86
94.28
94.71
95.14
95.58
96.03
96.48
96.9
97.36
97.79
98.23
98.66
99.1
99.56
100.0
100.42
100.86
101.31
101.75
102.19
102.61
103.04
103.48
103.92
104.36
104.8
105.23
105.65
106.07
106.51
106.94
107.38
107.83
108.27
108.7
109.13
109.54
109.98
110.42
110.83
111.26
111.7
112.12
112.55
113.0
113.43
113.86
114.28
114.7
115.11
115.52
115.91
116.34
116.73
117.14
117.52
117.92
118.34
118.79
119.24
119.68
120.12
120.56
120.99
121.42
121.86
122.31
122.75
123.18
123.62
124.05
124.48
124.9
125.33
125.76
126.19
126.62
127.04
127.48
127.91
128.36
128.8
129.25
129.66
130.1
130.53
130.97
131.38
131.81
132.24
132.7
133.13
133.57
134.0
134.44
134.87
135.29
135.71
136.17
136.62
137.07
137.53
137.95
138.38
138.79
139.21
139.65
140.05
140.44
140.85
141.24
141.62
142.0
142.41
142.86
143.33
143.77
144.23
144.64
145.06
145.47
145.9
146.32
146.7
147.09
147.48
147.87
148.25
148.64
149.08
149.54
150.02
150.48
150.94
151.36
151.78
152.21
152.64
153.06
153.46
153.84
154.25
154.65
155.04
155.46
155.89
156.34
156.74
157.14
157.56
157.96
158.36
158.75
159.17
159.58
159.98
160.38
160.79
161.2
161.58
161.99
162.4
162.83
163.24
163.64
164.05
164.46
164.86
165.27
165.69
166.13
166.54
166.93
167.34
167.73
168.12
168.52
168.94
169.36
169.76
170.16
170.58
170.99
171.39
171.8
172.21
172.62
173.02
173.41
173.81
174.21
174.6
175.01
175.42
175.81
176.21
176.62
177.04
177.44
177.85
178.26
178.68
179.09
179.48
179.89
180.32
180.72
181.11
181.5
181.9
182.31
182.72
183.13
183.54
183.94
184.37
184.78
185.21
185.62
186.01
186.43
186.85
187.24
187.63
188.0
188.39
188.78
189.18
189.58
189.99
190.38
190.78
191.2
191.62
192.03
192.44
192.84
193.25
193.64
194.04
194.44
194.84
195.25
195.65
196.06
196.46
196.86
197.26
197.66
198.04
198.44
198.85
199.26
199.68
200.11
200.54
200.96
201.39
201.84
202.27
202.7
203.12
203.55
203.96
204.39
204.81
205.24
205.67
206.08
206.51
206.95
207.37
207.82
208.26
208.73
209.24
209.77
210.28
210.78
211.25
211.76
212.25
212.73
213.2
213.66
214.11
214.54
214.96
215.38
215.81
216.25
216.67
217.11
217.55
217.98
218.39
218.84
219.27
219.69
220.08
220.49
220.92
221.31
221.74
222.15
222.54
222.95
223.4
223.82
224.24
224.67
225.12
225.54
225.94
226.33
226.72
227.14
227.55
227.95
228.37
228.77
229.16
229.59
229.98
230.4
230.8
231.23
231.62
232.05
232.44
232.87
233.28
233.68
234.08
234.49
234.9
235.34
235.74
236.15
236.56
236.98
237.38
237.8
238.18
238.56
238.95
239.35
239.8
240.22
240.64
241.08
241.54
241.97
242.42
242.85
243.31
243.75
244.19
244.64
245.06
245.49
245.91
246.34
246.76
247.19
247.61
248.03
248.43
248.83
249.23
249.63
250.03
250.44
250.85
251.24
251.63
252.06
252.46
252.86
253.25
253.65
254.04
254.44
254.82
255.22
255.6
255.98
256.39
256.78
257.17
257.54
257.93
258.34
258.73
259.14
259.55
259.95
260.35
260.75
261.16
261.56
261.96
262.36
262.77
263.18
263.58
263.98
264.38
264.79
265.17
265.55
265.93
266.31
266.71
267.11
267.52
267.92
268.32
268.73
269.14
269.53
269.95
270.37
270.8
271.23
271.67
272.1
272.51
272.95
273.39
273.83
274.27
274.71
275.15
275.59
276.01
276.46
276.88
277.33
277.77
278.2
278.64
279.08
279.54
279.97
280.4
280.85
281.28
281.72
282.17
282.61
283.05
283.49
283.94
284.4
284.85
285.33
285.81
286.31
286.72
287.13
287.54
287.94
288.34
288.75
289.18
289.58
289.98
290.39
290.83
291.24
291.65
292.05
292.5
292.91
293.35
293.76
294.16
294.57
294.95
295.37
295.75
296.15
296.54
296.94
297.32
297.7
298.09
298.47
298.85
299.22
299.62
299.98
300.39
300.79
301.21
301.63
302.04
302.46
302.89
303.31
303.73
304.14
304.57
305.0
305.44
305.85
306.26
306.67
307.09
307.5
307.9
308.32
308.72
309.13
309.53
309.94
310.34
310.76
311.16
311.56
311.98
312.39
312.79
313.2
313.62
314.03
314.44
314.87
315.31
315.74
316.17
316.58
317.01
317.44
317.89
318.34
318.76
319.21
319.64
320.08
320.52
320.96
321.41
321.85
322.28
322.71
323.15
323.59
324.03
324.46
324.89
325.33
325.78
326.22
326.66
327.08
327.5
327.92
328.36
328.8
329.24
329.69
330.13
330.56
330.99
331.41
331.84
332.26
332.66
333.12
333.54
334.0
334.46
334.95
335.45
335.92
336.4
336.89
