1.45
3.17
4.87
6.57
8.27
9.96
11.54
13.18
14.79
16.42
18.01
19.71
21.35
23.16
24.9
26.55
28.15
29.72
31.32
32.89
34.45
36.02
37.68
39.35
40.98
42.65
44.2
45.8
47.45
49.12
50.89
52.65
54.41
56.19
57.99
59.77
61.53
63.32
64.97
66.61
68.25
69.92
71.59
73.28
74.91
76.47
78.01
79.56
81.22
82.88
84.47
86.09
87.73
89.32
90.97
92.58
94.27
96.03
97.79
99.55
101.3
103.03
104.8
106.5
108.26
109.98
111.69
113.43
115.1
116.72
118.33
120.12
121.85
123.61
125.32
127.04
128.79
130.52
132.24
133.99
135.71
137.52
139.21
140.84
142.4
144.22
145.89
147.48
149.08
150.94
152.63
154.24
155.88
157.56
159.16
160.79
162.39
164.04
165.68
167.33
168.94
170.58
172.2
173.8
175.42
177.03
178.67
180.31
181.89
183.53
185.2
186.83
188.38
189.98
191.61
193.24
194.83
196.45
198.03
199.67
201.39
203.11
204.8
206.51
208.26
210.0
211.68
213.34
215.02
216.66
218.38
220.08
221.74
223.39
225.11
226.72
228.36
229.98
231.62
233.21
234.89
236.56
238.17
239.78
241.53
243.3
245.05
246.74
248.43
250.03
251.63
253.25
254.81
256.39
257.93
259.54
261.15
262.77
264.37
265.92
267.51
269.13
270.8
272.5
274.26
276.01
277.76
279.53
281.28
283.04
284.84
286.71
288.34
289.97
291.64
293.34
294.95
296.54
298.08
299.61
301.2
302.88
304.57
306.25
307.9
309.53
311.15
312.79
314.44
316.16
317.88
319.63
321.4
323.14
324.88
326.65
328.35
330.12
331.83
333.53
335.45
