2.92
6.08
9.21
12.25
15.35
18.38
21.75
25.21
28.27
31.29
34.51
37.73
40.85
43.94
47.18
50.68
54.1
57.47
60.76
64.01
67.12
70.24
73.2
76.13
79.16
82.17
85.17
88.1
91.36
94.59
97.84
101.04
104.1
107.3
110.98
114.5
117.67
120.9
124.04
127.17
130.44
133.5
136.63
139.57
142.75
145.9
148.92
151.9
154.94
157.92
160.91
163.9
166.88
169.94
173.0
176.02
179.12
182.2
185.24
188.25
191.32
194.38
197.48
200.86
204.21
207.29
210.36
213.37
216.3
219.43
222.52
225.75
229.07
232.4
235.42
238.32
241.36
244.47
247.54
250.55
253.54
257.03
260.44
263.58
266.9
269.97
273.04
276.04
278.89
281.83
284.9
287.96
291.0
293.89
296.88
299.92
302.98
306.09
309.17
312.4
316.01
319.57
322.74
325.87
328.95
332.07
335.14
338.09
340.98
343.94
347.08
350.14
353.23
356.01
358.76
361.88
365.07
367.98
370.69
373.69
376.69
379.63
382.49
385.59
388.38
391.16
393.92
396.71
399.49
402.21
404.6
406.68
409.09
411.77
414.27
416.92
419.55
422.12
424.75
427.12
429.43
431.7
434.28
436.92
439.49
441.92
444.52
447.35
450.13
452.81
455.44
457.94
460.59
463.19
465.92
468.49
470.96
473.44
476.14
478.89
481.43
483.83
486.16
488.39
490.59
493.06
495.5
498.0
500.63
503.06
505.89
508.56
511.37
513.99
516.55
519.2
522.0
524.8
527.62
530.34
533.04
535.73
538.47
541.12
543.67
546.31
549.31
552.14
555.02
557.8
560.74
563.39
565.64
567.75
569.99
572.21
574.46
576.68
578.77
581.02
583.32
585.51
587.77
589.95
592.11
594.27
596.42
598.52
600.63
602.73
604.98
607.09
609.59
612.26
615.09
617.77
620.46
623.3
626.23
628.72
631.1
633.36
636.05
638.92
641.8
644.43
647.02
649.61
652.39
655.14
657.77
660.54
663.12
665.87
668.36
671.22
673.64
675.97
678.13
680.52
682.81
685.09
687.46
689.71
691.96
694.21
696.62
699.01
701.45
703.86
706.37
708.83
711.3
713.88
716.34
718.89
721.41
724.15
726.92
729.52
732.17
734.68
737.23
739.81
742.43
744.94
747.34
749.78
752.4
755.05
757.51
759.97
762.44
764.98
767.41
769.74
771.99
774.52
777.05
779.64
782.4
785.7
788.97
792.09
794.67
797.03
799.24
801.16
803.0
804.99
806.89
808.72
810.88
812.86
814.76
816.89
818.85
820.65
822.5
824.33
826.21
828.26
830.67
833.26
835.55
837.46
839.38
841.32
843.11
844.95
846.88
848.75
850.6
852.43
854.29
856.17
858.05
860.13
862.47
864.94
867.15
869.04
870.88
872.58
874.3
876.07
877.99
879.93
881.76
883.57
885.35
887.08
888.8
890.54
892.23
893.95
895.66
897.43
899.18
900.87
902.58
904.3
906.01
907.81
909.49
911.14
912.83
914.49
916.15
917.95
919.59
921.23
922.87
924.55
926.23
927.95
929.66
931.5
933.44
935.52
937.41
939.15
940.93
942.68
944.48
946.56
949.03
951.57
953.64
955.5
957.24
958.97
960.7
962.5
964.35
966.2
968.04
969.94
971.93
973.83
975.77
977.67
979.61
981.24
982.85
984.47
986.07
987.65
989.22
990.76
992.42
994.06
995.68
997.26
998.87
1000.45
1002.01
1003.59
1005.19
1006.8
1008.5
1010.26
1012.17
1013.99
1015.84
1017.59
1019.31
1021.07
1022.85
1024.57
1026.38
1028.13
1029.89
1031.59
1033.17
1034.74
1036.31
1037.85
1039.43
1040.98
1042.49
1044.2
1045.91
1047.58
1049.2
1050.82
1052.4
1053.98
1055.56
1057.11
1058.71
1060.33
1062.11
1063.77
1065.39
1067.04
1068.63
1070.19
1071.72
1073.37
1075.03
1076.69
1078.24
1079.82
1081.39
1082.96
1084.47
1086.09
1087.67
1089.45
1091.2
1092.93
1094.77
1096.48
1098.23
1099.92
1101.47
1103.0
1104.55
1106.05
1107.53
1109.13
1110.82
1112.67
1114.34
1116.24
1117.88
1119.79
1121.47
1123.25
1124.99
1126.84
1128.48
1130.11
1131.75
1133.41
1135.09
1136.89
1138.68
1140.25
1141.79
1143.36
1144.91
1146.46
1148.13
1149.82
1151.49
1153.23
1154.97
1156.71
1158.48
1160.3
1162.11
1164.01
1165.91
1167.76
1169.59
1171.26
1172.97
1174.65
1176.27
1178.01
1179.71
1181.48
1183.24
1184.8
1186.44
1188.04
1189.6
1191.14
1192.67
1194.17
1195.71
1197.37
1199.11
1200.95
1202.77
1204.7
1206.57
1208.51
1210.27
1212.06
1213.89
1215.72
1217.49
1219.28
1221.08
1222.84
1224.46
1226.11
1227.65
1229.29
1230.89
1232.53
1234.11
1235.61
1237.29
1239.11
1240.89
1242.7
1244.34
1246.17
1247.93
1249.59
1251.26
1252.99
1254.58
1256.15
1257.73
1259.46
1261.31
1263.15
1264.99
1266.66
1268.34
1269.94
1271.52
1273.03
1274.76
1276.51
1278.22
1279.96
1281.68
1283.32
1284.92
1286.55
1288.3
1290.22
1292.14
1294.06
1295.95
1297.59
1299.44
1301.07
1302.63
1304.18
1305.75
1307.3
1308.91
1310.39
1311.86
1313.51
1315.1
1316.74
1318.38
1320.26
