0.14
0.96
1.74
2.57
3.35
4.18
4.92
5.71
6.49
7.27
8.03
8.8
9.59
10.37
11.1
11.87
12.66
13.43
14.21
14.97
15.74
16.53
17.27
18.19
19.16
20.07
20.91
21.76
22.61
23.46
24.31
25.21
25.99
26.75
27.5
28.28
29.02
29.78
30.54
31.29
32.06
32.87
33.7
34.52
35.33
36.13
36.92
37.73
38.51
39.29
40.09
40.86
41.63
42.38
43.14
43.94
44.71
45.5
46.29
47.18
48.11
48.97
49.88
50.69
51.56
52.42
53.28
54.11
54.99
55.81
56.63
57.47
58.25
59.11
59.94
60.77
61.65
62.45
63.23
64.01
64.79
65.58
66.34
67.12
67.89
68.68
69.44
70.24
71.0
71.72
72.45
73.2
73.93
74.66
75.37
76.13
76.89
77.65
78.4
79.16
79.91
80.69
81.43
82.17
82.94
83.69
84.43
85.18
85.92
86.65
87.37
88.11
88.9
89.75
90.55
91.37
92.16
93.0
93.8
94.6
95.38
96.19
97.06
97.85
98.67
99.47
100.24
101.05
101.83
102.6
103.35
104.1
104.88
105.67
106.5
107.31
108.12
109.0
109.77
110.63
111.43
112.24
112.99
113.69
114.51
115.29
116.1
116.89
117.68
118.43
119.28
120.13
120.9
121.68
122.47
123.25
124.05
124.83
125.62
126.39
127.18
127.96
128.82
129.64
130.44
131.18
131.97
132.72
133.46
134.23
135.01
135.84
136.63
137.36
138.15
138.86
139.61
140.38
141.13
141.96
142.75
143.53
144.34
145.17
145.91
146.65
147.43
148.2
148.93
149.65
150.41
151.18
151.91
152.65
153.44
154.21
154.95
155.68
156.44
157.19
157.92
158.65
159.42
160.18
160.91
161.65
162.41
163.19
163.9
164.63
165.39
166.12
166.89
167.65
168.41
169.15
169.94
170.71
171.46
172.24
173.0
173.74
174.5
175.25
176.02
176.78
177.59
178.36
179.12
179.89
180.69
181.42
182.21
182.98
183.74
184.46
185.24
186.0
186.76
187.5
188.26
189.02
189.77
190.53
191.32
192.08
192.83
193.57
194.37
195.16
195.92
196.71
197.53
198.32
199.16
199.98
200.87
201.67
202.54
203.35
204.21
205.09
205.91
206.77
207.67
208.43
209.22
210.0
210.73
211.48
212.24
213.0
213.74
214.48
215.22
215.94
216.7
217.51
218.3
219.04
219.82
220.59
221.36
222.09
222.84
223.68
224.5
225.37
226.2
227.01
227.83
228.66
229.52
230.32
231.18
231.93
232.67
233.4
234.14
234.89
235.6
236.33
237.06
237.8
238.6
239.43
240.22
241.0
241.76
242.55
243.32
244.09
244.85
245.64
246.43
247.17
247.91
248.65
249.44
250.21
251.06
251.84
252.68
253.54
254.42
255.34
256.18
257.04
257.89
258.77
259.57
260.44
261.22
262.0
262.81
263.59
264.42
265.23
266.04
266.9
267.67
268.42
269.21
269.98
270.76
271.52
272.29
273.05
273.83
274.59
275.36
276.05
276.78
277.47
278.2
278.9
279.62
280.33
281.1
281.84
282.61
283.36
284.15
284.91
285.68
286.43
287.19
287.97
288.73
289.49
290.24
291.01
291.75
292.46
293.17
294.0
294.88
295.69
296.47
297.29
298.14
298.95
299.73
300.5
301.29
302.12
302.98
303.78
304.57
305.31
306.09
306.88
307.65
308.4
309.17
309.96
310.72
311.57
312.4
313.23
314.05
314.87
315.67
316.51
317.3
318.11
318.85
319.63
320.45
321.19
322.01
322.75
323.53
324.31
325.13
325.91
326.68
327.45
328.22
328.95
329.73
330.54
331.29
332.08
332.89
333.65
334.4
335.15
335.9
336.69
337.41
338.09
338.83
339.53
340.26
340.99
341.76
342.48
343.24
343.93
344.66
345.46
346.32
347.08
347.91
348.67
349.42
350.15
350.89
351.66
352.44
353.23
353.96
354.68
355.38
356.02
356.67
357.31
357.99
358.77
359.59
360.33
361.1
361.88
362.64
363.44
364.23
365.07
365.83
366.54
367.27
367.98
368.64
369.31
370.01
370.69
371.44
372.2
372.98
373.7
374.44
375.22
375.93
376.71
377.41
378.15
378.91
379.65
380.42
381.14
381.8
382.5
383.22
383.96
384.71
385.53
386.3
386.98
387.69
388.39
389.08
389.77
390.46
391.16
391.9
392.6
393.27
393.93
394.57
395.28
396.04
396.72
397.4
398.11
398.82
399.5
400.21
400.88
401.52
402.21
402.9
403.54
404.19
404.8
405.42
406.04
406.68
407.29
407.86
408.46
409.1
409.72
410.38
411.1
411.78
412.41
413.03
413.65
414.28
414.94
415.57
416.23
416.93
417.61
418.28
418.92
419.55
420.21
420.83
421.46
422.12
422.81
423.51
424.13
424.76
425.34
425.95
426.54
427.13
427.75
428.42
429.1
429.79
430.46
431.09
431.71
432.36
432.98
433.61
434.28
434.94
435.65
436.3
436.93
437.57
438.25
438.89
439.52
440.2
440.8
441.4
441.97
442.59
443.23
443.85
444.53
445.25
445.97
446.63
447.35
448.04
448.72
449.41
450.14
450.81
451.52
452.15
452.82
453.53
454.2
454.81
455.45
456.1
456.75
457.37
457.95
458.56
459.25
459.96
460.6
461.29
461.97
462.59
463.2
463.81
464.43
465.16
465.93
466.61
467.23
467.84
468.49
469.12
469.72
470.35
470.97
471.58
472.23
472.85
473.44
474.08
474.71
475.41
476.15
476.83
477.5
478.21
478.9
479.51
480.15
480.82
481.44
482.08
482.66
483.22
483.78
484.31
484.88
485.46
486.03
486.59
487.17
487.76
488.37
488.97
489.52
490.07
490.62
491.19
491.8
492.45
493.07
493.67
494.26
494.89
495.5
496.09
496.67
497.29
498.0
498.66
499.34
500.02
500.63
501.23
501.82
502.4
503.05
503.79
504.47
505.22
505.88
506.62
507.23
507.88
508.57
509.22
509.92
510.63
511.36
512.01
512.7
513.34
513.98
514.62
515.29
515.9
516.56
517.18
517.82
518.51
519.21
519.95
520.63
521.33
521.99
522.69
523.44
524.13
524.82
525.53
526.28
526.97
527.63
528.34
529.0
529.68
530.35
531.0
531.7
532.4
533.05
533.74
534.43
535.09
535.74
536.41
537.13
537.78
538.47
539.13
539.81
540.52
541.13
541.71
542.32
542.98
543.69
544.35
544.99
545.67
546.32
546.92
547.49
548.07
548.66
549.38
550.04
550.73
551.4
552.04
552.61
553.16
553.73
554.32
555.04
555.78
556.43
557.08
557.66
558.29
558.88
559.49
560.13
560.78
561.46
562.1
562.74
563.39
563.96
564.51
565.08
565.66
566.25
566.87
567.45
568.04
568.62
569.17
569.73
570.3
570.87
571.42
571.99
572.52
573.08
573.65
574.19
574.74
575.3
575.85
576.44
577.03
577.64
578.21
578.78
579.36
579.9
580.47
581.03
581.59
582.17
582.74
583.32
583.88
584.43
584.99
585.52
586.07
586.63
587.22
587.78
588.33
588.85
589.4
589.96
590.49
591.03
591.57
592.14
592.67
593.22
593.76
594.28
594.82
595.37
595.9
596.43
596.97
597.54
598.05
598.53
599.06
599.55
600.09
600.63
601.17
601.68
602.22
602.73
603.28
603.86
604.4
604.98
605.54
606.07
606.58
607.11
607.65
608.31
608.95
609.58
610.21
610.88
611.59
612.27
612.95
613.65
614.4
615.09
615.73
616.45
617.11
617.78
618.45
619.15
619.79
620.47
621.11
621.76
622.52
623.31
624.04
624.82
625.58
626.24
626.93
627.56
628.14
628.73
629.31
629.9
630.49
631.11
631.7
632.27
632.81
633.38
634.03
634.67
635.39
636.06
636.71
637.43
638.15
638.93
639.64
640.33
641.06
641.8
642.49
643.18
643.82
644.44
645.08
645.75
646.39
647.01
647.66
648.29
648.93
649.62
650.29
651.02
651.67
652.4
653.08
653.78
654.5
655.14
655.75
656.38
657.04
657.77
658.47
659.23
659.94
660.55
661.18
661.82
662.45
663.13
663.8
664.49
665.22
665.88
666.48
667.09
667.73
668.37
669.07
669.72
670.42
671.16
671.84
672.46
673.05
673.65
674.22
674.81
675.37
675.98
676.52
677.06
677.57
678.14
678.74
679.32
679.92
680.52
681.11
681.73
682.45
683.13
683.8
684.47
685.09
685.7
686.29
686.89
687.47
688.1
688.65
689.19
689.72
690.3
690.86
691.41
691.97
692.53
693.08
693.64
694.22
694.78
695.35
695.96
696.6
697.18
697.82
698.42
699.01
699.64
700.24
700.84
701.46
702.04
702.63
703.27
703.86
704.46
705.1
705.72
706.35
707.01
707.64
708.27
708.84
709.45
710.07
710.64
711.31
711.96
712.66
713.31
713.89
714.5
715.14
715.73
716.34
716.94
717.55
718.19
718.86
719.5
720.13
720.77
721.41
722.08
722.77
723.4
724.14
724.9
725.55
726.23
726.92
727.57
728.25
728.88
729.52
730.21
730.88
731.5
732.17
732.84
733.49
734.09
734.67
735.27
735.94
736.63
737.25
737.92
738.6
739.22
739.82
740.41
741.02
741.73
742.44
743.1
743.72
744.31
744.94
745.51
746.11
746.75
747.35
747.94
748.59
749.2
749.8
750.44
751.07
751.7
752.41
753.07
753.71
754.4
755.06
755.65
756.27
756.92
757.52
758.11
758.75
759.34
759.99
760.59
761.2
761.84
762.46
763.12
763.72
764.37
764.99
765.57
766.19
766.79
767.42
768.02
768.57
769.15
769.74
770.28
770.87
771.44
772.0
772.57
773.19
773.88
774.52
775.2
775.85
776.47
777.06
777.65
778.22
778.89
779.63
780.29
781.03
781.69
782.39
783.25
784.07
784.93
785.71
786.59
787.38
788.2
788.98
789.74
790.56
791.34
792.1
792.86
793.62
794.39
795.18
795.93
796.51
797.04
797.61
798.16
798.69
799.25
799.76
800.24
800.69
801.16
801.62
802.07
802.53
803.02
803.53
804.03
804.52
804.98
805.5
805.96
806.42
806.89
807.36
807.8
808.26
808.72
809.23
809.79
810.32
810.88
811.4
811.89
812.36
812.87
813.36
813.81
814.29
814.77
815.31
815.87
816.41
816.9
817.42
817.92
818.38
818.86
819.34
819.78
820.22
820.67
821.15
821.59
822.07
822.51
822.99
823.43
823.91
824.35
824.81
825.28
825.77
826.22
826.69
827.21
827.76
828.26
828.8
829.27
829.77
830.23
830.71
831.19
831.68
832.15
832.64
833.13
833.59
834.07
834.55
835.05
835.56
836.03
836.51
837.0
837.47
837.92
838.39
838.87
839.38
839.9
840.4
840.86
841.34
841.77
842.24
842.68
843.12
843.57
844.02
844.47
844.95
845.45
845.91
846.39
846.88
847.35
847.8
848.28
848.76
849.21
849.68
850.15
850.61
851.05
851.51
851.99
852.44
852.89
853.35
853.84
854.29
854.77
855.23
855.72
856.17
856.66
857.13
857.6
858.05
858.52
859.03
859.6
860.13
860.68
861.29
861.89
862.5
863.14
863.73
864.36
864.93
865.56
866.13
866.66
867.16
867.64
868.1
868.58
869.05
869.49
869.95
870.41
870.94
871.48
872.05
872.59
873.07
873.61
874.09
874.61
875.1
875.61
876.08
876.6
877.07
877.53
878.01
878.49
878.96
879.45
879.95
880.43
880.87
881.33
881.77
882.22
882.68
883.12
883.58
884.02
884.48
884.93
885.35
885.8
886.23
886.66
887.08
887.52
887.96
888.38
888.81
889.24
889.68
890.11
890.54
890.97
891.4
891.81
892.23
892.67
893.09
893.52
893.95
894.38
894.81
895.23
895.67
896.12
896.57
897.01
897.43
897.89
898.33
898.75
899.19
899.61
900.02
900.46
900.88
901.31
901.75
902.18
902.59
903.03
903.46
903.88
904.31
904.73
905.15
905.58
906.02
906.48
906.96
907.42
907.84
908.25
908.67
909.1
909.5
909.9
910.31
910.73
911.15
911.56
911.98
912.42
912.83
913.25
913.66
914.08
914.49
914.89
915.31
915.72
916.15
916.61
917.1
917.57
917.96
918.38
918.79
919.2
919.6
920.01
920.42
920.83
921.25
921.65
922.06
922.48
922.88
923.32
923.73
924.14
924.55
924.96
925.37
925.8
926.23
926.68
927.11
927.54
927.96
928.4
928.82
929.25
929.67
930.11
930.57
931.03
931.51
931.96
932.41
932.88
933.42
933.98
934.55
935.02
935.53
936.0
936.46
936.93
937.42
937.86
938.28
938.72
939.16
939.62
940.06
940.5
940.94
941.36
941.82
942.24
942.68
943.14
943.6
944.03
944.48
944.99
945.54
946.06
946.6
947.11
947.74
948.39
949.04
949.69
950.34
950.95
951.59
952.14
952.68
953.19
953.65
954.11
954.58
955.07
955.52
955.97
956.43
956.92
957.37
957.86
958.32
958.78
959.27
959.72
960.19
960.68
961.13
961.59
962.05
962.51
962.99
963.43
963.89
964.36
964.81
965.28
965.75
966.21
966.67
967.11
967.58
968.05
968.5
968.96
969.44
969.92
970.37
970.84
971.31
971.78
972.26
972.72
973.21
973.68
974.14
974.61
975.07
975.54
976.03
976.5
976.95
977.42
977.91
978.38
978.79
979.2
979.61
980.01
980.42
980.85
981.25
981.67
982.07
982.47
982.86
983.27
983.66
984.06
984.49
984.9
985.3
985.68
986.08
986.48
986.87
987.27
987.66
988.05
988.44
988.83
989.22
989.6
989.99
990.38
990.78
991.19
991.61
992.03
992.43
992.83
993.24
993.67
994.06
994.49
994.9
995.3
995.68
996.08
996.48
996.88
997.28
997.69
998.1
998.49
998.88
999.28
999.67
1000.08
1000.46
1000.85
1001.24
1001.63
1002.01
1002.4
1002.79
1003.18
1003.59
1004.0
1004.4
1004.79
1005.2
1005.67
1006.14
1006.59
1007.05
1007.53
1008.03
1008.51
1008.99
1009.43
1009.85
1010.29
1010.73
1011.21
1011.69
1012.19
1012.66
1013.11
1013.54
1013.99
1014.45
1014.91
1015.37
1015.85
1016.31
1016.73
1017.17
1017.6
1018.02
1018.46
1018.88
1019.33
1019.76
1020.22
1020.66
1021.08
1021.52
1021.98
1022.42
1022.86
1023.3
1023.71
1024.14
1024.57
1025.02
1025.47
1025.94
1026.38
1026.81
1027.26
1027.71
1028.14
1028.57
1029.03
1029.47
1029.89
1030.31
1030.74
1031.17
1031.6
1031.99
1032.4
1032.79
1033.18
1033.57
1033.96
1034.36
1034.74
1035.15
1035.52
1035.93
1036.31
1036.69
1037.09
1037.47
1037.86
1038.25
1038.66
1039.05
1039.44
1039.82
1040.21
1040.59
1040.98
1041.35
1041.73
1042.12
1042.5
1042.92
1043.36
1043.8
1044.21
1044.66
1045.07
1045.5
1045.92
1046.35
1046.76
1047.17
1047.59
1047.98
1048.37
1048.79
1049.2
1049.6
1050.03
1050.43
1050.83
1051.2
1051.59
1051.99
1052.41
1052.8
1053.21
1053.6
1053.99
1054.38
1054.78
1055.17
1055.57
1055.95
1056.35
1056.73
1057.12
1057.51
1057.93
1058.33
1058.72
1059.11
1059.52
1059.92
1060.36
1060.81
1061.26
1061.68
1062.13
1062.56
1062.96
1063.37
1063.78
1064.2
1064.59
1064.99
1065.39
1065.79
1066.2
1066.61
1067.04
1067.45
1067.84
1068.24
1068.63
1069.03
1069.41
1069.8
1070.2
1070.59
1070.98
1071.35
1071.73
1072.12
1072.53
1072.95
1073.37
1073.81
1074.23
1074.63
1075.04
1075.46
1075.86
1076.29
1076.69
1077.09
1077.47
1077.85
1078.25
1078.63
1079.02
1079.43
1079.83
1080.21
1080.61
1081.0
1081.4
1081.8
1082.18
1082.57
1082.96
1083.35
1083.72
1084.09
1084.47
1084.89
1085.32
1085.84
1086.31
1086.81
1087.28
1087.86
1088.4
1088.99
1089.57
1090.12
1090.71
1091.26
1091.86
1092.48
1093.15
1093.92
1094.77
1095.66
1096.49
1097.32
1098.24
1099.15
1099.93
1100.71
1101.48
1102.24
1103.01
1103.78
1104.55
1105.29
1106.06
1106.8
1107.53
1108.36
1109.11
1109.96
1110.82
1111.75
1112.68
1113.53
1114.41
1115.34
1116.25
1117.05
1117.89
1118.89
1119.8
1120.66
1121.47
1122.36
1123.26
1124.11
1125.07
1125.96
1126.84
1127.66
1128.48
1129.3
1130.12
1130.93
1131.76
1132.58
1133.42
1134.25
1135.1
1135.94
1136.89
1137.88
1138.87
1139.87
1140.82
1141.8
1142.77
1143.75
1144.73
1145.69
1146.75
1147.76
1148.76
1149.83
1150.92
1151.93
1153.06
1154.13
1155.26
1156.3
1157.38
1158.37
1159.4
1160.33
1161.21
1162.15
1163.04
1164.01
1164.99
1165.92
1166.84
1167.77
1168.66
1169.6
1170.45
1171.25
1172.11
1172.98
1173.82
1174.67
1175.45
1176.27
1177.17
1178.02
1178.92
1179.8
1180.62
1181.49
1182.36
1183.25
1184.04
1184.82
1185.63
1186.47
1187.26
1188.04
1188.84
1189.6
1190.39
1191.2
1192.11
1192.98
1193.84
1194.76
1195.6
1196.49
1197.37
1198.29
1199.12
1200.04
1200.98
1201.87
1202.76
1203.72
1204.71
1205.65
1206.56
1207.53
1208.52
1209.41
1210.28
1211.16
1212.07
1213.01
1213.9
1214.83
1215.72
1216.65
1217.49
1218.38
1219.3
1220.22
1221.08
1221.98
1223.05
1224.07
1224.89
1225.72
1226.51
1227.27
1228.05
1228.88
1229.73
1230.5
1231.3
1232.11
1232.96
1233.73
1234.49
1235.23
1235.99
1236.87
1237.83
1238.75
1239.61
1240.45
1241.33
1242.24
1243.12
1243.91
1244.77
1245.56
1246.39
1247.23
1247.99
1248.83
1249.6
1250.4
1251.27
1252.06
1253.01
1254.01
1254.98
1256.04
1257.03
1258.13
1259.21
1260.27
1261.34
1262.38
1263.42
1264.48
1265.59
1266.63
1267.74
1268.75
1269.74
1270.73
1271.71
1272.66
1273.66
1274.59
1275.64
1276.62
1277.63
1278.65
1279.57
1280.49
1281.29
1282.1
1282.92
1283.71
1284.51
1285.33
1286.16
1287.02
1287.85
1288.7
1289.49
1290.36
1291.21
1292.16
1293.12
1294.06
1294.98
1295.95
1296.77
1297.59
1298.49
1299.45
1300.25
1301.08
1301.84
1302.64
1303.41
1304.18
1304.98
1305.75
1306.51
1307.3
1308.11
1308.91
1309.63
1310.4
1311.13
1311.89
1312.69
1313.53
1314.33
1315.09
1315.92
1316.75
1317.58
1318.39
1319.25
1320.26
1321.2
