0.27
0.66
1.05
1.45
1.86
2.27
2.66
3.05
3.47
3.87
4.26
4.63
5.02
5.41
5.82
6.19
6.61
7.01
7.39
7.8
8.2
8.61
9.0
9.39
9.79
10.2
10.59
10.98
11.38
11.78
12.16
12.54
12.94
13.32
13.72
14.1
14.49
14.87
15.25
15.64
16.02
16.38
16.77
17.18
17.61
18.02
18.41
18.79
19.17
19.55
19.93
20.36
20.76
21.16
21.58
22.0
22.4
22.8
23.22
23.64
24.03
24.43
24.82
25.18
25.59
25.97
26.36
26.75
27.14
27.52
27.91
28.3
28.7
29.08
29.47
29.87
30.26
30.64
31.02
31.4
31.79
32.17
32.55
32.92
33.34
33.73
34.12
34.53
34.93
35.32
35.73
36.14
36.54
36.94
37.33
37.72
38.13
38.53
38.92
39.33
39.72
40.11
40.49
40.88
41.29
41.66
42.05
42.43
42.81
43.19
43.58
43.96
44.35
44.74
45.12
45.52
45.92
46.29
46.68
47.04
47.43
47.8
48.21
48.64
49.06
49.47
49.9
50.31
50.72
51.14
51.57
51.99
52.39
52.81
53.23
53.65
54.05
54.47
54.9
55.32
55.74
56.14
56.53
56.94
57.33
57.74
58.15
58.54
58.96
59.36
59.78
60.19
60.58
60.96
61.35
61.73
62.12
62.52
62.89
63.27
63.65
64.04
64.42
64.8
65.19
65.56
65.95
66.32
66.7
67.08
67.48
67.88
68.27
68.64
69.01
69.37
69.74
70.11
70.49
70.87
71.22
71.6
71.97
72.35
72.72
73.09
73.46
73.83
74.19
74.57
74.93
75.3
75.68
76.08
76.47
76.86
77.23
77.62
77.99
78.38
78.75
79.15
79.54
79.92
80.3
80.68
81.06
81.45
81.82
82.21
82.6
82.99
83.37
83.76
84.15
84.54
84.93
85.31
85.7
86.08
86.47
86.85
87.22
87.6
87.98
88.37
88.79
89.19
89.62
90.03
90.44
90.83
91.24
91.65
92.06
92.47
92.9
93.31
93.72
94.13
94.52
94.91
95.31
95.72
96.12
96.52
96.93
97.34
97.77
98.18
98.59
99.0
99.41
99.82
100.23
100.62
101.04
101.45
101.86
102.28
102.68
103.08
103.48
103.86
104.25
104.65
105.04
105.44
105.82
106.22
106.63
107.06
107.49
107.91
108.32
108.73
109.13
109.54
109.92
110.33
110.72
111.12
111.51
111.9
112.28
112.7
113.11
113.52
113.93
114.35
114.75
115.15
115.56
115.96
116.36
116.75
117.16
117.56
117.96
118.36
118.78
119.21
119.63
120.04
120.43
120.86
121.27
121.67
122.06
122.48
122.86
123.26
123.67
124.08
124.49
124.89
125.29
125.71
126.1
126.49
126.88
127.28
127.67
128.06
128.46
128.88
129.29
129.71
130.11
130.5
130.9
131.29
131.7
132.11
132.49
132.87
133.26
133.63
134.01
134.38
134.76
135.17
135.58
136.0
136.41
136.82
137.22
137.62
138.02
138.43
138.82
139.22
139.6
139.98
140.37
140.76
141.16
141.59
142.01
142.44
142.86
143.28
143.67
144.07
144.47
144.88
145.27
145.66
146.06
146.47
146.87
147.27
147.66
148.05
148.44
148.84
149.25
149.64
150.04
150.42
150.82
151.22
151.62
152.02
152.42
152.82
153.21
153.61
154.0
154.38
154.76
155.16
155.54
155.93
156.32
156.71
157.1
157.48
157.87
158.26
158.65
159.03
159.42
159.8
160.2
160.58
160.96
161.34
161.72
162.1
162.48
162.87
163.26
163.64
164.01
164.39
164.77
165.15
165.52
165.92
166.3
166.66
167.04
167.44
167.83
168.24
168.62
169.02
169.41
169.79
170.18
170.59
170.96
171.36
171.76
172.13
172.53
172.93
173.32
173.72
174.13
174.52
174.91
175.31
175.73
176.12
176.53
176.92
177.31
177.72
178.1
178.49
178.89
179.28
179.67
180.07
180.47
180.87
181.26
181.66
182.06
182.47
182.87
183.27
183.67
184.08
184.47
184.86
185.28
185.68
186.06
186.46
186.86
187.28
187.68
188.07
188.46
188.84
189.22
189.62
190.02
190.44
190.84
191.25
191.66
192.07
192.47
192.88
193.3
193.7
194.08
194.48
194.88
195.28
195.68
196.09
196.53
196.98
197.42
197.86
198.31
198.78
199.29
199.81
200.31
200.78
201.26
201.75
202.22
202.69
203.18
203.59
203.99
204.39
204.77
205.17
205.58
205.97
206.39
206.79
207.18
207.57
207.99
208.39
208.78
209.15
209.54
209.93
210.34
210.71
211.11
211.5
211.88
212.27
212.66
213.07
213.46
213.85
214.24
214.63
215.01
215.4
215.79
216.18
216.56
216.93
217.33
217.7
218.08
218.45
218.85
219.21
219.59
219.96
220.33
220.69
221.06
221.45
221.86
222.24
222.63
222.99
223.37
223.75
224.14
224.51
224.91
225.29
225.66
226.05
226.44
226.81
227.2
227.61
228.01
228.41
228.82
229.24
229.65
230.06
230.46
230.86
231.28
231.67
232.08
232.47
232.86
233.26
233.66
234.04
234.44
234.82
235.23
235.6
235.99
236.36
236.75
237.12
237.5
237.88
238.25
238.63
239.02
239.4
239.77
240.15
240.54
240.92
241.29
241.67
242.05
242.42
242.8
243.18
243.57
243.97
244.37
244.76
245.14
245.54
245.92
246.33
246.73
247.13
247.5
247.89
248.28
248.67
249.07
249.45
249.85
250.25
250.61
251.0
251.39
251.76
252.14
252.51
252.89
253.27
253.65
254.04
254.43
254.82
255.2
255.59
255.98
256.36
256.75
257.12
257.51
257.87
258.25
258.68
259.1
259.53
259.95
260.36
260.77
261.19
261.62
262.04
262.46
262.87
263.3
263.72
264.14
264.55
264.99
265.4
265.8
266.2
266.6
267.01
267.41
267.83
268.23
268.65
269.05
269.46
269.87
270.3
270.69
271.07
271.47
271.85
272.22
272.62
273.01
273.4
273.78
274.15
274.53
274.92
275.3
275.68
276.07
276.45
276.83
277.21
277.59
277.99
278.38
278.76
279.12
279.5
279.88
280.26
280.63
281.0
281.36
281.74
282.1
282.49
282.85
283.23
283.6
283.96
284.33
284.69
285.08
285.45
285.82
286.2
286.59
286.97
287.35
287.73
288.1
288.49
288.87
289.27
289.65
290.04
290.42
290.81
291.19
291.57
291.94
292.33
292.7
293.11
293.49
293.88
294.26
294.65
295.05
295.44
295.84
296.22
296.6
296.99
297.37
297.75
298.13
298.54
298.95
299.38
299.78
300.2
300.61
300.99
301.4
301.81
302.2
302.62
303.03
303.44
303.84
304.24
304.65
305.06
305.46
305.86
306.26
306.66
307.07
307.47
307.89
308.31
308.73
309.16
309.58
309.99
310.4
310.79
311.21
311.62
312.03
312.44
312.84
313.25
313.65
314.03
314.42
314.8
315.19
315.58
315.97
316.39
316.79
317.19
317.59
317.98
318.37
318.78
319.2
