1.42
3.06
4.62
6.19
7.79
9.39
10.98
12.53
14.09
15.63
17.17
18.78
20.36
21.99
23.63
25.18
26.75
28.29
29.86
31.4
32.92
34.52
36.13
37.71
39.33
40.87
42.43
43.95
45.51
47.16
49.05
50.71
52.38
54.05
55.73
57.32
58.95
60.64
62.3
63.83
65.37
66.89
68.46
69.88
71.22
72.71
74.18
75.68
77.22
78.75
80.29
81.82
83.37
84.92
86.46
87.97
89.61
91.23
92.89
94.52
96.11
97.76
99.41
101.03
102.67
104.24
105.82
107.48
109.12
110.71
112.28
113.92
115.55
117.16
118.78
120.43
122.06
123.66
125.29
126.87
128.45
130.11
131.69
133.25
134.75
136.4
138.01
139.59
141.15
142.85
144.46
146.05
147.66
149.24
150.82
152.41
153.99
155.54
157.1
158.64
160.2
161.71
163.25
164.76
166.29
167.82
169.41
170.96
172.53
174.12
175.72
177.31
178.88
180.47
182.05
183.66
185.27
186.85
188.45
190.01
191.65
193.29
194.88
196.53
198.3
200.3
202.22
204.14
205.96
207.56
209.14
210.7
212.26
213.84
215.4
216.93
218.45
219.96
221.44
222.98
224.51
226.04
227.6
229.23
230.86
232.47
234.03
235.59
237.12
238.62
240.15
241.66
243.17
244.75
246.32
247.88
249.45
250.99
252.51
254.03
255.59
257.24
259.09
260.76
262.45
264.13
265.79
267.41
269.04
270.69
272.22
273.77
275.3
276.83
278.36
279.87
281.35
282.85
284.33
285.81
287.34
288.86
290.41
291.93
293.49
295.04
296.6
298.12
299.77
301.39
303.02
304.64
306.25
307.88
309.57
311.2
312.83
314.41
315.96
317.63
