0.34
0.98
1.61
2.2
2.83
3.52
4.18
4.82
5.5
6.23
6.9
7.59
8.26
8.99
9.65
10.35
11.02
11.73
12.43
13.15
13.88
14.57
15.27
15.98
16.63
17.33
18.04
18.73
19.4
20.06
20.76
21.49
22.17
22.87
23.64
24.34
25.08
25.86
26.55
27.22
27.94
28.67
29.45
30.18
30.89
31.66
32.37
33.09
33.79
34.56
35.28
35.98
36.71
37.48
38.18
38.84
39.54
40.28
40.99
41.67
42.4
43.11
43.8
44.52
45.31
46.05
46.73
47.4
48.12
48.74
49.39
50.05
50.73
51.34
52.02
52.74
53.47
54.14
54.89
55.56
56.27
56.95
57.7
58.41
59.13
59.83
60.5
61.19
61.88
62.56
63.25
63.94
64.64
65.38
66.08
66.78
67.47
68.15
68.85
69.58
70.27
70.93
71.64
72.39
73.07
73.78
74.59
75.38
76.1
76.83
77.52
78.26
78.97
79.74
80.53
81.31
82.0
82.69
83.44
84.14
84.82
85.53
86.28
86.93
87.66
88.31
89.01
89.7
90.34
91.05
91.74
92.47
93.14
93.89
94.58
95.34
96.03
96.73
97.47
98.13
98.79
99.47
100.17
100.91
101.59
102.27
102.97
103.68
104.35
105.02
105.71
106.45
107.13
107.8
108.51
109.22
109.89
110.59
111.34
112.03
112.76
113.46
114.16
114.87
115.58
116.31
117.04
