0.27
1.0
1.76
2.49
3.17
3.92
4.64
5.34
6.09
6.89
7.61
8.36
9.07
9.83
10.59
11.29
11.99
12.73
13.44
14.15
14.84
15.58
16.27
16.97
17.66
18.41
19.14
19.86
20.58
21.36
22.08
22.84
23.6
24.41
25.15
25.88
26.6
27.32
28.05
28.76
29.5
30.28
31.12
31.91
32.65
33.43
34.17
34.89
35.62
36.39
37.12
37.83
38.5
39.17
39.88
40.6
41.31
41.99
42.75
43.49
44.23
44.94
45.69
46.42
47.18
47.9
48.67
49.37
50.09
50.84
51.48
52.19
52.84
53.56
54.23
54.9
55.64
56.33
57.03
57.65
58.3
58.98
59.67
60.39
61.05
61.78
62.49
63.17
63.86
64.58
65.25
65.99
66.68
67.4
68.2
68.98
69.68
70.34
71.05
71.72
72.37
73.02
73.67
74.37
75.1
75.8
76.56
77.29
78.0
78.76
79.57
80.3
81.05
81.75
82.52
83.27
83.99
84.7
85.46
86.17
86.87
87.55
88.28
88.9
89.57
90.2
90.82
91.55
92.26
93.0
93.72
94.49
95.21
95.93
96.71
97.52
98.3
99.14
99.88
100.69
101.47
102.24
103.02
103.78
104.56
105.37
106.15
106.9
107.7
108.43
109.23
109.99
110.81
111.59
112.34
113.13
113.98
114.8
115.56
116.35
117.26
118.15
118.99
119.79
120.57
121.37
122.21
122.99
123.81
124.61
