0.39
1.05
1.69
2.38
3.01
3.7
4.36
5.0
5.66
6.35
7.01
7.71
8.37
9.08
9.78
10.43
11.11
11.82
12.51
13.17
13.82
14.52
15.17
15.83
16.5
17.21
17.89
18.56
19.23
19.93
20.6
21.27
21.95
22.66
23.38
24.11
24.85
25.55
26.22
26.91
27.6
28.31
28.99
29.67
30.34
31.07
31.74
32.42
33.11
33.88
34.57
35.32
36.03
36.76
37.44
38.14
38.82
39.48
40.15
40.84
41.53
42.25
42.94
43.63
44.34
45.05
45.75
46.44
47.16
47.84
48.52
49.22
49.94
50.71
51.41
52.08
52.77
53.48
54.15
54.82
55.51
56.22
56.91
57.59
58.22
58.92
59.63
60.34
61.06
61.82
62.55
63.34
64.09
64.85
65.66
66.4
67.15
67.85
68.52
69.22
69.94
70.62
71.35
72.01
72.7
73.4
74.11
74.77
75.48
76.17
76.87
77.54
78.21
78.89
79.59
80.27
80.95
81.64
82.36
83.02
83.71
84.44
85.14
85.83
86.53
87.22
87.94
88.63
89.33
90.04
90.8
91.49
92.2
92.91
93.61
94.31
95.0
95.7
96.42
97.12
97.81
98.5
99.22
99.93
100.63
101.33
102.07
102.79
103.47
104.17
104.93
105.66
106.37
107.09
107.79
108.56
109.29
109.99
110.71
111.54
112.31
113.11
113.95
114.72
115.54
