0.11
0.79
1.48
2.13
2.77
3.47
4.13
4.75
5.44
6.17
6.85
7.53
8.2
8.91
9.65
10.45
11.18
11.98
12.74
13.51
14.33
15.08
15.77
16.48
17.2
17.86
18.48
19.13
19.84
20.5
21.2
21.95
22.65
23.37
24.04
24.72
25.44
26.1
26.76
27.41
28.12
28.76
29.44
30.09
30.79
31.48
32.18
32.91
33.6
34.35
35.07
35.76
36.51
37.18
37.88
38.59
39.24
39.95
40.62
41.27
41.96
42.63
43.32
44.05
44.72
45.41
46.08
46.81
47.5
48.14
48.84
49.51
50.25
50.98
51.76
52.46
53.22
53.95
54.65
55.37
56.11
56.85
57.6
58.31
59.03
59.75
60.48
61.2
61.95
62.68
63.43
64.15
64.93
65.76
66.55
67.28
68.06
68.83
69.59
70.4
71.16
71.91
72.69
73.48
74.26
75.0
75.75
76.51
77.31
78.0
78.72
79.46
80.13
80.84
81.6
82.29
83.05
83.86
84.63
85.39
86.18
86.94
87.68
88.4
89.14
89.92
90.68
91.41
92.11
92.81
93.53
94.23
94.91
95.59
96.33
97.02
97.75
98.54
99.29
100.03
100.75
101.52
102.28
103.09
103.79
104.47
105.19
105.89
106.57
107.23
107.94
108.58
109.29
110.01
110.77
111.49
112.19
