0.39
1.01
1.64
2.31
2.91
3.53
4.1
4.72
5.35
6.03
6.68
7.37
7.99
8.66
9.34
10.0
10.66
11.31
11.97
12.66
13.37
14.01
14.65
15.27
15.88
16.49
17.11
17.71
18.31
18.94
19.56
20.16
20.76
21.43
22.04
22.74
23.4
24.12
24.82
25.48
26.16
26.89
27.57
28.2
28.81
29.46
30.09
30.7
31.32
31.98
32.63
33.24
33.91
34.6
35.22
35.9
36.51
37.16
37.84
38.47
39.11
39.79
40.43
41.08
41.74
42.37
43.06
43.69
44.34
44.99
45.66
46.28
46.93
47.61
48.22
48.87
49.51
50.16
50.78
51.38
51.99
52.65
53.28
53.89
54.51
55.24
55.91
56.64
57.35
58.13
58.85
59.57
60.36
61.17
61.91
62.63
63.31
64.06
64.73
65.39
66.06
66.78
67.39
68.07
68.69
69.35
70.05
70.74
71.37
72.0
72.65
73.35
73.97
74.67
75.31
76.01
76.64
77.29
77.92
78.51
79.13
79.78
80.4
81.0
81.62
82.27
82.91
83.55
84.23
84.91
85.57
86.2
86.83
87.47
88.08
88.68
89.31
89.95
90.62
91.27
91.93
92.61
93.24
93.89
94.59
95.23
95.87
96.53
97.23
97.86
98.48
99.1
99.75
100.44
101.1
101.74
102.38
103.08
103.78
104.43
105.1
