0.33
0.98
1.63
2.34
2.99
3.67
4.31
4.98
5.69
6.43
7.15
7.85
8.57
9.22
9.86
10.55
11.18
11.88
12.57
13.28
13.95
14.64
15.33
16.07
16.87
17.6
18.38
19.17
19.89
20.63
21.33
22.06
22.8
23.49
24.22
24.88
25.6
26.24
26.93
27.6
28.32
29.0
29.66
30.34
31.01
31.71
32.46
33.16
33.87
34.6
35.35
36.12
36.85
37.53
38.18
38.81
39.5
40.13
40.83
41.55
42.24
42.89
43.58
44.31
44.99
45.67
46.31
47.0
47.71
48.38
49.03
49.68
50.39
51.08
51.74
52.4
53.12
53.76
54.45
55.17
55.87
56.63
57.32
58.07
58.75
59.46
60.15
60.83
61.5
62.21
62.89
63.6
64.22
64.86
65.47
66.12
66.76
67.4
68.02
68.68
69.39
70.14
70.82
71.55
72.27
72.94
73.68
74.44
75.18
75.92
76.6
77.31
78.0
78.7
79.41
80.15
80.81
81.54
82.23
82.89
83.61
84.35
85.05
85.8
86.53
87.19
87.85
88.56
89.22
89.91
90.61
91.42
92.2
93.0
93.77
94.55
95.25
95.99
96.73
97.46
98.14
98.88
99.59
100.28
100.98
101.66
102.36
103.1
103.76
104.5
105.15
105.85
106.55
107.24
107.99
108.76
109.53
110.31
111.13
111.91
112.7
113.54
114.34
115.12
115.91
