0.39
1.01
1.64
2.24
2.85
3.46
4.08
4.7
5.33
6.05
6.75
7.41
8.13
8.82
9.48
10.2
10.95
11.67
12.46
13.22
14.06
14.99
15.84
16.62
17.38
18.12
18.87
19.63
20.39
21.16
21.95
22.64
23.38
24.09
24.81
25.52
26.21
26.93
27.67
28.38
29.13
29.89
30.63
31.38
32.14
32.91
33.62
34.39
35.05
35.72
36.33
36.97
37.64
38.29
38.91
39.57
40.19
40.86
41.5
42.11
42.79
43.48
44.13
44.78
45.4
46.04
46.69
47.37
48.13
48.91
49.63
50.37
51.17
51.92
52.61
53.26
53.93
54.65
55.3
55.97
56.64
57.32
58.0
58.66
59.36
60.14
60.87
61.57
62.32
63.0
63.75
64.44
65.13
65.84
66.58
67.26
67.98
68.66
69.32
69.95
70.57
71.22
71.91
72.62
73.35
74.03
74.65
75.31
75.9
76.51
77.14
77.74
78.34
78.97
79.65
80.37
81.16
81.87
82.67
83.41
84.17
84.94
85.67
86.41
87.19
87.94
88.68
89.41
90.2
90.97
91.81
92.64
93.44
94.25
95.06
95.93
96.75
97.52
98.42
99.31
100.18
101.06
101.93
102.77
103.62
104.53
105.34
106.23
107.11
107.99
108.87
109.8
110.72
111.68
112.63
113.67
114.63
