0.35
1.0
1.71
2.39
3.01
3.67
4.33
5.02
5.72
6.46
7.17
7.93
8.64
9.36
10.11
10.81
11.52
12.22
12.92
13.61
14.27
14.99
15.67
16.35
17.02
17.74
18.42
19.11
19.78
20.51
21.18
21.84
22.51
23.25
24.03
24.75
25.46
26.2
26.87
27.56
28.28
29.0
29.63
30.32
30.97
31.67
32.34
33.0
33.66
34.33
35.1
35.85
36.58
37.37
38.07
38.73
39.43
40.17
40.83
41.55
42.25
42.96
43.67
44.34
45.04
45.73
46.42
47.11
47.84
48.62
49.36
50.05
50.81
51.51
52.26
52.98
53.72
54.45
55.16
55.83
56.56
57.31
58.01
58.71
59.44
60.14
60.84
61.54
62.23
62.99
63.67
64.43
65.12
65.82
66.58
67.26
68.02
68.72
69.42
70.19
70.98
71.65
72.4
73.08
73.78
74.5
75.27
75.98
76.77
77.48
78.22
78.99
79.71
80.45
81.14
81.84
82.53
83.2
83.92
84.59
85.26
85.99
86.77
87.44
88.11
88.77
89.5
90.17
90.84
91.55
92.31
93.02
93.73
94.43
95.15
95.91
96.62
97.29
98.02
98.68
99.4
100.08
100.79
101.46
102.2
102.93
103.71
104.51
105.35
106.13
106.87
107.65
108.4
109.15
109.96
110.79
111.59
112.35
113.16
113.9
114.63
115.42
116.14
116.9
