0.55
1.2
1.82
2.48
3.09
3.74
4.43
5.05
5.74
6.34
6.93
7.53
8.16
8.81
9.46
10.08
10.73
11.35
11.94
12.55
13.17
13.81
14.41
15.08
15.75
16.47
17.19
17.85
18.51
19.24
19.97
20.77
21.5
22.25
23.05
23.79
24.44
25.1
25.73
26.41
27.02
27.64
28.3
28.9
29.51
30.07
30.67
31.26
31.85
32.5
33.14
33.76
34.37
35.0
35.64
36.31
36.94
37.57
38.18
38.8
39.4
40.03
40.65
41.26
41.87
42.55
43.32
44.06
44.75
45.42
46.02
46.66
47.31
48.02
48.66
49.27
49.86
50.48
51.07
51.69
52.35
52.99
53.61
54.27
54.9
55.59
56.24
56.83
57.41
58.0
58.6
59.23
59.87
60.49
61.08
61.71
62.38
63.07
63.73
64.36
64.94
65.53
66.11
66.74
67.35
67.95
68.54
69.15
69.73
70.33
70.94
71.54
72.13
72.79
73.46
74.07
74.67
75.29
75.89
76.54
77.2
77.79
78.39
79.0
79.63
80.23
80.85
81.53
82.29
83.01
83.65
84.29
84.93
85.52
86.13
86.76
87.36
87.96
88.56
89.18
89.91
90.58
91.2
91.82
92.48
93.1
93.69
94.24
94.84
95.46
96.05
96.67
97.31
97.99
98.61
99.19
99.77
100.39
100.99
101.63
102.22
102.81
103.38
103.98
104.65
105.38
106.02
106.67
107.32
108.03
108.67
109.36
109.99
110.66
111.31
112.01
112.63
113.33
113.97
114.61
115.32
115.98
116.6
117.29
117.92
118.58
119.21
119.96
120.74
121.34
121.93
122.54
123.17
123.85
124.52
125.16
125.82
126.46
127.11
127.8
128.48
129.12
129.75
130.43
131.05
131.75
132.47
133.18
133.85
134.53
135.25
135.84
136.47
137.04
137.64
138.22
138.79
139.39
140.04
140.71
141.39
142.06
142.75
143.47
144.25
145.04
145.81
146.58
147.35
147.93
148.55
149.2
149.84
150.52
151.15
151.79
152.54
153.33
154.16
155.03
155.87
156.68
157.47
158.39
159.28
160.26
161.23
162.21
163.21
164.22
165.14
166.13
167.1
168.03
168.93
169.87
170.77
171.75
172.65
173.61
