0.28
1.02
1.82
2.6
3.39
4.14
4.83
5.56
6.42
7.27
8.14
9.04
9.88
10.7
11.53
12.42
13.38
14.26
15.13
16.04
16.98
17.85
18.8
19.74
20.64
21.6
22.55
23.4
24.21
24.98
25.76
26.43
27.07
27.67
28.23
28.78
29.33
29.93
30.56
31.15
31.7
32.28
32.81
33.4
34.02
34.61
35.17
35.77
36.37
36.95
37.51
38.07
38.65
39.26
39.84
40.48
41.15
41.79
42.39
43.01
43.64
44.28
44.95
45.53
46.08
46.66
47.24
47.81
48.43
49.03
49.61
50.25
50.87
51.53
52.15
52.73
53.29
53.87
54.44
55.01
55.6
56.19
56.75
57.37
58.02
58.71
59.35
59.93
60.51
61.13
61.7
62.3
62.85
63.42
63.97
64.59
65.2
65.82
66.39
66.95
67.49
68.12
68.74
69.42
70.09
70.69
71.26
71.81
72.38
72.96
73.56
74.15
74.71
75.3
75.9
76.47
77.01
77.58
78.18
78.81
79.39
79.96
80.55
81.15
81.72
82.27
82.85
83.42
83.96
84.54
85.09
85.73
86.31
86.94
87.53
88.16
88.73
89.29
89.84
90.42
91.04
91.69
92.26
92.83
93.4
93.95
94.62
95.32
95.9
96.49
97.03
97.6
98.23
98.83
99.41
100.02
100.67
101.31
102.05
102.98
103.96
104.88
105.89
106.8
107.8
108.72
109.73
110.61
111.55
112.43
113.38
114.39
115.26
116.12
116.98
117.85
118.78
119.57
120.44
121.23
122.09
122.93
123.81
124.53
125.24
125.86
126.54
127.18
127.93
128.7
129.41
130.12
130.81
131.43
132.12
132.73
133.39
133.99
134.64
135.23
135.84
136.56
137.31
137.99
138.73
139.45
140.12
140.83
141.49
142.23
143.04
143.86
144.63
145.36
146.05
146.79
147.49
148.2
148.81
149.46
150.13
150.85
151.5
152.21
152.85
153.59
154.34
155.15
155.97
156.76
157.58
158.29
159.04
159.81
160.55
161.38
162.15
162.99
163.79
