0.23
0.77
1.37
1.94
2.45
3.01
3.54
4.09
4.63
5.17
5.72
6.3
6.85
7.4
7.96
8.48
9.04
9.59
10.15
10.74
11.31
11.85
12.42
12.97
13.52
14.08
14.64
15.19
15.77
16.31
16.87
17.42
17.97
18.53
19.09
19.66
20.22
20.77
21.33
21.89
22.45
23.0
23.57
24.13
24.7
25.23
25.77
26.33
26.87
27.43
27.98
28.54
29.08
29.64
30.18
30.7
31.25
31.8
32.35
32.93
33.49
34.04
34.6
35.15
35.7
36.26
36.8
37.35
37.9
38.44
38.98
39.53
40.09
40.65
41.2
41.76
42.32
42.91
43.48
44.07
44.65
45.21
45.78
46.34
46.92
47.48
48.07
48.63
49.22
49.78
50.33
50.89
51.46
52.0
52.54
53.11
53.65
54.19
54.75
55.29
55.85
56.4
56.95
57.53
58.07
58.63
59.17
59.72
60.27
60.83
61.39
61.93
62.48
63.03
63.59
64.14
64.69
65.25
65.82
66.36
66.93
67.5
68.05
68.6
69.15
69.71
70.27
70.8
71.38
71.95
72.5
73.06
73.61
74.16
74.73
75.32
75.87
76.45
77.0
77.55
78.11
78.68
79.24
79.8
80.34
80.89
81.44
81.99
82.54
83.11
83.66
84.23
84.81
85.4
85.95
86.5
87.08
87.63
88.17
88.75
89.34
89.96
90.52
91.13
91.7
92.32
92.92
93.56
94.17
94.76
95.36
96.0
96.58
97.22
97.82
