0.0
0.49
0.96
1.43
1.91
2.39
2.89
3.39
3.88
4.37
4.84
5.33
5.82
6.32
6.82
7.31
7.79
8.25
8.74
9.26
9.8
10.31
10.84
11.36
11.86
12.38
12.87
13.38
13.9
14.43
14.93
15.44
15.96
16.49
16.99
17.49
17.97
18.48
19.0
19.5
20.01
20.54
21.09
21.62
22.14
22.65
23.16
23.67
24.18
24.7
25.21
25.71
26.22
26.7
27.21
27.72
28.21
28.7
29.18
29.69
30.21
30.72
31.21
31.72
32.23
32.71
33.2
33.7
34.2
34.7
35.19
35.68
36.17
36.66
37.16
37.67
38.15
38.66
39.18
39.73
40.26
40.77
41.32
41.83
42.36
42.87
43.41
43.92
44.45
44.96
45.5
46.0
46.52
47.02
47.53
48.03
48.58
49.1
49.62
50.13
50.64
51.16
51.64
52.14
52.65
53.14
53.64
54.15
54.67
55.24
55.76
56.27
56.79
57.31
57.81
58.34
58.85
59.38
59.89
60.41
60.93
61.44
61.95
62.48
63.01
63.55
64.08
64.6
65.12
65.66
66.21
66.73
67.23
67.73
68.26
68.83
69.36
69.89
70.44
70.97
71.46
71.96
72.47
72.98
73.49
73.99
74.51
75.03
75.52
76.02
76.54
77.05
77.55
78.06
78.56
79.08
79.58
80.08
80.59
81.1
81.62
82.14
82.65
83.18
83.79
84.36
84.98
85.56
86.16
86.78
87.36
