0.26
0.76
1.28
1.78
2.32
2.82
3.32
3.82
4.3
4.78
5.28
5.79
6.3
6.78
7.28
7.78
8.24
8.73
9.26
9.77
10.27
10.77
11.29
11.77
12.27
12.76
13.26
13.76
14.28
14.77
15.28
15.78
16.27
16.76
17.26
17.75
18.25
18.73
19.23
19.71
20.22
20.73
21.21
21.73
22.22
22.7
23.18
23.67
24.17
24.67
25.17
25.67
26.18
26.67
27.17
27.66
28.13
28.61
29.1
29.61
30.1
30.57
31.07
31.56
32.06
32.55
33.03
33.51
33.98
34.45
34.93
35.41
35.87
36.33
36.77
37.24
37.73
38.22
38.73
39.25
39.77
40.27
40.75
41.22
41.72
42.21
42.71
43.2
43.7
44.19
44.68
45.17
45.68
46.15
46.66
47.15
47.63
48.1
48.59
49.09
49.57
50.04
50.54
51.01
51.49
51.95
52.42
52.9
53.38
53.89
54.37
54.85
55.36
55.82
56.32
56.8
57.29
57.75
58.24
58.73
59.21
59.72
60.21
60.68
61.19
61.68
62.16
62.63
63.1
63.58
64.08
64.55
65.02
65.5
66.0
66.5
67.01
67.51
67.99
68.46
68.94
69.42
69.9
70.38
70.86
71.34
71.8
72.27
72.75
73.26
73.8
74.31
74.77
75.29
75.76
76.23
76.72
77.19
77.69
78.16
78.65
79.14
79.71
80.22
80.84
81.46
82.08
82.75
83.36
84.0
