0.24
0.58
0.96
1.3
1.68
2.06
2.42
2.79
3.16
3.52
3.88
4.22
4.58
4.93
5.28
5.65
6.05
6.41
6.81
7.19
7.57
7.94
8.31
8.67
9.03
9.38
9.73
10.09
10.45
10.83
11.2
11.58
11.98
12.35
12.73
13.11
13.5
13.87
14.23
14.6
14.97
15.33
15.69
16.05
16.4
16.75
17.11
17.49
17.85
18.23
18.61
18.97
19.35
19.7
20.07
20.47
20.88
21.28
21.68
22.07
22.48
22.87
23.25
23.62
24.01
24.38
24.75
25.13
25.51
25.92
26.3
26.68
27.06
27.43
27.79
28.17
28.56
28.94
29.32
29.69
30.06
30.43
30.79
31.16
31.54
31.92
32.3
32.66
33.03
33.39
33.76
34.14
34.54
34.92
35.29
35.66
36.03
36.4
36.77
37.15
37.55
37.93
38.31
38.67
39.07
39.44
39.82
40.22
40.64
41.04
41.43
41.8
42.17
42.54
42.91
43.27
43.67
44.04
44.43
44.78
45.17
45.52
45.9
46.28
46.68
47.06
47.44
47.81
48.18
48.55
48.91
49.28
49.68
50.06
50.43
50.82
51.18
51.58
51.94
52.35
52.75
53.17
53.59
54.0
54.41
54.78
55.18
55.58
55.95
56.35
56.73
57.14
57.51
57.92
58.3
58.69
59.1
59.5
59.9
60.31
60.7
61.1
61.47
61.88
62.25
62.66
63.02
63.37
63.75
64.11
64.46
64.81
65.19
65.54
65.89
66.23
66.58
66.92
67.27
67.65
68.01
68.35
68.71
69.09
69.45
69.8
70.15
70.48
70.83
71.21
71.57
71.91
72.28
72.64
73.01
73.35
73.72
74.07
74.43
74.77
75.13
75.47
75.83
76.19
76.58
76.97
77.34
77.71
78.08
78.44
78.82
79.19
79.56
79.92
80.28
80.64
81.01
81.41
81.77
82.15
82.55
82.93
83.3
83.68
84.05
84.41
84.76
85.12
85.48
85.86
86.24
86.62
87.0
87.41
87.8
88.19
88.58
88.95
89.33
89.68
90.05
90.42
90.79
91.14
91.5
91.85
92.21
92.57
92.96
93.33
93.7
94.07
94.42
94.81
95.16
95.53
95.92
96.31
96.72
97.11
97.49
97.89
98.28
98.65
99.03
99.41
99.82
100.19
100.59
100.97
101.34
101.7
102.06
102.42
102.79
103.15
103.53
103.93
104.3
104.66
105.04
105.4
105.77
106.17
106.59
107.01
107.41
107.75
108.1
108.44
108.76
109.1
109.42
109.73
110.05
110.38
110.7
111.03
111.36
111.68
112.01
112.33
112.67
112.99
113.31
113.61
113.93
114.24
114.55
114.86
115.16
115.47
115.78
116.11
116.43
116.75
117.07
117.38
117.71
118.03
118.34
118.66
119.01
119.34
119.67
120.02
120.36
120.74
121.1
121.45
121.82
122.17
122.52
122.9
123.24
123.62
123.97
124.32
124.7
125.04
125.4
