1.31
2.65
3.95
5.25
6.65
8.02
9.36
10.72
12.04
13.35
14.66
15.96
17.24
18.59
19.96
21.36
22.68
24.01
25.34
26.71
28.01
29.32
30.63
31.96
33.29
34.6
35.94
37.28
38.63
39.94
41.44
42.85
44.21
45.59
46.93
48.31
49.61
50.95
52.31
53.69
54.95
56.22
57.5
58.78
60.13
61.42
62.67
63.9
65.14
66.52
67.91
69.25
70.57
71.89
73.25
74.57
75.89
77.22
78.51
79.82
81.12
82.35
83.62
85.0
86.38
87.73
89.11
90.46
91.86
93.17
94.57
95.9
97.21
98.57
99.92
101.31
102.66
103.95
105.23
106.5
107.78
109.06
110.34
111.62
