0.31
0.67
1.01
1.32
1.66
1.99
2.32
2.66
2.98
3.31
3.64
3.96
4.27
4.59
4.91
5.26
5.6
5.94
6.31
6.65
7.0
7.35
7.69
8.03
8.36
8.7
9.04
9.36
9.69
10.04
10.39
10.72
11.05
11.37
11.71
12.04
12.36
12.69
13.02
13.35
13.69
14.02
14.35
14.67
14.99
15.32
15.64
15.96
16.27
16.59
16.93
17.24
17.57
17.9
18.24
18.59
18.94
19.28
19.6
19.97
20.32
20.65
21.01
21.36
21.69
22.03
22.37
22.69
23.02
23.35
23.68
24.01
24.34
24.68
25.02
25.35
25.7
26.04
26.38
26.71
27.05
27.38
27.7
28.02
28.36
28.68
29.0
29.32
29.65
29.97
30.3
30.63
30.97
31.3
31.63
31.97
32.29
32.63
32.96
33.29
33.62
33.94
34.26
34.6
34.94
35.27
35.61
35.95
36.29
36.62
36.94
37.29
37.62
37.96
38.3
38.64
38.98
39.3
39.64
39.95
40.29
40.61
40.93
41.24
41.54
41.86
42.19
42.53
42.86
43.2
43.53
43.86
44.2
44.57
44.92
45.26
45.59
45.92
46.26
46.61
46.94
47.3
47.62
47.98
48.32
48.65
48.97
49.29
49.62
49.96
50.29
50.63
50.95
51.27
51.62
51.97
52.32
52.69
53.04
53.37
53.69
54.02
54.33
54.65
54.96
55.27
55.58
55.91
56.23
56.54
56.86
57.19
57.51
57.83
58.14
58.47
58.78
59.12
59.44
59.77
60.13
60.46
60.8
61.16
61.54
61.88
62.26
62.62
62.98
63.33
63.68
64.06
64.4
64.77
65.14
65.47
65.84
66.17
66.53
66.89
67.22
67.57
67.92
68.25
68.58
68.92
69.26
69.6
69.94
70.26
70.57
70.89
71.22
71.55
71.9
72.22
72.58
72.92
73.26
73.59
73.92
74.25
74.58
74.91
75.24
75.58
75.9
76.23
76.57
76.9
77.23
77.54
77.88
78.2
78.51
78.83
79.17
79.51
79.83
80.16
80.49
80.81
81.12
81.44
81.75
82.05
82.36
82.67
82.99
83.29
83.61
83.96
84.31
84.65
85.01
85.35
85.7
86.05
86.39
86.71
87.07
87.4
87.73
88.07
88.41
88.75
89.11
89.45
89.8
90.12
90.47
90.81
91.15
91.5
91.86
92.19
92.5
92.83
93.18
93.53
93.86
94.21
94.58
94.92
95.25
95.58
95.9
96.24
96.58
96.9
97.22
97.55
97.9
98.25
98.58
98.92
99.26
99.59
99.93
100.27
100.64
100.98
101.31
101.63
101.95
102.26
102.58
102.9
103.22
103.55
103.89
104.22
104.55
104.87
105.21
105.53
105.84
106.16
106.48
106.8
107.12
107.44
107.76
108.09
108.41
108.72
109.04
109.37
109.68
110.0
110.33
110.65
110.97
111.29
111.6
111.92
112.24
112.56
112.88
