0.26
0.64
1.01
1.38
1.75
2.11
2.48
2.83
3.18
3.53
3.89
4.23
4.59
4.96
5.34
5.71
6.07
6.43
6.8
7.17
7.54
7.9
8.26
8.61
8.97
9.32
9.68
10.05
10.41
10.78
11.16
11.53
11.89
12.25
12.62
12.99
13.35
13.72
14.09
14.45
14.8
15.16
15.52
15.87
16.23
16.6
16.97
17.34
17.69
18.06
18.47
18.86
19.27
19.68
20.07
20.45
20.82
21.18
21.56
21.92
22.3
22.65
23.03
23.4
23.77
24.12
24.48
24.85
25.22
25.58
25.95
26.33
26.71
27.06
27.43
27.82
28.18
28.53
28.88
29.22
29.59
29.94
30.3
30.67
31.06
31.43
31.79
32.14
32.5
32.86
33.22
33.6
33.97
34.33
34.68
35.04
35.4
35.76
36.13
36.48
36.83
37.19
37.55
37.94
38.31
38.67
39.03
39.43
39.8
40.18
40.54
40.91
41.28
41.64
42.01
42.39
42.75
43.12
43.5
43.88
44.27
44.63
45.03
45.4
45.75
46.11
46.48
46.84
47.2
47.57
47.94
48.33
48.7
49.07
49.41
49.75
50.1
50.46
50.84
51.19
51.56
51.92
52.28
52.63
52.98
53.34
53.7
54.06
54.42
54.79
55.15
55.5
55.86
56.21
56.58
56.91
57.28
57.63
57.96
58.32
58.66
59.02
59.37
59.73
60.09
60.44
60.81
61.16
61.54
61.89
62.26
62.6
62.97
63.34
63.69
64.03
64.4
64.74
65.1
65.47
65.86
66.27
66.66
67.0
67.38
67.72
68.09
68.45
68.81
69.19
69.54
69.93
70.29
70.71
71.11
71.51
71.89
72.29
72.69
73.11
73.49
73.91
74.31
74.7
75.05
75.43
75.79
76.16
76.52
76.89
77.25
77.6
77.95
78.31
78.69
79.07
79.45
79.82
80.19
80.58
80.95
81.34
81.69
82.05
82.41
82.77
83.12
83.48
83.82
84.18
84.55
84.92
85.28
85.64
85.99
86.35
86.71
87.08
87.43
87.78
88.14
88.49
88.85
89.2
89.55
89.92
90.3
90.68
91.05
91.41
91.78
92.17
92.54
92.92
93.32
93.7
94.08
94.44
94.81
95.16
95.51
95.87
96.23
96.59
96.96
97.33
97.67
98.04
98.39
98.76
99.11
99.47
99.82
100.19
100.53
100.89
101.26
101.62
101.97
102.32
102.67
103.03
103.38
103.73
104.06
104.41
104.76
105.12
105.48
105.85
106.22
106.58
106.95
107.32
107.69
108.06
108.43
108.8
109.18
109.56
109.92
110.31
110.69
111.07
111.44
111.8
112.15
112.53
112.88
113.24
113.61
113.95
114.3
114.66
115.02
115.37
115.75
116.15
116.55
116.94
117.31
117.71
118.08
118.44
118.8
119.18
119.54
119.91
120.3
120.67
121.04
121.41
121.78
122.13
122.5
122.89
123.24
