1.0
2.47
3.88
5.34
6.8
8.25
9.67
11.15
12.61
14.08
15.52
16.97
18.46
20.07
21.55
23.03
24.47
25.95
27.42
28.87
30.3
31.79
33.21
34.68
36.13
37.55
39.03
40.54
42.01
43.5
45.02
46.47
47.93
49.35
50.64
51.91
53.32
54.78
56.2
57.62
59.01
60.44
61.88
63.33
64.74
66.26
67.72
69.18
70.65
71.94
73.23
74.7
76.16
77.6
79.06
80.57
82.04
83.47
84.91
86.34
87.78
89.19
90.67
92.15
93.69
95.15
96.58
98.03
99.47
100.88
102.31
103.82
105.48
106.94
108.42
109.92
111.43
112.96
114.57
116.15
117.72
119.17
120.66
122.17
