0.31
0.64
0.98
1.32
1.67
1.98
2.32
2.65
2.97
3.29
3.6
3.92
4.24
4.57
4.89
5.21
5.56
5.87
6.22
6.54
6.87
7.21
7.54
7.87
8.2
8.53
8.84
9.17
9.5
9.83
10.16
10.49
10.84
11.15
11.48
11.8
12.11
12.43
12.75
13.07
13.4
13.72
14.05
14.38
14.7
15.02
15.36
15.69
16.02
16.35
16.71
17.08
17.45
17.8
18.15
18.53
18.89
19.23
19.58
19.93
20.3
20.65
20.99
21.33
21.67
22.02
22.35
22.69
23.04
23.37
23.71
24.06
24.39
24.72
25.06
25.43
25.78
26.13
26.46
26.81
27.14
27.47
27.81
28.16
28.5
28.85
29.21
29.55
29.88
30.21
30.55
30.91
31.25
31.6
31.94
32.29
32.63
32.97
33.31
33.67
34.01
34.34
34.67
35.04
35.38
35.73
36.09
36.48
36.87
37.23
37.58
37.93
38.28
38.63
38.98
39.33
39.67
40.01
40.35
40.71
41.07
41.42
41.78
42.14
42.49
42.84
43.2
43.55
43.9
44.25
44.61
44.96
45.29
45.6
45.93
46.27
46.64
46.97
47.34
47.67
48.03
48.39
48.74
49.07
49.41
49.74
50.09
50.46
50.79
51.15
51.51
51.85
52.2
52.54
52.9
53.25
53.6
53.94
54.25
54.57
54.9
55.21
55.54
55.85
56.18
56.5
56.81
57.14
57.46
57.77
58.12
58.43
58.78
59.1
59.43
59.75
60.1
60.43
60.78
61.11
61.45
61.81
62.16
62.49
62.83
63.18
63.5
63.84
64.18
64.53
64.86
65.21
65.54
65.9
66.22
66.56
66.92
67.26
67.59
67.9
68.25
68.57
68.92
69.25
69.61
69.93
70.3
70.64
70.99
71.36
71.73
72.07
72.41
72.75
73.09
73.43
73.79
74.13
74.51
74.86
75.22
75.56
75.9
76.25
76.61
76.96
77.3
77.65
77.97
78.32
78.65
79.01
79.36
79.72
80.07
80.41
80.75
81.1
81.45
81.78
82.12
82.48
82.85
83.21
83.57
83.93
84.26
84.61
84.96
85.28
85.59
85.92
86.25
86.58
86.94
87.32
87.67
88.02
88.4
88.76
89.11
89.46
89.81
90.17
90.53
90.87
91.22
91.58
91.95
92.34
92.71
93.07
93.41
93.76
94.11
94.48
94.82
95.19
95.55
95.9
96.25
96.61
96.96
97.32
97.68
98.09
98.5
98.9
99.29
99.65
100.0
100.35
100.69
101.02
101.35
101.7
102.03
102.37
102.72
103.06
103.37
103.71
104.04
104.38
104.71
105.04
105.37
105.7
106.03
106.35
106.68
107.0
107.33
107.67
107.99
108.33
108.67
109.01
109.36
109.74
110.09
110.49
110.86
111.23
111.65
112.05
112.45
112.84
113.23
113.64
114.03
114.45
114.86
115.25
115.67
116.07
116.49
