0.28
0.66
1.0
1.37
1.74
2.07
2.42
2.75
3.1
3.45
3.79
4.15
4.51
4.86
5.21
5.57
5.92
6.28
6.66
7.02
7.38
7.73
8.06
8.43
8.78
9.11
9.47
9.82
10.18
10.54
10.91
11.27
11.62
11.96
12.3
12.66
13.0
13.33
13.67
14.01
14.35
14.7
15.04
15.39
15.76
16.1
16.46
16.8
17.18
17.55
17.93
18.32
18.68
19.03
19.4
19.77
20.13
20.49
20.83
21.21
21.57
21.92
22.28
22.64
22.99
23.35
23.72
24.08
24.43
24.78
25.13
25.47
25.82
26.17
26.54
26.91
27.26
27.6
27.94
28.29
28.62
28.97
29.33
29.71
30.07
30.42
30.76
31.11
31.45
31.8
32.15
32.52
32.87
33.21
33.56
33.92
34.26
34.61
34.96
35.33
35.68
36.02
36.39
36.75
37.1
37.45
37.82
38.19
38.55
38.89
39.24
39.59
39.94
40.3
40.67
41.04
41.39
41.74
42.09
42.44
42.8
43.16
43.52
43.88
44.22
44.57
44.93
45.28
45.65
46.0
46.36
46.73
47.09
47.44
47.83
48.19
48.55
48.94
49.29
49.68
50.03
50.37
50.71
51.05
51.38
51.72
52.1
52.44
52.82
53.17
53.53
53.88
54.24
54.61
54.96
55.34
55.7
56.04
56.38
56.72
57.06
57.39
57.73
58.11
58.47
58.81
59.17
59.55
59.91
60.26
60.6
60.95
61.29
61.65
62.0
62.34
62.7
63.06
63.44
63.84
64.24
64.59
64.94
65.3
65.66
66.03
66.39
66.78
67.15
67.49
67.83
68.18
68.53
68.87
69.21
69.55
69.86
70.19
70.52
70.87
71.2
71.52
71.85
72.19
72.54
72.87
73.22
73.58
73.92
74.28
74.63
74.98
75.34
75.68
76.02
76.38
76.74
77.1
77.49
77.86
78.22
78.57
78.9
79.24
79.58
79.94
80.3
80.66
81.01
81.38
81.75
82.1
82.45
82.79
83.14
83.51
83.85
84.19
84.53
84.88
85.23
85.58
85.92
86.27
86.62
86.96
87.32
87.67
88.05
88.41
88.8
89.19
89.56
89.92
90.28
90.66
91.01
91.36
91.71
92.08
92.43
92.76
93.11
93.48
93.83
94.19
94.56
94.93
95.3
95.66
96.02
96.38
96.73
97.1
97.47
97.87
98.25
98.62
98.98
99.34
99.71
100.11
100.47
100.87
101.24
101.59
101.97
102.33
102.72
103.09
103.46
103.83
104.19
104.55
104.95
105.33
105.7
106.06
106.44
106.81
107.16
107.49
107.82
108.16
108.51
108.86
109.2
109.54
109.88
110.24
110.6
110.93
111.29
111.65
112.03
112.37
112.75
113.11
113.46
113.79
114.14
114.49
114.87
115.23
115.62
116.0
116.42
116.89
117.33
117.81
118.29
118.74
119.24
119.7
