0.12
0.43
0.73
1.03
1.33
1.63
1.93
2.23
2.53
2.82
3.12
3.42
3.72
4.02
4.32
4.65
5.01
5.35
5.68
6.02
6.35
6.68
7.0
7.32
7.65
7.97
8.28
8.6
8.93
9.26
9.61
9.94
10.3
10.62
10.98
11.32
11.64
11.97
12.3
12.61
12.92
13.24
13.54
13.86
14.16
14.47
14.8
15.15
15.48
15.79
16.12
16.45
16.8
17.14
17.51
17.88
18.25
18.63
18.99
19.35
19.7
20.06
20.43
20.77
21.13
21.48
21.84
22.18
22.52
22.87
23.21
23.55
23.87
24.22
24.56
24.89
25.23
25.59
25.92
26.26
26.6
26.92
27.25
27.58
27.94
28.28
28.62
28.94
29.26
29.57
29.89
30.22
30.57
30.94
31.29
31.63
31.97
32.3
32.65
32.98
33.34
33.68
34.01
34.35
34.71
35.07
35.41
35.75
36.12
36.47
36.82
37.14
37.48
37.81
38.14
38.48
38.84
39.18
39.52
39.85
40.2
40.52
40.88
41.2
41.57
41.92
42.27
42.6
42.95
43.3
43.65
44.0
44.38
44.74
45.08
45.43
45.8
46.15
46.49
46.83
47.18
47.55
47.93
48.3
48.65
49.02
49.42
49.79
50.16
50.55
50.96
51.33
51.74
52.09
52.42
52.78
53.12
53.49
53.84
54.16
54.52
54.86
55.2
55.52
55.86
56.22
56.56
56.9
57.22
57.58
57.92
58.24
58.59
58.93
59.28
59.61
59.96
60.3
60.63
60.97
61.3
61.66
62.02
62.4
62.78
63.13
63.51
63.89
64.24
64.61
64.98
65.37
65.72
66.1
66.48
66.83
67.16
67.49
67.85
68.17
68.53
68.87
69.19
69.53
69.87
70.21
70.57
70.9
71.24
71.58
71.91
72.23
72.57
72.88
73.21
73.54
73.89
74.25
74.61
74.94
75.29
75.63
75.97
76.31
76.63
76.99
77.33
77.65
77.99
78.34
78.67
79.04
79.39
79.76
80.13
80.48
80.81
81.13
81.47
81.8
82.13
82.46
82.78
83.1
83.43
83.76
84.09
84.42
84.76
85.1
85.42
85.74
86.08
86.45
86.84
87.23
87.63
88.01
88.42
88.81
89.18
89.55
89.9
90.28
90.63
91.01
91.36
91.7
92.06
92.4
92.75
93.09
93.43
93.77
94.11
94.47
94.81
95.16
95.55
95.92
96.29
96.62
96.95
97.3
97.65
97.98
98.29
98.62
98.94
99.25
99.58
99.9
100.22
100.53
100.83
101.15
101.46
101.77
102.07
102.39
102.69
103.0
103.31
103.63
103.94
104.25
104.56
104.86
105.17
105.49
105.81
106.12
106.44
106.77
107.09
107.41
107.72
108.04
108.36
108.68
109.01
109.33
109.65
109.96
110.28
110.61
110.93
111.25
111.56
111.88
112.21
112.53
112.84
113.16
113.49
113.8
114.12
114.44
114.76
115.09
115.41
115.73
116.05
116.37
