1.31
2.75
4.16
5.58
7.14
8.62
10.05
11.58
13.02
14.46
15.92
17.35
18.76
20.23
21.81
23.39
24.92
26.4
27.89
29.4
30.86
32.33
33.77
35.27
36.75
38.23
39.68
41.22
42.68
44.13
45.6
47.07
48.56
50.23
52.02
53.61
55.07
56.6
58.15
59.7
61.14
62.53
63.93
65.43
66.89
68.25
69.62
70.97
72.32
73.65
75.01
76.46
77.96
79.44
81.0
82.47
83.9
85.44
86.91
88.36
89.81
91.25
92.68
94.18
95.75
97.32
98.92
100.45
101.95
103.44
104.93
106.28
107.68
109.11
110.53
111.94
113.28
114.61
115.9
117.18
118.47
119.75
121.03
122.31
