0.25
0.6
0.97
1.31
1.68
2.04
2.4
2.75
3.09
3.45
3.81
4.16
4.51
4.85
5.22
5.59
5.98
6.36
6.75
7.14
7.53
7.9
8.27
8.63
8.97
9.34
9.7
10.06
10.44
10.82
11.2
11.58
11.96
12.32
12.67
13.03
13.4
13.76
14.12
14.47
14.83
15.2
15.56
15.93
16.28
16.63
16.99
17.36
17.7
18.05
18.41
18.76
19.09
19.46
19.84
20.24
20.65
21.05
21.43
21.81
22.21
22.61
22.99
23.39
23.78
24.16
24.53
24.93
25.31
25.68
26.05
26.4
26.77
27.14
27.51
27.89
28.29
28.66
29.04
29.41
29.77
30.14
30.49
30.86
31.23
31.61
31.97
32.33
32.69
33.05
33.41
33.77
34.14
34.53
34.91
35.27
35.65
36.02
36.39
36.76
37.14
37.49
37.86
38.23
38.61
38.96
39.32
39.69
40.09
40.48
40.86
41.22
41.6
41.96
42.33
42.69
43.04
43.39
43.75
44.14
44.5
44.87
45.23
45.6
45.96
46.32
46.69
47.08
47.46
47.82
48.2
48.58
48.98
49.4
49.8
50.19
50.56
50.93
51.31
51.69
52.07
52.47
52.85
53.23
53.6
53.96
54.33
54.69
55.07
55.47
55.85
56.23
56.61
56.97
57.38
57.75
58.15
58.57
58.96
59.34
59.7
60.08
60.44
60.79
61.15
61.5
61.84
62.18
62.54
62.9
63.24
63.6
63.94
64.32
64.69
65.06
65.43
65.79
66.15
66.51
66.89
67.25
67.59
67.93
68.26
68.62
68.94
69.3
69.62
69.98
70.32
70.66
70.98
71.34
71.66
71.99
72.33
72.67
73.0
73.33
73.66
73.97
74.3
74.65
75.02
75.39
75.74
76.1
76.47
76.84
77.23
77.6
77.97
78.34
78.69
79.07
79.45
79.84
80.21
80.61
81.01
81.38
81.76
82.12
82.48
82.82
83.19
83.55
83.9
84.29
84.68
85.07
85.45
85.84
86.19
86.55
86.92
87.28
87.65
88.01
88.36
88.71
89.09
89.45
89.81
90.17
90.51
90.89
91.25
91.6
91.95
92.33
92.67
93.04
93.42
93.8
94.19
94.59
95.0
95.38
95.76
96.17
96.56
96.94
97.33
97.72
98.12
98.52
98.93
99.32
99.69
100.07
100.46
100.83
101.2
101.57
101.95
102.34
102.69
103.08
103.45
103.8
104.17
104.56
104.93
105.27
105.61
105.93
106.27
106.61
106.96
107.33
107.69
108.05
108.41
108.78
109.12
109.48
109.83
110.19
110.54
110.88
111.23
111.58
111.95
112.3
112.63
112.94
113.27
113.6
113.93
114.26
114.62
114.96
115.28
115.64
115.98
116.34
116.73
117.13
117.56
118.0
118.45
118.9
119.32
119.77
120.2
120.64
121.09
121.56
121.99
122.44
122.91
123.34
123.81
