0.13
0.42
0.73
1.03
1.32
1.62
1.92
2.22
2.53
2.85
3.17
3.49
3.81
4.12
4.43
4.75
5.06
5.4
5.71
6.04
6.39
6.7
7.05
7.38
7.73
8.06
8.38
8.71
9.03
9.38
9.71
10.05
10.39
10.75
11.08
11.42
11.75
12.08
12.39
12.71
13.03
13.35
13.68
14.0
14.31
14.65
14.97
15.3
15.63
15.95
16.28
16.62
16.94
17.25
17.57
17.89
18.23
18.61
18.97
19.32
19.67
20.02
20.37
20.71
21.06
21.41
21.77
22.13
22.46
22.81
23.14
23.47
23.8
24.12
24.45
24.77
25.1
25.45
25.78
26.13
26.47
26.8
27.15
27.49
27.81
28.16
28.49
28.81
29.13
29.45
29.77
30.1
30.42
30.77
31.1
31.45
31.78
32.12
32.47
32.81
33.14
33.48
33.8
34.14
34.48
34.83
35.16
35.5
35.82
36.16
36.5
36.83
37.17
37.49
37.83
38.17
38.52
38.86
39.2
39.54
39.89
40.21
40.56
40.89
41.23
41.57
41.93
42.25
42.57
42.9
43.25
43.6
43.94
44.31
44.7
45.06
45.44
45.78
46.1
46.45
46.75
47.07
47.38
47.68
48.0
48.33
48.65
48.96
49.28
49.62
49.97
50.32
50.69
51.04
51.37
51.7
52.01
52.34
52.67
53.0
53.32
53.64
53.96
54.28
54.6
54.93
55.24
55.57
55.92
56.24
56.58
56.92
57.25
57.58
57.93
58.26
58.62
58.96
59.31
59.68
60.03
60.37
60.71
61.06
61.4
61.73
62.05
62.36
62.68
63.0
63.32
63.65
63.96
64.29
64.61
64.91
65.23
65.53
65.84
66.15
66.47
66.78
67.11
67.43
67.79
68.11
68.47
68.8
69.13
69.46
69.79
70.12
70.46
70.78
71.11
71.43
71.76
72.07
72.42
72.73
73.07
73.41
73.75
74.07
74.43
74.76
75.1
75.42
75.75
76.08
76.4
76.74
77.08
77.41
77.76
78.1
78.43
78.75
79.08
79.4
79.72
80.04
80.36
80.69
81.01
81.33
81.65
81.97
82.29
82.61
82.93
83.29
83.68
84.05
84.42
84.79
85.14
85.53
85.9
86.25
86.6
86.98
87.34
87.69
88.04
88.42
88.78
89.12
89.53
89.9
90.31
90.7
91.05
91.4
91.73
92.09
92.43
92.78
93.15
93.51
93.86
94.21
94.56
94.9
95.22
95.53
95.85
96.18
96.51
96.84
97.17
97.51
97.84
98.16
98.48
98.8
99.11
99.44
99.78
100.11
100.44
100.78
101.12
101.47
101.82
102.16
102.48
102.82
103.14
103.44
103.75
104.07
104.38
104.7
105.02
105.35
105.69
106.03
106.35
106.66
106.98
107.3
107.64
107.96
108.28
108.61
108.94
109.28
109.62
109.94
110.25
110.57
110.88
111.19
111.49
111.8
112.11
112.42
112.73
113.04
113.36
