0.31
0.66
1.01
1.35
1.72
2.07
2.4
2.76
3.11
3.46
3.81
4.16
4.51
4.86
5.21
5.58
5.97
6.32
6.7
7.1
7.47
7.84
8.21
8.57
8.94
9.29
9.65
10.02
10.38
10.76
11.1
11.48
11.84
12.19
12.54
12.89
13.25
13.6
13.95
14.3
14.67
15.02
15.37
15.74
16.09
16.45
16.81
17.2
17.56
17.93
18.3
18.71
19.11
19.52
19.89
20.26
20.62
20.97
21.33
21.7
22.06
22.41
22.77
23.14
23.51
23.86
24.21
24.6
24.97
25.33
25.67
26.03
26.39
26.75
27.12
27.51
27.88
28.25
28.61
28.96
29.31
29.67
30.04
30.43
30.8
31.16
31.51
31.88
32.25
32.6
32.97
33.36
33.73
34.1
34.46
34.82
35.18
35.54
35.91
36.3
36.67
37.03
37.4
37.78
38.15
38.5
38.88
39.26
39.66
40.04
40.42
40.77
41.14
41.5
41.85
42.22
42.59
42.96
43.33
43.71
44.07
44.44
44.8
45.17
45.55
45.91
46.3
46.7
47.08
47.49
47.86
48.24
48.62
49.02
49.39
49.76
50.14
50.54
50.91
51.31
51.72
52.11
52.53
52.97
53.39
53.81
54.2
54.62
55.02
55.39
55.76
56.14
56.54
56.9
57.3
57.68
58.04
58.44
58.79
59.14
59.49
59.84
60.21
60.56
60.91
61.25
61.6
61.95
62.3
62.65
63.01
63.35
63.69
64.02
64.37
64.72
65.06
65.4
65.73
66.06
66.4
66.74
67.09
67.45
67.82
68.16
68.52
68.9
69.24
69.6
69.98
70.36
70.73
71.07
71.42
71.77
72.13
72.47
72.82
73.16
73.52
73.85
74.18
74.54
74.9
75.26
75.62
75.99
76.35
76.7
77.07
77.43
77.79
78.14
78.5
78.88
79.27
79.63
80.03
80.43
80.81
81.17
81.53
81.89
82.24
82.61
82.97
83.33
83.71
84.08
84.44
84.82
85.19
85.54
85.9
86.26
86.62
86.98
87.33
87.69
88.06
88.42
88.78
89.15
89.51
89.85
90.21
90.58
90.94
91.31
91.7
92.1
92.52
92.92
93.32
93.71
94.08
94.45
94.83
95.23
95.6
95.95
96.32
96.71
97.07
97.43
97.82
98.2
98.58
98.94
99.32
99.68
100.04
100.41
100.81
101.23
101.63
102.01
102.38
102.74
103.1
103.49
103.86
104.23
104.6
104.95
105.33
105.7
106.06
106.41
106.76
107.12
107.48
107.84
108.22
108.58
108.93
109.29
109.65
110.0
110.36
110.74
111.1
111.44
111.78
112.12
112.45
112.79
113.13
113.48
113.83
114.15
114.5
114.84
115.22
115.58
115.99
116.41
116.83
117.24
117.65
118.04
118.45
118.87
119.27
119.7
120.15
120.59
121.04
121.48
121.95
122.39
122.83
123.3
123.75
